999995 9997
581486
367109
190153
499560
556726
723217
28242
625313
499450
45977
765965
232447
116716
331768
344486
149935
641314
701922
600471
849969
222530
457294
889600
792558
464361
118779
240119
341402
431296
517271
282819
822868
989607
20986
267257
464889
181202
543749
318819
148954
437446
64725
717162
135826
831953
8269
383800
184489
244209
981972
955101
773800
259980
51634
786668
457658
869813
943838
986053
736998
543554
309926
102985
215760
56628
459619
419783
222970
522960
778186
879316
529383
449744
377955
563894
264690
270885
403162
295655
650051
738777
806511
367531
700776
758188
346516
633571
625263
731381
16575
188391
248818
250189
109923
647743
424823
18617
649000
605685
60687
218657
963447
188521
82366
142333
787865
751723
388749
804622
368603
673191
605985
424715
718297
884767
241894
117210
337522
253582
661875
870173
434827
175815
160264
903606
919616
777690
284889
799696
216712
931965
487611
375352
257150
892952
119917
127857
836614
729023
770180
226093
901133
888847
947994
442610
219049
176010
161017
125962
328925
126471
501048
298037
615008
284216
958625
227734
854975
152742
819180
380203
609162
663470
658860
469921
376090
846892
654402
456283
526051
18271
148975
711957
642651
196903
674720
267095
51666
666445
922725
986634
997164
553547
472486
773221
136834
52976
445436
404942
771570
459677
630909
414859
498802
481673
47943
498470
784718
402433
352641
295561
287441
537331
978298
34519
631392
86017
404346
450016
732461
921033
490170
589100
704318
72694
381149
606043
838052
671263
96827
412951
140546
889669
544879
100928
441361
993468
369614
375747
133613
949512
740008
862289
201196
170745
909831
23645
302901
881766
141197
613600
333383
278298
372922
35337
61587
123410
836352
714551
159166
674319
673871
611750
174595
865830
499088
296386
783065
489956
752724
584560
947962
705951
654534
602379
466592
591026
529131
278675
741014
599182
292345
693610
514245
734116
924827
413836
742764
961850
830866
930186
738163
889746
82944
580507
203939
20750
686331
888080
817870
955236
163073
75188
566037
757494
951008
621722
121507
329940
340976
130336
178833
45295
934204
432519
804951
75504
891852
824019
547718
825860
570023
553451
255237
633799
486067
204487
302302
424033
945795
409896
194685
325191
76262
414797
327669
347850
455079
366845
12138
99801
4722
852659
749699
171669
329139
122667
137722
264411
209941
650649
715862
350020
550814
159570
527522
157673
661266
11965
162889
59837
404669
910921
574599
996283
400541
186853
12725
418728
167355
555586
12733
364759
819650
124889
488173
676942
692062
599430
629321
71505
52867
88247
489637
230679
890992
654154
853812
343793
612917
761136
224362
554415
369741
73609
538108
584333
649666
640535
529587
399880
717509
357747
495316
162084
460321
743402
581012
859366
207035
484379
613284
959962
130079
915506
927984
140999
908173
578867
609293
652100
432102
277036
46814
153652
468998
581941
742341
933319
365744
590152
853626
249136
68376
825767
49414
173463
961923
583620
868142
719344
293875
678448
922142
219257
234557
519703
969823
895990
948939
667086
90263
316346
406956
538450
937751
950605
43233
739593
328289
374160
792091
564555
215679
742446
470060
575380
451781
46282
955629
811922
593640
311972
124749
105096
419648
348951
40665
171115
747529
867552
467937
649569
608866
790376
383026
14829
828063
363043
787643
338101
578027
233507
796080
206550
540528
13918
664029
716282
886129
964921
153945
347559
406705
349575
390781
703474
783008
692482
151999
547434
150407
649510
356985
310116
837813
444425
373613
253203
398004
860983
643428
775019
821944
592531
41994
922315
135372
345857
337223
32795
412853
472038
86058
574569
612639
54248
318654
671585
535103
320950
399240
508177
638171
972658
524168
791237
405111
511397
420132
715098
453167
944232
939400
422090
595970
295711
413875
780813
628307
208804
826148
414529
688754
539861
83196
303691
673822
260395
937204
959450
326715
166913
388006
119104
304419
869796
722942
149809
738790
283166
702459
863444
550462
369924
783576
243406
48800
209628
688380
663204
156804
551577
70987
537049
936769
891477
513972
984279
960686
767265
594032
12272
468759
408168
296704
926631
190111
90767
631239
162749
161628
556853
899283
499494
874090
630062
704787
663572
599122
731747
457628
662262
806180
341306
819694
792537
165700
572118
269739
166213
752696
941498
722099
763601
714504
101549
924379
482242
847042
767499
180561
382672
235878
331126
798458
349739
361523
679053
544274
685874
842843
549211
302054
731787
298078
353475
82097
470456
639934
770455
499942
211820
489325
569656
856326
878497
291802
66706
988569
116907
151325
329044
135090
443555
357995
752481
157357
902817
79478
911252
597293
260436
710317
647631
213261
586021
928947
211962
834005
188217
599174
889883
597467
257781
271028
960768
900204
246694
185314
19904
673154
965493
366860
666613
920783
616406
603362
311534
813219
496432
849893
388494
4715
902392
873570
569868
266870
849060
758511
679076
971300
571837
228167
869813
433994
427048
610222
298864
642386
725763
668738
957803
426209
241178
458816
548620
704476
614921
821018
289312
43503
654263
125908
317643
394628
560044
403526
924832
545372
454267
48252
195594
514048
186611
876424
756958
845350
290760
432260
245521
523294
134280
87032
791254
7855
759867
657106
285721
722988
651156
978383
453538
176242
672884
117835
778120
773938
733030
677236
146262
310981
293693
949882
670807
60593
717768
527955
526625
366859
580152
326411
792394
651720
494985
888647
229085
788110
714605
269862
645848
862217
741184
755985
4923
450387
458673
169140
699450
669973
840486
535104
501521
428484
117480
443824
522551
491666
401142
520988
154002
218694
148474
46832
363762
71426
527951
907744
911891
294742
699991
746915
19252
486248
260762
392186
773455
126170
614730
382417
88799
522080
839209
688111
350383
38091
683287
527684
967251
924479
703832
517701
935448
541226
182904
263547
169061
277746
393742
896431
795821
11120
986592
993268
833543
516448
750997
777910
664686
845443
777788
495366
508512
323231
91825
375043
653821
478291
155694
654732
559961
916831
254866
723946
59781
880381
666458
563425
805429
984189
686584
306982
786370
424064
45357
932573
218725
760573
974007
801368
356025
242041
205128
6767
803652
511622
484949
269721
732798
458700
755622
422373
984398
921210
25867
358975
429570
922987
89912
701154
110242
139039
677523
324067
622166
321699
322031
320612
922240
491867
218586
942787
243020
802123
611494
552460
79541
112275
797350
638220
277054
482914
659745
510631
92985
988892
761718
375170
732420
482127
413706
100218
263650
191958
807594
146977
8760
341305
261572
808766
474003
278164
855867
119132
635656
974534
256006
531319
929297
128642
318119
746103
603900
521360
149904
870619
196889
724043
661221
427764
762264
732490
279868
603875
141124
610586
430982
521851
2416
767169
582559
257500
601442
60989
144991
778839
204637
531148
279075
981230
911373
184201
714826
515644
166998
934149
12523
163019
606061
487824
307766
94573
990650
695725
473921
476132
915986
647142
808185
523906
643897
578435
801610
299833
894539
484661
288764
246535
677679
177223
289316
705065
277099
414064
151690
433056
315159
643923
188019
446555
419273
852486
849994
345719
388034
975790
636800
652724
911956
355029
349183
589656
842256
746961
7798
154815
720867
475394
739325
317769
785797
411754
200462
646662
948217
606574
657740
705714
301128
558713
670221
116477
564158
305480
432459
263360
495063
744303
226765
242085
705684
855431
106597
799145
508627
785163
887061
691010
390630
70396
753811
103737
459594
637823
318279
516801
744423
594908
744982
669387
540372
244787
655780
93027
87251
203551
876295
11411
743869
975896
731317
276333
479297
853920
518856
408173
940009
543872
996616
739965
571702
496975
200018
126008
275552
522950
677481
669179
860906
898681
276559
445461
119873
849501
943585
259927
694025
976842
609877
55277
29356
933566
129110
712238
622930
407052
403359
630519
453062
260184
289379
659689
954666
501639
612067
661252
152321
609444
628641
226385
595883
615542
584916
848166
556913
274152
584178
152846
538932
582999
849489
631574
530490
904023
601867
682205
587269
938971
199641
670171
267889
855309
888370
148131
167851
929193
496068
335966
297004
174758
675108
455882
328145
562781
839969
541803
807865
596830
779166
897881
265440
211268
29982
467862
781586
183050
496289
995246
986092
508012
462536
3549
641829
482428
111134
306658
942376
551850
885784
971199
401450
341837
559919
395978
744590
668928
667263
447971
526982
745267
30634
400033
296076
236598
485446
752362
993600
310843
535978
887961
948803
323301
605342
911736
253247
324539
744155
953525
527184
148322
148294
677282
88545
439472
602714
731806
317765
615354
16137
402793
575185
419692
540565
781686
372461
423744
379866
353693
625417
557373
283342
25511
722977
511355
892982
262703
835318
642314
567264
187358
354085
832930
39659
198550
608495
612649
286650
921299
33405
727874
277892
64141
778855
265679
860246
71077
345352
381366
887794
290593
205137
657731
851515
752595
526893
132688
685174
543533
59824
71944
128060
200630
952790
634700
10583
508074
785118
682902
95317
571168
367970
118350
653951
68867
938617
297003
789688
140779
214677
266133
625004
451643
401370
797483
866269
594428
652077
448408
929589
142650
670935
172998
766320
343133
115957
326469
762081
652382
212135
258667
599647
62876
516186
76287
774025
440025
88136
568486
527039
896176
419579
736823
329166
565001
344519
848019
677928
7717
815840
436820
905017
882044
869001
226266
888415
435458
314225
503982
51139
846190
699456
95627
794833
428618
868585
710441
564277
244099
2897
98854
67996
713937
378454
158425
790502
418123
198075
851908
823281
381637
763819
560030
214533
799502
944346
281621
491721
332474
361253
914998
746383
817125
969473
707072
687241
477293
739042
840417
365483
498232
959004
43584
855220
130494
278986
56242
32453
327490
979900
758245
737499
288808
122512
780542
28660
180828
161048
455859
939037
736797
328761
38387
133738
400455
603343
224243
131325
170486
342312
138271
301203
327448
741962
117760
677750
780522
118191
819989
742345
858336
633520
408007
716047
986271
501819
827865
578533
842074
890736
480562
982998
262275
711570
913236
472094
383813
237282
506689
916538
248441
21577
520112
895937
371882
905468
268920
820419
585408
992453
657899
952051
794376
349414
769402
126598
166468
847583
715109
899059
661765
996373
499939
40488
747458
842639
217948
798972
601925
8853
502615
104251
106037
725975
787704
943295
444007
280201
599910
463266
191737
637564
800821
968654
357529
136301
423220
870947
958212
44126
505591
822091
363125
466051
118687
717053
819080
558103
599345
986185
281336
253255
859236
614664
918767
738146
520065
624157
435856
732609
541737
330949
659758
218765
956322
555112
677646
642431
298188
96925
177669
766790
329433
219580
546306
296775
699834
581319
705531
112315
251766
45504
635135
449609
783126
63718
18715
651770
215075
874842
476255
173703
276417
592163
401872
370782
12792
360926
512237
226872
656317
160317
829332
584476
650168
496749
970613
628253
912598
189400
300336
342885
746173
684321
707684
417254
150573
850016
520528
599103
681068
5265
338043
817839
409831
9049
371098
487865
993542
602797
216199
280801
328257
836769
856999
312182
781337
335251
86729
126689
530234
359320
475631
85716
109253
111315
469346
762029
867927
491730
197397
728520
678441
567109
95305
691512
894570
336613
499556
263830
260904
995294
961540
798793
198648
783707
144749
613542
653092
686336
818944
618567
477885
695420
645638
840044
152512
92112
161206
572565
481954
213517
607035
932049
811254
471983
30594
392143
202795
972136
386943
482096
970340
931519
207105
200109
941470
252250
767919
853367
828801
14015
597381
974443
130439
362775
580147
683482
51388
254954
889802
366574
40186
783436
467645
822917
668831
359587
792158
96870
749081
854591
239007
55725
774535
913769
418306
399985
5395
49124
494078
200182
771642
788220
640221
242732
860374
111608
467984
437050
174342
646360
471851
287140
201275
599859
283907
963084
217358
215880
801169
821336
563273
614055
56025
317460
777504
234201
36846
130922
849141
748575
534007
978766
361213
227974
485933
33501
835613
551706
230496
80223
161965
536790
528974
549004
595341
28385
222949
340782
441492
241240
908948
928475
213336
971126
71279
559764
738690
905495
700447
513974
426819
154284
542675
272690
660129
294553
775496
152253
67377
676828
85021
415964
256081
476312
832424
134855
434326
988756
240323
98057
235957
968630
304190
887306
978207
386331
439536
824861
527069
841521
712575
880039
923291
11283
870213
776859
930623
934647
284629
483718
708032
639127
358370
985766
878844
600261
897811
741621
372346
791769
455984
508305
547147
631760
670195
281722
270646
959549
175518
944773
825251
287998
762166
841146
739514
967864
62893
900047
901149
573528
206017
125646
598944
773557
550299
234690
461841
184909
829832
976755
616041
226194
780265
203814
764727
783253
592088
69272
310088
579416
342385
831360
83578
503164
893357
611744
727897
787499
614104
117439
282986
858212
681536
772589
68331
872292
646988
926404
525197
453123
416994
804525
284925
895681
789856
653301
363235
162810
214053
89960
45496
322746
490206
16358
724229
688434
725208
579993
677651
810750
965329
573169
536833
650625
584482
349694
979112
709138
684517
808224
6671
630035
476340
242304
21744
805682
853775
889452
793687
815371
146554
825026
328208
103940
344440
441421
595321
169069
921428
129053
50140
667184
757119
932858
889417
270762
551793
896495
26760
813947
562343
526149
840763
248701
448180
306860
852819
200359
509352
486459
625171
459282
623564
405740
334795
574404
744412
498155
675011
824839
910107
708368
964235
237287
330074
486158
600093
989860
266284
700694
287154
497032
106776
789905
787811
705769
240813
210640
298405
649501
88200
787564
936455
104456
909790
872188
239907
271962
831787
318163
25595
770685
853437
154963
431659
864379
475816
499282
477442
773551
988863
681958
14429
123579
384456
787979
513096
67139
325256
808065
733037
385437
592194
382592
957587
920541
957902
682064
139128
20266
489048
313079
997613
287385
867441
264728
842349
816529
437966
817552
645876
275038
340766
25705
688830
638063
265828
852663
915940
123633
79971
291817
995886
889953
819446
835494
961495
355080
315758
469455
221825
578218
27972
964611
683947
2215
491701
613708
699796
998465
163121
717934
562241
78247
335779
66891
314561
338662
238622
375090
708814
696651
385589
139127
251107
731199
740284
661885
405589
501678
283629
53635
194002
539376
128109
864576
623927
319620
409080
629391
606408
913491
801833
11577
282414
191001
662468
423802
967638
901671
471325
970273
246429
193843
469639
308063
98192
650611
123225
556583
323365
718164
321430
697851
951151
481374
25255
4944
757427
101869
415453
912001
498850
875402
459582
396352
977907
788178
216401
381843
593740
655915
126662
892145
604850
414767
1274
683825
932323
899822
410956
871148
966004
494758
705941
618110
501100
365331
949932
317871
628972
599726
639432
805782
133407
470397
197753
59393
702470
204879
882378
527324
56060
107164
925070
698599
910587
606559
435996
775025
554721
827574
846307
341421
693972
572231
438039
741974
136872
185272
815861
465745
841837
633112
12093
220290
821326
268989
284615
529633
408690
179588
566657
631253
433161
712546
958175
166524
919703
769589
610385
659985
32999
716634
848228
65063
118628
310073
399920
717345
859529
867534
158441
881219
762147
21768
986701
701683
414172
787929
696295
780346
214593
347340
479181
783123
566819
904963
752268
456848
846913
213134
586824
183020
811515
870708
637768
729095
493817
304653
762327
171253
51027
420184
323226
57253
472982
265918
508438
754006
539182
702108
867756
581685
920247
982881
665802
774701
859882
367504
581783
529575
444687
361036
748226
400730
71718
951357
114048
87437
357480
257388
641780
218648
397069
332437
904399
87154
978477
476938
234129
410484
84610
306480
693774
103219
774364
993838
790510
733816
324120
557857
32773
808822
332348
807367
142760
278286
342507
564905
980241
688444
423249
92902
7798
221190
59953
224061
433251
454612
657920
558015
1970
54811
935085
227973
779912
766476
490897
163875
167660
8153
878073
482728
816386
97862
575178
622096
78578
635725
360577
99361
119547
852449
722051
327194
840126
796031
101426
744799
316657
73741
969862
634814
551252
492435
956957
387403
943499
347480
515649
645866
44197
299035
894908
722250
832342
744162
513519
906749
968543
344232
180775
811326
221168
899301
993710
685800
535964
74615
155536
723779
25551
579119
406210
736139
492088
271851
233655
211386
964607
329289
542866
705051
131882
45218
266
704399
482410
54419
841872
600076
424953
772433
536446
162913
656288
625904
328550
971958
567193
211456
351480
568930
533405
865824
696334
724602
525144
255891
551031
94258
587024
504535
281847
712205
389520
56675
120115
229409
233882
959602
937998
533715
604269
482685
449789
408656
604047
33752
58993
184771
387600
142935
486461
916395
4702
879477
261165
477281
911359
443007
132718
109982
769237
827964
473538
386800
55187
398390
778603
244187
433054
929993
442025
737853
801842
177362
92209
432427
427517
306477
901162
887371
590105
596085
448534
529945
733419
656278
917299
316390
191675
38567
625480
974068
185399
518973
157141
290171
928456
524145
645908
866722
368699
140220
85543
996894
296637
895146
894664
834350
299682
37379
346483
825085
313989
347383
889463
450393
331496
613045
831099
689939
156765
776140
334558
255481
976315
414153
186708
568679
902621
660306
336090
660504
585546
884302
770711
655120
445963
457315
908021
267715
79411
706971
303288
793598
902118
731535
147567
395010
167317
87256
722792
102399
66754
488785
709032
838561
750415
569822
997747
946872
746928
439619
454942
158937
447754
240685
899353
672359
30197
164033
413405
25888
437436
410513
988413
757117
808174
400269
420577
406936
54186
127085
320579
295367
120953
930344
77162
634935
834728
114570
623826
970654
138800
784990
897843
639753
952390
987281
952067
929643
847514
740640
782553
879233
232330
835558
68804
216532
753876
331122
188482
754597
188803
531442
64726
678230
177581
846726
631746
545429
775862
351794
963167
500449
946060
43284
397609
149423
792905
766508
317318
784877
558608
533937
588162
162019
136479
489483
53113
827588
136211
86230
886385
81115
339740
140014
61674
8827
723491
297198
665472
671985
90978
112240
295254
454358
759164
369106
322342
777577
672612
500329
370547
878503
781423
958481
964245
109338
512065
177036
933305
269039
684657
321116
827355
803728
285920
373300
288138
324115
93899
225677
56263
779571
268771
356539
47432
801333
673421
358593
723286
181411
868162
55292
803267
189160
435879
192868
216478
444016
537036
727868
76257
360821
368414
543479
375272
763199
505090
22653
45207
120834
942109
282013
2637
8102
20440
27748
811511
804333
321225
933205
632676
360109
43019
157567
202169
339352
338597
126028
682556
213530
581090
974077
365358
432211
553625
121986
367687
123231
112299
290321
662447
786168
959241
893284
9053
834346
780670
153890
610363
513492
154278
473512
611589
679250
310937
557985
878219
151110
47625
553507
842539
876922
831642
977744
592116
939990
410607
545056
788669
519884
48378
79481
452002
278412
843956
585082
121262
283844
458606
200491
414526
509284
975818
202981
547797
145225
549440
447079
945765
451659
957170
623764
679210
641709
169811
508474
97753
336613
571077
929654
691655
460985
518410
534281
912697
57635
522184
552801
411666
392822
438830
673119
908808
895683
722846
821770
703620
929652
963292
120123
651633
129077
642315
534454
288423
50804
296387
770936
664809
188368
35376
780077
372307
975546
680213
829878
184137
266342
616847
482931
714658
920104
832339
969926
508885
543330
498352
390514
13771
143789
897982
892169
954233
437965
453756
478721
739453
819421
107816
382398
658747
543539
329698
996745
791358
513175
582811
212481
750809
160141
167593
624340
611983
309027
977518
484183
627905
582698
853539
464113
633217
862948
903191
263088
352658
555104
362521
841482
185352
921999
322169
600268
419549
550577
913316
134987
247468
93490
354916
289382
396189
788408
600513
109570
668088
899357
191121
956822
193085
147253
320056
475524
735023
400908
46276
332607
965787
385126
54700
645723
223297
929108
355125
799638
903322
326255
835807
913833
300071
705536
643399
569003
406834
924946
947877
526121
915468
389198
769245
78975
412320
366619
192218
369548
558207
834333
475746
465352
861383
616175
276170
248782
504942
594368
445943
200813
573896
73841
644282
974804
942231
957196
301771
250932
26491
248654
317852
737742
590025
546913
238306
344509
790779
609745
559235
486621
705590
777179
234732
205881
635202
25570
427323
288642
596771
691360
33440
846860
544429
451253
540608
890696
23491
974608
328658
265961
160196
774188
614236
955721
116413
173033
856017
152573
397507
978064
587440
696599
691651
405117
324472
443730
240087
35471
407791
880217
90449
100542
381971
831141
969006
189232
788640
424375
922725
551576
56276
566126
328377
532627
506178
60172
343394
312170
362364
160128
382030
48662
52514
782553
740373
729939
17783
828447
65073
518543
711176
61644
963174
146163
457397
774854
684241
959500
371442
37562
470991
548985
588911
664746
870952
502137
647911
171326
29190
714937
980583
884493
740952
867439
121713
74552
833099
123977
422536
434631
264488
853617
769771
490570
188027
183176
53072
554572
100881
492926
898517
649624
124381
544217
491393
426464
401434
788634
148473
470818
576829
549856
668137
555880
334561
192274
386093
333458
6382
94515
295138
676975
337056
231358
549290
390441
594323
434153
165811
279781
345403
947689
763033
646361
386870
730562
727571
107281
511031
56447
291435
272979
19503
365276
617689
219935
153425
986189
142740
884709
899837
308205
104004
475303
954996
209928
393596
746793
977967
76196
621873
520422
651621
527444
549048
138800
483175
66636
848795
644601
722750
208985
504632
346121
255916
301285
8085
90277
835000
160512
926993
2113
553992
865478
343034
669607
43124
520649
119425
753540
461802
577858
952932
784428
2280
349486
688741
471977
281598
675790
432387
197266
695494
319400
579883
483831
535637
551625
5325
151037
430228
568044
294673
541635
458138
824961
95092
685089
107958
123668
361111
509261
105959
286049
522058
245260
20668
562911
369631
983730
466884
495527
770120
935598
678168
811248
142721
326256
194449
75606
13540
9395
420139
246220
854309
825185
848186
977887
845482
447198
816815
513619
165317
963493
768213
262957
899690
719453
112209
716784
691811
13491
963071
176919
806697
81435
213777
889160
372120
431392
639706
560020
175974
998122
982450
910274
549362
774408
254511
872516
545421
546672
826915
275290
835760
113017
214331
372956
489616
894149
856066
378300
75171
161068
606337
234015
328221
198171
93531
219498
970220
596378
585678
631053
125952
528118
508173
696404
190457
294477
299811
88542
925519
654573
864481
889287
27936
448148
478426
619524
404947
804640
646746
951
916625
795439
67859
443258
400679
730797
560943
861025
382054
428779
538906
316204
987865
690949
368211
154935
237604
907874
746953
761511
59257
187330
53843
787695
93846
649026
473308
732157
594096
561903
585700
42685
497337
813542
26658
492900
58412
795938
765935
445565
265275
167879
533555
756193
628140
111391
929960
493483
832428
638185
796827
357234
176459
221774
496539
659745
676726
531900
850832
3282
216750
330145
622922
334078
139948
649059
592456
882414
242597
221893
468935
608670
209884
755967
116763
166881
156222
49963
823915
70121
80394
143888
636197
696201
726772
660180
100413
7476
555772
245423
112255
375168
269852
554335
948554
696491
615805
531210
978524
71911
989720
838675
994980
670285
707951
159630
583992
51178
675545
755472
460266
136539
583034
102142
235554
227996
693142
645308
658721
951400
740864
716936
968586
776848
463575
437748
634485
810235
802182
993540
424532
881550
870054
18046
437820
565406
373349
941039
464383
660964
284513
67546
795501
831214
220175
842574
396964
555708
155287
225436
179231
286169
817297
348762
950933
711024
347298
669504
525957
332740
589512
632705
369407
140956
676137
463561
114016
24751
411476
79238
256104
708995
327474
269178
349012
422567
182162
231070
51924
210349
103181
269403
463325
786231
540504
964491
270863
90988
685582
402103
383159
266713
38612
117270
874179
588631
361244
250605
267045
5422
338982
41435
411704
330825
895700
189264
469691
802134
252087
803566
809210
675266
500523
631648
935097
761504
680783
5270
930744
327532
84151
478970
272835
578307
787908
446487
294834
21371
227868
116431
21397
371564
953497
104290
573462
296715
578358
555139
852533
227724
338018
149833
752730
660557
598218
567250
720462
863034
118028
976094
84105
665864
865862
911987
209884
65281
710662
459092
205165
693677
366195
200
586683
825039
553356
925205
58743
473548
463491
595121
305240
316587
255219
547266
489378
627480
497853
396964
976250
138658
186448
142093
645983
772522
196688
609040
48960
475166
822199
592092
569626
967171
342581
833023
711730
86079
407327
363610
595343
536744
388994
891045
764819
288578
758384
844679
446880
562874
965171
422262
469310
338673
269300
474821
153275
572287
461689
351551
626075
873431
437136
889551
166181
210009
138028
577993
388687
323960
474336
552255
306848
932173
443588
480806
564188
459318
823857
596088
421651
3567
493550
90372
405616
471497
643611
848547
875090
335097
890992
22021
150200
261642
576605
261383
259157
946297
336658
520231
807123
837659
373196
218500
947979
88070
717800
210897
948771
983362
181864
444501
376641
310795
617481
409316
509361
609333
574910
486542
173100
12962
435768
81568
844866
445632
625479
992140
522094
255503
564197
806922
558133
986520
602329
255600
389948
876951
304937
338945
843107
847359
98735
755710
489194
194611
476039
612951
352065
943835
661948
657369
111895
826879
894205
297466
839769
153659
239603
499801
210598
421870
176444
237355
88437
370921
9499
543998
355808
327520
552064
386256
867446
113221
409134
502076
448892
488305
626367
76006
931672
91768
431429
621173
319328
103744
287487
720686
312365
404576
503017
344558
585193
833836
197750
302959
404479
262934
511532
22612
405803
586592
560979
240349
604354
411281
798284
396324
5412
172812
107146
479124
501654
650677
182736
825967
96874
363265
485773
913431
879477
125992
335183
487611
584171
133440
509497
477347
26535
286991
64048
10125
172723
131002
939193
507497
115313
683462
334194
275324
766375
651130
752074
223896
650114
4548
82656
353925
779974
654881
84167
426677
238897
22433
148213
799952
746444
615741
288570
756352
192808
350548
881185
776272
847252
229518
800901
115265
707320
176439
249884
733888
245197
272734
753346
97906
628882
379473
510109
617667
348394
144672
528702
527715
60982
693514
754093
821157
384396
878232
695838
448065
313533
824749
905323
363133
913323
654759
17964
165052
949496
684805
975615
8552
158942
107988
475123
189765
932624
149314
650870
306554
286571
952273
492310
177685
130261
2095
521914
768173
6734
720253
814629
212880
675080
975091
526818
656418
133466
645107
720883
34627
939679
44230
421112
111372
976175
972559
517016
54153
127937
391367
342302
582969
693968
237789
500803
259120
737035
692451
785094
794109
991342
292403
839203
353524
394051
642084
553720
706759
784163
116620
49774
730669
821031
874632
507792
213707
714810
701835
27558
126860
932455
692026
168078
528613
645421
538712
808849
53479
318978
258431
498605
497023
508129
495959
513237
355103
621384
171922
431504
300997
141196
124948
155349
491305
548639
573336
950992
280012
989963
675334
267684
389817
543947
202447
802908
840791
801497
356829
525946
968694
352737
61627
146204
678713
691880
632285
818291
675139
996457
597140
712799
783472
215003
577246
449889
638652
906112
558239
292192
951625
311804
591121
424204
286145
219422
944213
607266
778700
268842
995141
992401
516701
495537
699534
897654
353505
65114
302251
912293
783610
351186
67282
777107
127312
736024
194089
108221
681353
772190
760977
181247
680557
633410
490220
673280
885187
104230
364995
472119
359721
710531
644775
405306
540984
976781
623717
15954
7042
210928
555641
318013
452985
664127
529566
800539
255723
390058
721384
818694
667119
637340
370084
908607
113281
148613
31033
493906
297552
311158
144220
913650
805707
706422
721898
694515
694115
239651
7974
514564
105074
695852
290573
361535
298269
264579
659544
975533
613276
303612
392288
784161
785264
370358
824160
187548
724521
339856
13747
231382
340149
249542
248735
417985
239270
363508
454632
648618
165288
832710
866497
64633
852247
242703
902910
860743
567038
286685
41769
980586
987197
779251
639117
972946
219248
234975
55036
186398
701039
276038
154753
910791
451230
204360
238466
35923
630072
176266
719967
290921
657861
551504
422043
152225
200888
153430
185674
63789
179479
373533
600460
699978
578658
280952
55263
619829
249215
156453
980932
810763
75430
160375
111058
300472
855427
165334
822087
227659
991116
137012
130677
505421
616898
830162
724091
485543
109803
981972
478461
837572
18430
631259
280163
193500
324062
669456
607109
977018
604529
238188
249628
235752
109903
128242
754700
225506
978794
906037
662683
957510
825030
96249
372232
912782
706701
382999
517011
652160
53055
457107
66854
106218
469419
833147
976416
916180
466336
687618
95941
315129
66319
528316
231624
688207
930077
295030
697163
131181
113842
312991
433413
38646
820360
373020
789712
996313
538357
96119
358225
26243
778763
655302
831839
539551
210699
873730
716416
188010
376219
695758
869862
174157
320013
36307
263307
478927
408766
53997
63787
896478
334579
964768
123176
727813
797859
615261
224721
477943
647272
169012
986372
925779
317885
423569
149218
491575
253295
472896
89679
913670
623547
657014
785707
864458
57877
999573
140109
284894
299768
624119
518186
897541
661553
961093
592272
570058
906773
910150
102305
944198
720709
506161
939473
19804
243008
52309
39020
188945
231036
129982
928705
552259
298550
372693
420959
217725
331560
400067
859679
681504
621658
847940
536663
321159
476886
1943
378068
493462
71134
144462
767861
722180
75331
358640
423095
985627
177140
198174
564922
169450
940597
327883
239644
337019
583134
967624
535658
587960
154624
730885
615043
924786
291573
239427
932620
728236
189314
716655
750663
153859
686045
614916
74053
5540
384741
215716
428512
416058
552495
56908
483656
970483
131537
987149
382960
745060
572173
625506
784320
102457
355093
12866
37767
983637
9001
281819
630973
867275
149231
243020
18550
529569
563974
888530
217725
230454
657014
946451
100873
976634
619284
786207
144428
67523
546341
170088
504093
217090
344799
574264
677848
162772
677982
61195
691122
822042
389575
975478
692570
737849
813720
56387
84281
766119
131039
912971
826818
701605
462244
191305
357366
812846
704505
178563
638329
62608
210454
34869
214122
127139
285687
321396
795448
195707
137845
2006
813252
931303
348856
635743
588600
904080
161600
48768
250131
270973
873297
376910
297282
468155
410076
3735
755377
207366
720731
584124
197750
122812
972326
39620
520434
2287
656350
139328
246543
654277
621309
38981
310331
112268
736124
940780
725010
58115
358459
857935
273764
58258
33035
320367
379990
449722
877253
741797
610661
487270
924899
83538
845797
668724
293444
396533
7383
992390
416424
800766
382683
268697
739612
469952
999732
507552
218170
229433
216918
833603
671696
446525
673893
343491
555061
995067
17651
812357
985148
209750
365500
181271
927099
910809
295704
312922
288377
775963
266959
589806
294956
564044
759466
547351
931148
953503
103189
883770
413082
49079
913028
869171
635561
931138
285945
388304
282987
974792
431727
594522
827305
49656
206872
426941
949363
126146
100247
48450
14815
260533
579446
599124
111699
408477
348446
527771
813999
25574
989964
163756
274034
953474
670042
121900
466189
661441
67731
595172
405523
515732
459344
583065
946982
382980
934612
627938
334455
538817
51161
687297
13603
549231
844092
356886
348392
519717
999051
777615
788479
866057
170006
208799
723076
550608
877077
430803
726647
549272
155101
852139
152766
166834
140210
439197
64684
702194
79577
361232
304660
879999
828547
548870
98785
411515
759768
201317
970060
25096
150494
645641
889671
315402
537119
850860
534924
800559
230077
330301
241966
647734
167613
127542
742485
630156
553524
74467
55707
12377
271808
534335
970571
225629
900294
398471
397641
391413
255637
192053
496291
978985
793691
762685
889968
141219
862127
174805
470746
563337
756227
113699
264184
980304
764200
314745
576416
871218
904893
276743
177673
222817
858699
792525
589881
669259
671489
635777
640724
761626
171812
79864
322538
598143
683170
792638
651608
554876
536032
50631
661956
396745
88369
146662
887381
619933
448825
326857
686544
479355
863248
586183
548072
788614
773157
176071
76168
244901
883831
733314
701905
727628
190028
526380
291395
747067
798989
433422
729218
978104
563186
915688
243998
604222
989414
430696
712726
18143
626156
441463
431400
278067
147752
421215
871802
602279
651766
27463
757691
99886
265046
924932
388407
881767
14299
573823
513897
673345
58649
667966
222348
59594
804448
806910
240138
532701
126756
416618
763507
584134
907222
895350
442342
185368
364721
454514
418703
135337
202954
148636
386170
917711
428301
144286
480844
907369
801585
364728
440802
993009
279007
265182
878015
941605
470355
643042
695251
120457
96689
68035
650174
513885
665078
729234
819852
324143
94533
238976
251102
829929
825154
208198
395583
590892
21618
213307
23264
532839
842455
111672
183884
925885
388192
530945
443240
776561
864277
756861
59613
694958
698816
174825
985381
869250
840475
882485
579817
382497
228545
83695
701347
740413
474969
398656
410951
143814
127288
280685
863183
735760
491754
317001
87219
780942
887516
309064
267584
493654
375592
677410
822688
20721
460468
916606
49019
907067
997517
537855
349826
224104
556005
179943
99351
424964
785337
343644
7128
905586
911284
510338
441629
196998
349263
242554
548478
691650
563393
232265
155694
815443
722840
162220
396917
597158
411116
676219
703260
658255
629329
716204
315453
748564
600969
977142
750126
87178
433696
255145
717589
932887
522677
19896
833178
4801
690366
629393
90212
601326
449248
223163
469836
524462
446894
479535
251507
206432
106785
103200
557594
756917
713719
121227
416548
1750
709210
808844
161325
967674
760144
340724
293221
682826
243050
69173
35993
608902
146712
667527
681142
498485
37433
245239
482434
979814
654120
940544
296222
711305
904466
427260
383868
519440
518843
234179
793527
536161
385138
768704
520783
985692
635606
460750
211111
935783
885909
498645
511864
24619
636881
215641
307452
902199
741142
303818
978615
883777
9545
681604
515169
102992
486537
21759
781326
273601
658871
658605
483662
21274
878711
836460
424051
630698
580000
35622
433336
968271
446102
417926
976249
286959
547047
270818
794073
597439
606325
697045
108742
298405
980016
696467
850591
799014
635167
217184
91646
937662
399648
715061
367365
103895
22347
253910
851938
103984
130394
203002
415749
975778
999227
144245
438308
154719
161642
688273
875972
620433
273599
516862
490955
912129
327367
118505
336651
191043
256738
364625
563982
849477
214359
285846
364483
518512
317843
150883
398051
710270
459181
225032
366772
745628
851052
390922
490947
64583
344021
151070
519447
494015
190167
399984
563711
556358
851585
752941
483226
442763
656257
149253
770002
845591
589192
909728
880585
447644
273285
421223
746333
499306
242231
145570
756183
579824
936926
705846
850854
335232
467123
389858
493409
712979
71729
528874
188323
972083
383969
859072
909692
537713
61769
153793
268924
590342
79007
126665
503248
132193
989963
848759
398599
157471
777064
697408
73906
467904
471193
159950
148541
621438
594141
652591
190676
479425
614394
882725
501497
826473
30300
182495
228717
577142
398770
672005
522560
154962
612994
72539
948352
731800
999288
483287
652082
149379
351010
459506
838798
509795
846606
285689
968378
618170
909179
424257
699260
688118
456599
738428
17873
979486
663999
237336
180047
327864
314624
772157
60353
846682
50338
323877
256363
435190
349700
266544
826966
109477
859375
264214
857440
588656
783744
265514
138639
14692
397922
396606
123655
161834
391021
421557
982565
459
669295
838477
14295
20103
452976
610504
894415
287827
985888
992581
238627
820528
943590
908181
743926
483648
673604
854500
732928
293741
730420
370351
271534
698668
778296
687874
156129
136714
826488
307340
973697
934719
934390
883779
126733
395349
978165
994762
184566
744924
805816
70653
173654
465768
124206
11748
451670
420811
759442
791175
623655
93239
511102
648079
553254
210263
681135
312509
898011
997615
499900
71639
754943
320182
94618
386311
941078
4208
349639
197589
153376
707800
993281
24922
753415
809007
512572
450662
204476
914526
45106
610124
252110
757136
226323
862000
784007
446242
80843
900901
930980
263460
438135
191924
378069
453949
25614
756577
43283
754254
346369
20056
251199
718685
684099
641768
279620
258835
94402
994191
689731
194592
39442
229527
163657
30058
402095
679324
668056
614074
976057
669106
638354
822593
169969
698250
535468
908918
586477
334742
565326
707882
341262
105127
571219
451312
472398
121855
110017
554687
557012
183422
505469
368651
700089
607088
235333
554128
389324
109639
353761
436033
320317
638574
776381
418128
187987
174235
162702
300375
612932
172857
818995
130155
825578
501135
514483
40022
466289
424851
354677
377193
876235
457248
887914
313786
551650
647263
434629
41816
13226
193393
223617
603299
202722
105874
295526
383301
660498
8037
291039
302602
160496
67088
179684
786662
183340
475258
704941
658859
593529
864157
822281
208533
153335
528334
689014
818128
53848
358485
828286
698791
472736
940363
934291
480061
278600
362421
411762
626822
393449
893326
149995
915478
997641
839941
220178
491363
715751
576997
154488
350681
157183
951634
216413
442786
701921
9103
603985
972453
219695
260390
841080
896768
489928
518141
706665
57616
450170
664203
927855
868228
42341
580268
519867
981077
348958
872489
94441
904447
915607
951651
678002
106251
641289
492329
581847
746282
384861
287704
648845
811786
483653
41045
764612
96369
709424
690603
865871
158474
797204
451509
804658
123229
574139
876493
334281
950275
888325
886600
171408
580176
991712
903792
558380
193349
766521
929203
837
667953
201199
653995
887957
207001
819802
464174
516097
19966
347812
506389
631332
890454
757696
818653
982397
439066
979190
898080
532723
899345
982063
977160
918772
264746
643290
710747
461582
735864
795857
937856
539404
499685
123061
675518
411567
6425
110001
526383
647153
74536
93057
237378
156803
350794
558522
233700
451963
879862
233133
570527
163082
796566
182107
894303
36774
444130
84400
686070
601665
542902
90237
271251
443627
386673
182579
823473
563343
427435
762051
864389
602592
24512
253917
567168
820407
580244
896104
508196
576196
761967
508817
379730
734188
18818
969169
575636
841992
141933
318353
493017
155827
187887
914232
854447
585933
687764
808799
348696
417912
698065
577862
412247
229205
914636
159356
29548
764673
767174
867078
16893
661180
139317
638215
372962
818353
118185
745898
928467
901130
967246
662122
708030
929441
337658
491707
129320
161383
585820
414596
407639
508403
948603
871617
308574
534556
242808
807959
696976
686580
701672
148953
167475
777526
538783
824333
409845
903907
838563
80049
862028
914805
412491
520756
634205
271100
331575
311484
649293
633964
948058
233589
438341
803983
353197
837933
53774
695765
382939
767347
119059
877592
479644
430778
120283
831667
945521
603130
663330
497738
382250
197644
569705
851341
401282
411797
364775
237650
10621
683005
924061
932874
436411
407053
786407
937397
521453
170028
917273
318304
257804
323586
511023
513700
456922
93807
758046
887144
38326
55429
370671
477832
926559
726138
61265
330554
86267
239695
96583
9234
796500
541999
514315
898819
867874
320839
580986
682507
140036
927884
594734
944781
261890
880608
192196
195455
453360
142160
905604
735894
674982
268832
834404
695814
390411
687582
945080
257541
896985
820215
693558
554326
20739
506144
376475
980291
824857
192278
860744
681832
864276
656412
115294
813731
434250
609620
274480
738017
206936
383489
799634
719541
627612
49633
673323
829480
450943
741785
460354
706472
837717
654859
500196
544775
503795
180733
457410
179868
515537
907106
949846
424085
459765
753613
998782
868403
881356
348520
600832
211185
77856
859642
808381
800685
568035
884735
323455
485346
810104
679483
759351
54375
35337
955276
405032
520843
384149
714335
539169
250494
884210
106369
83927
471715
193961
88746
662953
15554
449946
751313
933735
229439
2653
527326
401380
884190
303112
153558
789037
551177
711260
165500
439621
364930
537162
917677
154118
306240
197411
604462
333706
141775
971640
523344
286071
938442
477789
870490
80709
634233
649880
687519
393680
491983
698293
188773
369183
388474
260100
589962
643495
798534
705796
731910
326226
22253
358806
247249
914500
673170
205425
753231
827604
696263
525415
570448
492788
216800
757243
765108
687328
334571
826990
891595
147638
572777
116269
672403
293089
66797
222003
994151
280418
735310
669715
21205
503967
614689
782032
932569
87696
257362
975363
773029
876809
595749
860295
176153
929990
955675
654986
264612
537691
966573
585930
862342
347540
960582
146711
263486
264868
78552
312924
194595
414534
708266
70241
279459
599610
68599
902599
270019
373169
723116
208834
542177
51346
557550
968563
871905
738967
287841
361953
304926
713507
878905
463031
12325
318751
348996
572480
384811
856487
310552
233418
259941
832691
255577
482420
99487
314114
32149
428120
138197
81806
178340
820981
10596
730054
780797
880381
129032
852365
307506
278953
134051
980540
427680
849147
67281
998550
176495
273276
527343
339837
948320
745838
960927
394826
709364
355723
414016
204856
509101
725909
522335
699395
839586
269583
255466
445311
642727
274135
945658
120162
797841
908268
430228
695837
735254
162515
715539
624602
416469
679735
430896
156462
297377
409695
482296
284949
48238
30646
738844
717858
742600
120833
288712
700098
947092
134160
786896
477757
644969
336795
683623
685642
208529
995258
670103
964952
699010
271597
507430
673438
617263
477532
514788
637282
854533
567001
384709
512117
999836
5313
666005
470015
348962
443165
209064
609933
929822
945068
103582
701024
609835
874257
155391
611376
883299
919961
746891
49175
250146
167939
4703
48930
192219
561484
558512
972321
629176
577628
816663
661407
393363
452075
606936
781318
701468
826436
235005
320247
820503
262609
498478
676461
126610
671703
960969
755196
537464
338692
838540
22759
862470
889019
179937
520769
959710
239650
632396
430436
714558
304653
976402
894900
762127
984113
785637
457085
564148
755284
22435
651193
920663
6124
114453
997861
247837
103946
74815
896172
985464
75651
525895
680141
311183
691099
65959
412939
933179
687432
278269
829038
109088
849716
823830
202649
196083
672043
481837
820184
975573
363308
705959
165206
715674
33102
249961
886188
435612
995788
682758
110587
118402
264517
160860
693178
681672
472078
655253
542196
361185
651679
940124
253825
787618
538365
42426
903662
444368
310512
524159
993262
382641
980918
923297
230483
39788
968278
914702
34302
757867
732365
268909
397918
131584
740055
484566
18363
628296
444341
49378
406545
17433
404786
644782
28502
22733
155414
251163
396877
267842
934800
33283
430970
24369
933189
89700
334453
491176
282731
635284
701689
334662
619502
952575
556806
2059
679715
495533
554061
883177
57613
858381
623712
740820
948796
932559
934515
956042
430289
466412
162136
41626
587428
415109
702191
565684
587708
922362
647262
96968
622994
510894
59183
34476
494067
75176
311039
216156
495234
567833
47730
14989
171808
850210
619628
225471
469503
37925
680769
419465
772383
813866
11164
607642
334752
603922
522264
981204
652431
214839
835241
228293
390149
518954
783696
420493
584315
37153
685525
747024
974239
819257
253147
437747
479886
850130
566898
60778
40553
320172
623363
6521
256406
490449
588547
377153
533568
555559
35213
689037
723531
861458
124390
765318
568930
70790
902942
946890
620249
384890
632269
282173
671847
729475
337639
669596
180696
890133
573283
21438
577545
944076
735312
393621
857738
976228
122703
683299
347713
990567
345973
934562
83250
131734
613850
512282
806826
817296
890167
405131
193965
147621
906350
701010
552266
8205
539308
841599
901835
608359
120172
607498
42132
810563
826271
911352
937780
496335
426866
383639
514668
387371
302618
424223
747750
194780
839380
862543
743181
704594
8871
620252
370004
424349
191897
802379
880397
713371
74252
456527
872496
898503
751065
834384
896126
737370
12268
365770
979302
732871
150056
712688
362157
225440
528582
209316
764969
893729
586836
713611
588296
279704
907541
397151
545707
220756
478067
282102
363439
619273
293801
397649
346321
809233
10042
272951
805592
889714
435428
109688
571802
786829
278059
384457
74750
478445
704892
819780
762467
770138
955644
632192
952532
246203
464369
716876
561564
536120
685020
960515
542485
834747
91737
187518
274252
693603
630245
339513
594960
460949
233696
363965
646851
390001
884404
944995
210466
357428
102393
647981
745278
338411
672280
269221
925409
269892
881985
182919
61565
700230
539897
260011
434128
671334
561522
496764
227381
608468
972353
835888
451119
603238
760567
788793
963448
366898
131337
374920
467371
303965
363972
582508
143767
610207
653744
24906
404710
34459
32184
717499
103555
960295
702794
932573
422058
761435
903524
902881
569805
963896
713057
739434
377518
608210
54815
304990
843369
346660
520799
941968
700181
233330
536786
891958
111475
868857
821039
963765
675580
547143
50647
507852
19581
317863
142741
37319
398670
426485
582247
899016
881474
422585
783540
243090
898275
337630
560213
165287
156521
724971
395404
303524
186868
27657
354489
358725
72976
693778
162644
979668
239629
694397
181673
202524
526248
615735
763678
168039
156659
295111
733553
152757
631046
49273
557948
45412
12270
904058
95265
275615
556293
875974
689412
859166
145253
279108
769460
662790
521722
234886
47996
210869
894036
47557
872902
357656
85066
874874
280432
930734
30626
171299
821891
14925
98736
710157
291874
890615
397252
601517
72930
766399
964907
614184
929709
353201
499615
283032
735025
15509
67903
737009
790960
705053
60646
918497
120043
133277
512805
881325
344691
671153
788676
152556
547524
278361
549167
722303
810828
358614
863938
86153
970350
813841
308768
906403
486783
727208
897289
281136
237688
43406
736292
314305
463311
334371
365074
665304
61603
239589
841847
23126
920986
452336
774025
998074
3754
186715
654224
753061
448717
905056
60117
806905
48576
711215
503820
833632
75697
222572
975269
954640
579357
921955
514098
974673
958207
960479
465805
247932
823608
133256
430533
377222
912660
282149
296595
746898
84149
693236
165906
969482
236321
151365
424750
686163
322294
190151
690893
802991
507072
733026
876807
167450
909567
759376
148820
894165
303668
849579
133301
33873
614335
463699
323520
46380
37852
590828
274621
586083
139769
969561
839173
437727
339768
424780
392068
50434
779550
991929
721056
9623
688057
407191
18018
959317
7712
230421
196095
941407
226051
337457
579093
853818
69035
769376
862129
746103
955467
958512
126248
968865
886396
164503
604803
772486
749013
548392
845682
811009
851482
688763
890972
148617
873310
501111
104482
789000
315265
460160
317552
452006
963528
744519
34892
307322
844660
424081
544700
641544
641158
92788
911136
982822
561757
412840
992240
36388
216314
881187
822677
894623
132041
755093
928243
376920
165972
480798
397839
27437
218013
157778
828664
252967
329561
540837
581685
318466
464593
833225
136937
434420
13301
56225
722061
968038
332749
94106
802446
889418
444706
608080
467716
924122
347721
888876
226767
525247
268645
374766
232398
700899
578274
356
496598
937107
26378
761182
228837
941526
413370
880128
32269
699924
808969
743917
326515
385266
952671
341379
30755
988330
526482
279957
237144
149125
577282
582869
332087
559999
484370
376572
781737
484163
517132
266665
588065
387471
208454
670065
243195
416632
481408
622310
862192
473644
709910
611020
58309
934096
668447
800069
39723
636061
631664
603715
353085
626689
721481
945923
676744
295176
967598
697355
75300
943670
446657
720951
167176
551742
295981
676777
728188
475433
359735
237776
356627
88472
718527
650290
959173
921113
377853
636709
981977
681143
946485
482299
507548
651972
222794
774273
565626
354293
225173
668375
265004
30694
352138
746730
643292
466657
38349
500428
452929
896763
484709
221308
454270
261520
783848
619626
170361
878067
36743
797742
473071
667123
861863
304741
816524
438900
35149
872821
411324
382289
867306
93553
141838
824502
324302
730572
568871
532422
827624
584982
931316
312305
132754
830755
662943
431036
677509
519604
574248
430035
316277
518312
514335
231970
411877
486201
24094
50828
843644
626431
219479
507447
608549
852007
902466
525518
341548
695890
687327
37125
262018
764304
751133
262252
765079
783318
669944
343314
119726
321021
685934
413582
510148
81050
665726
757494
962245
258005
956522
581205
534280
821217
324135
53302
518777
750595
165824
698493
302168
186733
230875
931150
959372
177190
153153
500975
622407
201844
202403
889613
155274
942431
794847
244930
691805
824869
468683
268757
148799
707682
226365
584238
913686
715828
373093
500562
524160
626453
239730
765660
306577
401573
468388
851592
620631
432415
860241
552685
569703
811109
137628
193065
779462
477684
356341
538119
121685
403747
118974
583489
65963
69009
186568
755558
678845
362743
563259
699017
158141
699530
637477
749906
189538
577091
503245
396670
343316
23763
156449
517096
190900
384114
863462
945595
814112
673466
633300
973173
904433
295518
389551
711502
705229
262041
134571
862881
636819
179555
125999
329453
562413
175133
844439
267931
302388
621972
321182
650142
185009
995074
216128
125092
133624
438370
888630
994832
33532
656839
587739
414260
896135
560661
803400
504103
643635
683160
766406
926672
174480
770264
62486
615570
737894
96464
334673
773416
545266
689
88147
955717
976821
855279
683018
44388
703921
182185
703092
181023
540496
912777
22407
277861
861540
851093
56393
553509
982237
245106
880801
650813
978231
996562
129056
285891
45707
447156
837519
50183
649340
867295
698150
941473
386876
743438
499360
435197
710985
710959
888399
423948
392219
511710
972384
150932
881291
668950
690139
342259
534591
667020
333281
103263
3739
299127
72558
785680
958154
503817
854201
955361
709032
449210
571112
794266
233780
843783
984989
755891
561884
453469
478035
59833
476332
587057
346689
659068
9145
875383
14836
642633
265227
14484
240269
646724
695654
268907
115705
738857
59691
438564
424431
412552
964243
681012
700722
784148
50105
50755
166441
818668
606286
868158
567779
428266
636862
62771
819877
584667
179206
449345
282123
166058
978126
489556
433190
119305
457342
468413
692426
659905
297907
171568
143006
654991
832584
88226
952281
38782
895860
884040
356054
95213
731185
389425
176048
709110
50206
630872
973640
235093
363148
496379
107932
462532
255196
470814
162569
265186
370609
503005
433217
915792
484503
473588
426416
718713
191601
921110
610563
567849
421970
653615
981066
272366
205629
623915
354256
9414
851108
978992
688414
60843
977443
507407
145336
70030
644748
803389
52134
415280
165426
342183
400494
937881
46261
318510
29441
185718
910998
538449
177657
537472
183754
874779
662723
57782
775447
796808
547159
700334
8637
267910
784973
523710
540587
867521
7407
913920
99975
339012
302919
417900
439660
890878
573943
683847
26028
485892
811753
177131
634868
41339
420826
794621
204398
933200
545371
235597
7972
448103
203211
4039
452162
859093
916039
214942
580326
614771
440060
956381
667426
726046
147365
819423
128794
810736
585874
349585
333690
413494
754519
596368
813919
156979
670355
641534
788433
999949
875568
972093
886772
378916
634913
830632
447328
292234
707874
223416
790884
448953
744912
95812
425486
449527
553419
294951
225661
591410
706567
331131
247147
299827
227001
622304
987696
372461
367401
860126
585214
196537
831180
371360
656374
847762
129166
865061
222034
512792
151891
753794
440188
990400
452127
316248
672846
121206
178639
328978
750166
871849
79631
436573
163292
456684
503161
452430
316816
318557
861851
986405
902392
9963
600480
280961
916992
16846
307622
904031
842410
349531
246249
994688
27095
288770
243272
86775
366988
19585
574293
146053
969011
11588
207350
347964
598984
911682
528257
296022
365184
403506
460165
834890
269396
957743
711257
347597
969251
648353
737036
442922
338793
242057
887457
236827
188622
581834
124167
10944
812656
879956
639463
891444
865427
912035
686037
333239
442031
260803
935448
617303
132230
696810
723234
273015
250903
502955
609910
322771
408917
50737
789618
512702
81701
218360
11975
241222
857165
304268
847737
726183
600331
934443
325144
61803
858896
87761
191386
208126
452158
770930
312397
628609
335128
63016
14229
245556
510321
219276
490557
618447
971622
275008
753381
766837
407813
122352
987817
857324
667733
346439
586861
53212
794715
202037
588347
185827
774880
987788
713821
548061
11992
732387
717869
33551
941027
545508
296454
49034
123262
206023
374128
112724
627588
561025
192499
818213
495947
91405
256152
891194
615170
563196
857229
395459
373201
28638
596201
754927
64547
566882
43849
150103
128032
61480
448334
20179
949273
297
181195
856134
141018
753190
437475
205490
926359
33781
557653
826041
493029
283891
222901
223664
961385
532658
690189
388472
914350
877094
180053
403889
274495
106836
507414
744849
681630
153032
54570
504149
423643
979808
225574
490120
404042
256486
592467
124093
591522
649693
46383
332780
890078
856722
400348
178503
392575
565003
55598
799332
536371
367237
539571
341536
766484
287765
951243
958344
929964
982928
608263
621884
774562
866669
480399
449247
605418
382377
315095
479000
365439
392893
713445
351042
148178
192887
798733
140578
426453
961259
534678
676072
85597
565926
196846
31398
687157
509390
978205
524000
257019
460646
218608
473737
291338
257505
288018
181175
604343
483126
724574
69467
103968
721515
831156
700516
574457
378993
567856
424022
69477
522090
242864
747084
574957
527085
200491
122370
187770
462331
432654
744507
174558
31805
798913
117160
924384
596718
330165
607386
989601
261826
912442
939197
121193
263987
499747
594871
448059
932801
888682
390396
724072
306589
2658
70540
872457
81739
579744
629379
893918
949394
135788
203746
573103
530697
83198
809864
317446
60286
925820
897592
893039
687445
521664
682007
784151
765315
507719
478680
396127
780770
114938
816852
345860
641062
766476
933799
639658
878058
48571
364050
625260
956859
870997
728707
222910
282829
892798
502984
89828
689542
579053
494156
53048
159864
575731
997492
357556
283378
442189
114328
19775
485592
164716
514300
850886
377821
289505
2830
520146
671393
959765
615364
365247
975773
619214
601401
524946
457464
652963
584245
368621
774974
776880
386502
128032
924912
557764
496689
98528
635210
49245
918930
770065
723732
162077
195568
772843
403973
52553
721616
578016
864314
509051
80329
480848
573235
44268
20772
511864
670155
159463
871121
570928
490005
37111
635529
259892
739412
739615
757741
601317
93298
844296
551239
73987
12968
328648
593569
170301
400205
434897
961576
986342
296651
189183
44639
192278
213688
228237
814614
98980
835288
595186
854005
436091
774785
206206
148028
887498
786213
760967
631561
392033
331863
972423
748568
710430
689929
125228
829467
783931
849578
137140
920975
965658
285536
494050
813342
292723
330204
656794
401486
585254
268620
796740
189370
307919
469983
7122
701093
810166
839235
458439
797495
773369
623154
318734
413699
436163
137635
643386
30836
443733
296315
854059
274339
972435
915434
872772
391499
118065
645779
454567
2621
404260
39820
771057
442934
666909
700571
837169
216535
501138
678502
944682
568988
919329
283733
868711
951796
861811
263036
247066
199826
726263
854588
197458
571870
137552
578190
933810
414854
766612
744618
870483
103845
125164
575002
461993
82822
912481
509618
815858
285300
671055
755187
937487
949248
219957
370768
318564
857325
577828
224549
464186
331330
861858
967306
869018
888859
954780
763065
899059
330494
568824
893424
13122
167489
703706
509273
766927
722732
395197
742074
82753
941877
81433
106647
338881
936906
876060
628322
935584
550961
530481
409601
128240
781145
891863
414910
83150
725100
219253
96772
307955
827513
807036
112688
836071
594304
983169
789262
803368
615101
698993
178565
345326
688718
608143
521466
64233
81687
743934
683638
668490
466507
647816
662163
769899
884134
75861
574156
239847
154304
215946
633522
971573
517680
685190
497980
373273
935373
445361
25670
425553
394264
173402
919176
676803
770649
554885
954489
121352
290067
430096
493431
507785
387807
715645
760295
258616
822397
548892
926907
847534
223514
158154
395057
176733
866097
548557
791232
224379
354026
211589
95798
991048
69623
715782
17245
564020
699283
216666
191863
939591
880944
636004
40177
96107
35658
503515
143680
694224
743428
228688
818922
695921
602520
875964
160691
140097
371870
353465
202037
290098
337758
293636
996096
377352
268807
803543
363147
205275
27437
693276
766080
948948
891294
752789
278403
588577
904727
140690
891165
548536
128283
972895
468643
278853
483268
754736
507349
712272
998766
387028
478927
757553
660136
94739
944694
248497
730839
776372
818090
58173
373545
952762
121011
409167
631844
705976
330973
763155
350461
742123
948300
56952
409744
986298
225986
467163
729282
923578
99608
331914
855883
236867
230670
335629
592718
160564
733946
571650
49299
368462
597897
637487
696069
144910
26945
488838
492728
50217
935379
380989
926008
284435
604878
860058
840479
478052
81130
431524
275069
693821
229733
229826
128311
10842
497556
740325
366966
180181
332969
383714
665488
490736
906800
563002
817918
164717
245633
594502
999157
314013
140031
796768
969122
731893
222472
895226
611212
568906
423307
815296
775541
247498
607717
883061
257796
806778
572686
430106
886159
237044
740178
807932
111592
263074
821225
857371
200861
465870
445322
949752
117079
594441
250544
819070
439086
412381
211977
538216
218884
448429
49587
157386
505426
575818
401322
719026
373404
432188
73261
591255
687309
309967
85830
320483
503846
296543
423585
493963
969936
124221
365798
424332
808846
401881
26028
820719
3619
643385
261145
994780
84816
782239
423672
565092
508680
667644
526116
69578
972189
374001
261874
373223
153073
24098
984559
267090
285700
225617
186068
194717
187872
151265
233419
613240
838875
754746
125378
99134
375793
607962
812127
942262
422874
369227
184681
636957
997903
947972
185512
375132
849850
18291
617793
373982
973667
651898
137918
629618
220979
490410
604424
477996
379495
57613
426163
165831
829317
524202
803562
486678
900950
480719
789013
421198
357635
48786
905943
635622
3756
966402
660808
638757
281401
120002
658257
375378
858783
364115
186917
42676
637051
368900
81755
956431
306150
666476
388660
364914
565715
28900
857909
211015
393609
803792
575368
976920
292549
858033
103782
910676
274368
335620
351226
130281
451833
522672
9759
328479
499501
730766
814562
60220
917989
259154
62305
884781
990108
177134
797232
955861
552672
879700
824401
5457
224388
112819
241773
51158
528103
439043
496310
571507
424758
919870
63951
340391
136777
128165
729340
588929
780201
472106
98393
672151
247734
211557
415250
957778
988986
478415
974936
225701
819515
74399
423958
469317
656911
812919
23363
623637
129985
696068
512212
410156
336241
273435
554168
184736
633170
116391
875875
402297
240482
459611
113025
70922
603264
711038
68484
357983
920155
712174
556598
332227
975956
342454
258732
678261
434727
304668
47367
103684
47250
702768
49538
74167
805850
329109
315106
458027
939918
415040
331363
639434
787071
966950
782686
668134
997751
709294
892411
53635
235159
86766
403856
883095
517759
739716
758391
44659
618221
360074
310648
471828
480482
859438
484493
489437
445745
336679
618071
538140
188559
419301
872216
781819
655740
170965
983757
361141
973732
907021
833730
346504
244128
940525
770197
764923
382406
493148
376413
427937
671531
748555
907238
671398
499958
300230
930221
533071
832627
51396
802490
340214
323931
961594
490546
156912
623221
902645
897310
49652
346267
286138
299230
669742
390191
55240
715997
222401
754754
95556
36372
494928
799460
112917
505882
250131
913815
550385
745600
956230
907156
172454
815948
520760
34830
531294
965461
423507
469117
648105
611646
402329
196108
892013
789575
635734
773890
219631
773558
187383
122705
650317
828225
330226
534389
95327
77575
251767
386210
433457
294027
556987
623360
31468
4227
931754
934679
744459
684344
307084
687816
799561
974836
873393
112860
865692
783093
333950
927594
42825
862151
857993
582870
466102
954607
296532
573195
713293
873100
357655
805487
228538
952210
603173
848054
530948
151343
324744
992192
63556
714151
585156
450410
156305
697262
969221
688145
726121
869567
878798
839915
17835
453051
527729
396230
901603
927116
145012
864160
985637
650568
278354
902338
77488
368953
505234
510250
332777
769591
304950
212033
767187
122695
322627
816602
675686
704150
764951
258768
902379
134022
207473
230120
835034
984580
664558
793801
460264
12601
375645
943890
808477
152958
395231
117972
642158
973951
739077
573
296688
639578
535366
565487
169815
549934
357139
196628
474082
738114
671083
899881
515898
790516
127809
72546
945633
527140
240025
32301
135001
929455
847573
524226
81197
835655
652068
722274
11621
736572
18928
820675
168738
600265
190859
171119
91492
29267
34425
63163
77878
211695
450080
668145
412696
65929
616134
371012
375156
698260
308349
699808
2934
793901
639458
329158
82428
843987
696660
181972
859393
174652
720178
482648
519790
589006
662276
725440
577587
58814
193660
913241
924445
309896
482969
94895
445597
333750
365117
183239
786919
827630
835526
271430
70110
316283
159828
181740
96024
240770
272416
778800
850666
613282
552237
658441
933981
931585
510540
183570
868508
922714
402816
480165
113114
342727
285943
929306
6462
497866
581621
895255
795505
372139
778432
914968
366231
247353
507433
341005
287036
483841
859964
477663
299527
693595
481385
579270
447208
882259
670754
689904
619433
262406
444006
195425
406152
347739
276964
131553
808416
626356
34557
745818
530241
580918
413923
546577
289382
74561
81591
88877
827693
153600
568750
44799
76192
131559
903626
685034
235597
413792
906303
758774
370034
897923
48844
900609
479742
942564
792362
115978
918070
835273
352733
600823
448673
410377
917939
136433
200754
968345
442547
567087
273374
930548
278638
415945
764227
726763
67533
523730
553985
257500
512955
705116
264204
899179
883792
809318
424954
427458
353438
244256
37754
422439
572704
977721
400045
689244
194602
264393
269375
978419
421818
864085
188587
822826
31517
314502
67778
621207
747110
900866
924392
193282
272963
325128
19785
907261
785511
719081
498728
137834
183065
568553
37736
251229
936629
319931
938775
533605
955318
925667
566831
480063
482548
351956
22946
643757
672896
119696
468797
808090
164631
278875
574501
589669
659164
826942
148293
705714
246214
473267
124846
46806
972292
824695
738455
384366
940116
521254
887930
11942
47884
586473
411998
870409
329859
273334
237146
739381
743511
984744
134266
890604
163503
426529
126134
193855
289085
11282
424644
41831
149020
673002
144910
617726
896943
675332
942746
967704
630081
700286
152705
60170
35581
489708
965767
514736
771200
578312
678939
965995
620924
205016
73426
90714
631111
318354
533726
171740
629041
702132
606883
697946
753300
639078
319318
906722
884216
203098
718063
364021
152591
224836
783895
646684
26283
210607
75768
942752
826705
11364
209114
917695
911124
836205
545004
507956
171671
284043
272805
397967
948238
427396
405909
812718
930033
623875
78242
915240
129291
653781
928711
536805
550724
986335
291380
187387
751555
462411
371100
294890
89536
448251
577471
403910
90130
562483
714438
628222
29081
407869
778467
995963
522875
349565
705201
452422
647156
273267
522604
192579
861928
429481
18068
684048
812413
924253
207591
210738
895753
152027
607054
18591
336242
482939
548798
176946
395592
814670
561104
82547
259775
178104
133852
127978
90243
446382
30546
432238
704916
338540
675051
688436
363067
331779
40814
122030
168303
800515
900994
272786
675131
685699
259843
814597
387106
264515
278845
909522
968393
138397
35542
655903
155572
386426
8621
35121
552831
941503
269764
387543
721221
638307
980934
855439
231433
54897
945159
419110
639601
223908
639567
122213
666936
524662
371327
833238
216498
584095
940306
422311
244248
812270
466685
545985
916528
277339
847433
327402
932424
985163
642436
95193
366992
270421
59282
1688
900134
928866
105063
779514
835926
924504
904269
115368
888516
990815
643740
120723
313229
211744
598791
161478
595311
716035
219083
871999
573789
947584
308421
523773
574204
584839
919631
44820
851514
73886
703782
893297
403268
912686
102471
677129
3163
278067
952526
881310
126416
322380
784415
315427
290897
483388
338806
926218
221771
448740
600129
433456
162442
995553
951670
842160
600855
785915
893628
260116
657788
340775
133751
606928
392517
837495
759534
739284
321313
80471
631699
236848
515483
979570
100513
594180
748242
137726
639727
846296
293456
696900
17290
718954
144364
420704
177690
239511
616664
102346
97651
370123
527884
778145
495116
632336
403756
899728
420839
880545
452343
572114
442570
351574
367966
200248
343749
868560
379501
403148
1775
609588
341436
852662
385328
164973
81078
772977
415898
701826
661617
197322
775587
930523
698288
719946
611391
224901
373648
404283
485631
686503
338044
712327
852807
162909
252618
805596
805116
231176
334751
334645
821998
939618
899620
881967
783529
664661
556600
552202
563090
784205
415509
813931
101717
994928
385260
588940
984650
8175
406251
757687
190044
47561
247873
703797
860453
41139
323798
255774
659614
651961
830268
400726
520244
323097
396364
442719
362932
326625
350296
857522
671918
400880
652039
955824
650443
936164
520180
608611
46507
826412
789617
711258
639327
42725
76812
766972
807391
704453
900572
955591
560977
924462
8877
320331
915136
987461
296067
252940
503550
483718
859727
286797
889370
865256
942915
317879
116011
517568
734903
765082
659091
847117
262393
854268
90067
73393
893218
164481
442829
383984
295815
810161
486398
862126
50300
149746
850052
128414
490774
708944
221603
951828
773506
86027
645242
179954
611954
966866
282244
214270
597108
19030
866023
913577
530424
357110
482419
247144
736673
475546
236773
238847
895312
30573
831257
744588
531513
619513
69100
387464
941780
753494
826739
538671
994147
548760
90617
576845
939185
272109
242259
784487
95654
767595
893392
147405
33354
964461
222333
11524
665835
120397
943503
21179
486861
189553
753846
13967
37091
721352
343096
579460
571229
993971
829263
802575
810917
665509
786344
307089
614949
86151
868204
90807
375924
556300
400732
801074
961227
238445
213778
37841
56292
134683
415053
991178
839371
527129
770095
221147
19567
545066
845536
670139
403716
70533
97366
61271
322688
23165
641509
681180
444000
175420
530977
171484
725184
40960
982000
360464
521090
51796
140969
354948
148414
193890
664683
82138
531967
506293
598302
222071
909777
365461
778579
3654
957889
274283
264345
650685
110787
954413
101915
358978
299611
900889
69956
561722
807931
199601
916548
897391
453592
331027
595
733037
845200
887754
180357
315497
33093
618665
253858
624028
477216
979260
249018
780123
888051
415433
385837
433720
161851
937142
588559
889753
327668
148743
12723
864968
151245
794369
170106
672156
799591
49588
884046
317425
760133
244673
488224
465866
29608
440162
393970
481942
440388
292014
394262
783162
875761
941465
847041
559053
40674
243863
186107
502220
400780
511044
44794
574197
880141
83448
645753
986077
916747
471036
9636
512344
515035
506123
966086
976075
5891
936656
912393
244665
327156
155016
758306
357426
771434
305297
519944
469919
313063
841122
581372
144582
822374
716391
729345
143205
702920
782973
684897
284032
746131
642193
4835
114729
287908
151072
906884
122209
72944
19641
784153
951258
585097
452220
917712
636149
985946
583449
170553
162903
218686
538911
251787
774567
280801
310588
476934
307895
146521
278942
818250
506994
328824
136313
438489
698010
610799
170394
832168
428648
47491
351895
160275
677288
941850
437149
357588
18682
132234
344202
116114
696724
593924
390088
903887
899467
53432
587306
765234
657569
41873
89132
766804
694575
572518
46250
603054
245897
417641
591281
55573
333107
781080
403149
712510
231113
15471
319813
597556
898031
916894
765769
132344
951033
44727
339786
161782
366177
460767
768748
608756
456213
259243
575014
692810
837562
268117
227613
546816
36174
342108
251661
496304
101672
739185
755744
228060
100172
174780
103622
567737
638397
281790
4451
610657
635191
369459
124830
505635
401237
570531
436314
278574
713791
693596
903666
700752
980456
356341
791940
356120
774482
265469
824609
742601
993842
830307
660302
454305
647274
649718
672298
234724
802718
795649
812809
965388
547069
231754
423147
460136
900864
151777
211260
272056
507531
499935
259685
588326
574013
444327
849853
687599
978114
114436
92762
365224
677568
485078
841385
193530
556888
891695
126794
477558
630203
295666
407822
291022
81828
83366
253187
32984
971001
878989
685370
532587
553212
578664
307104
847412
77782
572227
504228
550396
609799
909018
472731
480926
894289
985359
553161
647653
531430
183942
372203
213705
763874
779102
589053
269419
990714
337022
623331
403356
717345
786182
601614
919297
26460
310930
901306
