999995 9995
322735
66665
636732
348289
397655
82488
785495
514675
177076
617816
312341
984418
529546
422206
159476
970498
447905
740020
774698
939549
114653
197194
562022
211727
756328
420130
405513
672236
23515
433111
968277
250758
884048
733197
485121
68268
49216
825358
65296
925059
766266
915610
100799
109524
405193
406245
236071
344125
643818
814757
496552
53139
212364
746873
596361
36214
97209
594120
149524
62399
823242
697667
494473
861248
935206
822707
108186
480756
80660
921436
134149
6296
160632
327729
377460
190384
858806
722893
230716
630047
486032
439431
385939
746667
484182
928520
860660
972673
121860
506972
820351
230037
884181
820698
914777
997496
809843
814279
362429
6570
560903
380001
815047
880852
324178
274764
113346
838727
737898
339569
405416
916574
913224
533816
740862
37676
277469
805447
176603
651492
404334
357980
634346
598572
216203
446823
235121
318357
944503
439720
602830
510224
16388
510050
676656
882592
599457
996678
901245
680535
880954
160370
273951
269284
283875
794337
620007
169147
729628
905234
639374
586819
745375
470987
723089
668668
683917
103142
272297
413564
574926
293905
269760
425908
158616
811897
151472
464005
466350
725653
605130
44523
907468
480175
782538
200749
197561
429412
554659
860475
620646
236330
860826
208792
56203
592233
907797
831710
921710
778340
959615
398460
682342
695134
725897
133466
861694
118777
903994
353435
550863
108949
259568
900616
257982
688745
740497
390264
566235
144810
510616
808444
475633
554658
462643
145764
492305
438204
723744
433279
498790
751781
902568
758721
189756
795483
343139
584369
389866
988447
448881
962301
883911
881746
219139
48421
484127
224829
500911
653571
935526
378998
100105
438206
917354
880208
819500
756531
837224
493491
694670
86631
334220
672619
184500
445087
408238
941151
839518
177693
875057
344785
19119
42332
410112
790004
557851
555711
788660
780257
891297
162584
56019
788497
43693
904256
268778
263649
52235
912558
136346
58634
857199
236171
361960
888891
422263
218082
733212
282817
866114
886095
44412
369398
684185
592784
746571
763309
718545
446893
815504
754050
394264
915123
704550
983232
882200
341409
405609
802921
271006
30202
580693
547980
535250
970932
445907
26626
71890
242748
590747
635987
843970
631792
197831
643214
718210
17674
191670
337729
412322
641492
689787
956518
578180
454631
755492
511880
938620
365776
858829
909846
68458
352945
640708
37529
364452
88047
544931
818939
984251
933365
633844
591351
51005
912535
435513
538093
218145
533005
983861
328660
767945
142623
307881
563361
777834
839908
502045
97228
530026
825742
167238
826721
262887
483617
450046
62788
566561
406233
127916
185139
210720
48182
188725
875129
958927
677586
135492
858424
971922
823990
810452
753684
731262
475470
877443
319771
25103
864833
227526
121519
429492
802941
479990
392924
891405
166621
439365
666623
473868
329259
838798
559829
58841
34141
951123
959425
820152
453696
681176
732724
576621
952280
566394
5416
714614
375761
707448
994536
229613
528094
26656
361806
578001
863235
409132
61515
453100
320162
220109
697112
303619
659431
411605
472005
397990
621607
932570
922580
504711
721080
438889
755246
806634
513191
363076
274355
496254
728244
248237
84135
609406
752911
876853
975305
46362
557685
132148
165839
402206
318475
718306
355392
182426
661062
835496
374159
215039
669088
656689
559520
587169
539392
985407
377575
231825
42931
787107
221741
369757
755168
381548
766850
371600
356766
959514
734742
247125
173536
744492
436123
891263
524048
558347
993514
420681
373951
769801
721383
420022
257969
605477
742112
683539
423708
585497
550233
85701
675825
409112
902400
543436
454752
960559
106857
643059
271126
231311
513709
396493
735184
862129
766083
764282
69849
696783
162295
36972
176861
209057
300466
901795
37234
915603
29511
38193
470495
919458
614279
383568
51542
542514
937600
789756
289670
599927
508333
651051
11175
245478
22015
226236
255163
474077
229520
799908
891556
306112
909167
532494
600991
398050
808998
833705
818194
324686
528515
360777
733591
60661
442910
290703
472325
252330
937902
344748
125520
715827
419559
153915
395533
223097
791035
945607
235110
44942
346929
204587
9779
908564
326030
915467
393460
996852
684474
229251
419214
367596
3915
913129
850182
703083
833064
740511
310209
613955
176008
57422
419306
815989
287017
121726
515989
374393
409063
453254
416753
867460
602093
355729
62290
759897
347104
975546
830776
495862
183390
747748
760438
822733
238848
846187
916777
638852
147022
302695
664259
221954
509619
789182
657911
39740
759494
666958
957226
470017
6664
799135
782880
665035
208687
794868
86249
483180
796780
808238
282318
880844
710350
749993
208516
408322
645144
786908
615188
485783
204006
301415
267786
948848
554279
63242
46577
948042
142185
225145
266543
662337
992027
896434
808315
444276
126884
470832
550429
952585
687472
589315
23808
547966
397164
603928
171333
728699
123686
675178
588501
664915
421785
183457
645580
953908
106233
964036
447379
563528
100790
985551
673590
556731
36312
483470
960903
597540
329949
232904
637443
427175
767466
599228
300791
468840
931951
240302
942733
470601
174752
850730
67056
628056
208274
136392
521136
941937
815274
286635
567701
660547
615623
571831
60088
532871
309005
335616
452476
255468
320847
573987
775972
934695
318778
497520
642111
605559
638239
958341
797244
849459
258374
390056
744425
335317
603136
956744
473878
672068
107599
936160
398714
305198
185705
972692
179555
316012
963270
727210
239836
889526
898840
623766
422990
905359
204997
847245
423388
575739
804071
481403
334809
305678
404685
693320
903386
982651
169385
168153
846387
716543
358657
577195
903854
645371
282871
722564
127040
798286
871300
143473
275731
164542
176092
391875
95992
55640
169143
889373
680490
567555
261101
262652
75510
450935
74273
321274
791898
979398
134985
389537
901626
469511
316000
533205
957296
950788
55870
332258
58840
109987
609665
242418
9829
41247
844269
261060
655219
522056
381516
567213
173018
504781
213698
40714
304295
264464
268533
82172
249083
175815
784454
953260
230172
405813
772138
935946
532431
903037
284469
969633
162234
940860
694670
66766
139697
128814
691140
730341
835885
244967
237548
800823
697773
461833
318048
645346
165704
539345
890015
368682
581198
340624
100462
773291
407434
589768
487389
124880
140342
135616
583549
390258
875205
111392
67702
505861
611777
287395
367180
408181
30405
602353
405654
11423
652241
328801
11256
53097
8596
578794
352780
744804
687613
888543
655438
463374
900887
433970
362729
296589
518285
23971
857211
118079
356169
394101
830581
7586
872361
480662
402170
255643
320619
293615
125086
895812
848064
726492
90446
692975
980875
142452
442747
782778
436787
857832
753168
705187
227295
708070
862645
404193
568159
725531
2878
876082
203702
584822
230915
540270
368569
878346
471800
79560
760022
473353
753780
450780
574519
171472
541862
2107
874219
642672
428051
150004
292245
137828
820395
866507
359938
797567
687989
306755
544987
469753
865394
266954
426264
824001
897450
804611
299326
208774
914269
275699
905986
135162
566213
247522
911993
491098
619973
231410
218802
590812
419387
945954
188557
946485
48424
869379
385840
212599
698823
168706
495392
98159
441125
703751
661927
167979
325422
695582
616339
361413
496889
821919
601992
745420
801249
956055
295463
488564
176572
501245
628026
293521
980367
289085
657309
557913
284724
308272
412992
346729
87278
109251
946070
854372
332065
590562
648101
410285
611905
14353
275070
239401
432683
521342
9850
127075
959996
119627
327967
857933
239875
107092
393243
799030
987868
153752
203084
279917
174526
818249
727584
485739
800400
101787
842272
424158
449933
753170
941263
152923
441169
430196
735716
862095
646991
495513
891933
593435
353652
179135
844086
349185
843630
75204
328484
93438
742388
457128
929438
681538
552425
693130
201225
66412
213004
123314
736278
225466
970276
119717
886680
127661
320025
692408
714186
717603
294067
927566
143397
331959
901363
747539
223417
183247
106211
968280
865184
547004
328394
396110
414875
70588
83986
753653
948176
185327
50527
553853
225871
948464
536572
651371
838138
767321
63183
92219
183074
365327
523684
55388
574412
38043
178068
134274
954052
717039
559723
941122
396912
610436
224672
34240
838826
221192
157342
465643
232573
357645
561876
825858
642820
345582
714330
522987
627668
27069
528598
174709
622638
288501
497734
414780
942387
798811
712356
119664
446052
358507
729104
46303
874092
761178
164684
138613
357621
351328
24793
308171
625653
525900
942282
323628
991350
271546
695192
553771
285271
455701
602823
700719
521779
996729
656830
332625
234195
226902
534313
979339
94925
731669
961226
789830
648734
699702
246916
266797
730471
350364
194414
391723
412983
318786
6151
532726
136621
973421
251033
887946
8647
516933
436364
858769
129012
378528
236906
670052
198402
844263
973376
758646
595104
91648
503995
936807
569161
795793
295228
103743
195442
256595
71652
326359
251684
559948
109916
439387
243206
630648
938067
925416
382921
160694
929028
726970
453446
303860
35823
815596
127493
715934
706187
797065
503421
989714
835455
567102
324730
784841
469211
48699
595431
984789
850928
339882
77662
26769
324886
179938
463565
145087
550944
502428
850367
644410
465273
984939
515760
476678
429965
928367
890097
333840
54439
502622
52584
188322
242887
381008
40565
714132
124533
52128
754143
303718
657241
645999
262827
459162
860103
940209
876524
181049
826852
322236
430139
604294
899565
875710
849181
537462
640844
431208
213216
750577
532731
376302
214656
826151
651915
254909
122280
139131
923293
702617
102069
63702
937767
62484
22327
818355
735187
104945
675752
455341
399622
635769
687994
376638
791727
417653
250456
415756
251700
753868
214449
963204
646419
286467
14527
833146
705600
46942
350707
569777
194372
563794
552460
674149
103462
879346
71772
795685
703192
657225
608232
277303
3826
172289
956019
569099
892286
866384
780835
932713
974104
326156
184222
547031
939470
993265
93397
595553
93551
652663
226621
166768
543788
761242
627305
831088
420661
976990
534457
571381
423458
827874
662744
338848
928881
320063
802360
881990
877834
426680
17043
653628
664559
821114
618010
539408
292306
923049
522245
870959
131018
310710
565469
687852
715041
819414
833310
494715
152683
194383
98595
823360
884458
994872
8340
754498
723149
557017
750945
179567
336370
214396
552256
990479
591100
648173
498567
573512
469666
192786
865312
953333
587999
158470
342093
684118
699468
748542
287869
116927
951433
947214
424539
986011
76655
832779
182818
351427
148037
131411
251214
811321
2659
468373
747082
554470
949898
696325
828152
262141
918449
884476
493575
88064
768339
37736
785461
946281
96598
381558
595044
118865
498998
96064
802009
758985
915349
712138
531202
209498
382105
992493
897843
183264
243578
12360
730535
758562
631862
327279
410755
831498
815570
569562
148221
136998
838834
550381
723390
200971
724497
961002
971544
618450
399255
64567
57321
865985
413531
348895
894214
451302
475158
971170
900472
579219
793472
966921
651008
670020
239235
618634
884322
4984
365809
83347
754129
493481
408328
364012
177274
57028
480124
975942
622695
407924
319469
207572
710610
63556
104736
703814
546756
282199
52357
210669
803430
232112
739502
711352
177256
112948
352203
857033
2986
136983
349667
549406
483343
247395
356821
767641
206810
201784
449681
248882
368423
181387
381895
429312
383061
399871
715891
131885
386383
280354
268314
847202
455465
645256
756999
95595
249370
20828
45492
281336
169288
596656
921210
654002
68548
600198
914564
477346
4726
847356
268965
272680
519227
12338
805380
51563
454131
723523
90167
781745
371781
936777
11197
940631
229466
163643
594814
902153
79752
39061
654972
75780
216409
401725
655930
170497
366549
529965
991165
691937
241506
426935
733720
797462
2156
81214
796966
931813
968779
442313
359835
245088
211243
445365
356829
655128
492192
795235
810670
558002
404091
377503
794254
613141
440391
102266
848587
733769
171745
706422
754690
398618
660116
541073
659987
667533
736787
652928
693487
831420
794690
532038
369112
456080
301144
742937
272792
689845
324000
282247
756515
96506
982346
913009
621298
947903
882371
914496
61069
864628
279610
655991
460762
928652
920733
153974
994457
908295
261199
304408
353178
33782
29503
795281
347017
840773
914423
799275
572527
959574
488568
422443
813871
369333
349712
541966
355011
559419
860797
104562
920238
244222
800162
176825
531666
763026
695470
39781
174823
63158
607952
402138
797267
212497
658038
370202
830217
716520
639050
157163
119437
525410
652624
640420
879189
508365
817608
782838
41848
345073
753666
622331
165782
238459
721449
3848
885447
588113
13102
478869
740128
780457
430065
829694
101587
549532
459521
489323
835887
941387
66515
722427
280986
775420
855674
808899
99196
637614
724643
628700
572414
863452
30742
985179
948070
672420
723016
723796
515014
601336
853793
204129
191124
650361
376986
965285
538168
103379
164814
488320
284552
813569
730293
803971
632805
855304
229723
320016
856250
835139
937602
649780
948069
827499
535786
411780
376000
854767
239389
940254
317244
66837
993826
597261
100613
291793
720575
909294
966845
427227
863635
64812
672946
220804
294327
403819
912787
349057
969008
406607
3692
344955
602415
345997
797523
847687
18785
205894
314855
852166
773548
688694
172075
121134
100322
135060
473809
689342
231079
961811
476858
437121
661791
787148
996860
39786
991503
757154
225196
209638
549721
713500
351193
38951
145138
749502
143443
425177
918172
390158
434146
13693
460404
101518
271618
828790
75974
85709
358684
780174
303107
350180
278452
530129
588403
853199
923993
785578
312128
122355
494763
939629
199735
118802
400111
128801
522928
277212
419054
194984
393060
589873
505474
745254
880277
323094
699250
488074
653769
455064
706317
290950
331608
206531
844478
952505
753128
99145
216809
511031
942402
821038
170789
21903
618334
805191
328841
127881
725019
833356
734737
419140
605461
166793
950375
533994
122371
674793
258724
186628
241717
182944
481255
824739
337847
795322
302000
417852
753394
258262
405379
956191
952901
528093
181248
600287
945935
581202
228163
63181
523701
162009
394634
729862
252521
602918
638174
222717
98249
70036
553260
607130
17578
589424
21853
197930
845380
990882
73890
975289
331619
469718
710242
947718
237048
811726
136887
410223
983820
452519
586600
937220
475293
449633
663250
122710
348738
134278
933833
534293
105313
679323
314657
82954
273583
71118
650635
27151
6035
4940
770432
127610
282440
37354
215251
48301
199593
923495
785330
959438
663857
443259
25763
439958
171123
177616
782050
199755
258196
634724
995808
846079
640281
845280
982387
903842
11170
47472
534640
566176
975884
364176
330925
199455
609942
438479
290426
456066
695088
838352
715174
958603
768229
667269
285706
910716
738503
224809
236065
662744
976787
749719
323899
214329
462659
247694
532702
871562
785702
157051
795776
792845
541222
137750
415284
955466
934881
582656
264807
153997
216363
544679
310099
1998
899163
649407
460279
550081
591704
220068
270493
56261
664438
280123
557096
648607
908222
318553
557730
105572
801197
703831
871170
745977
994542
414849
45639
468460
151912
320491
349303
309345
333006
584329
952960
498178
698652
896837
482476
881828
432935
144793
657299
760891
427338
815987
521441
636205
452487
907085
594583
98690
255056
353485
123521
112279
260514
32219
497939
237584
336817
202425
809544
923045
379836
842666
479898
850635
318185
720314
859789
464831
503321
185465
711817
236387
350167
620337
527868
916555
524192
194798
704452
22751
932788
79674
701452
63268
271957
551709
443555
556487
903729
487518
388737
729129
395378
588602
884432
888465
138471
305475
659557
854976
83873
836185
559353
514833
778320
762968
920063
505643
568774
860518
301715
284273
52735
360333
649859
342179
595823
487809
340877
131477
12359
402244
980509
344139
310346
764635
271571
547027
739169
34128
744322
817076
246473
251215
651784
943807
850133
504227
872313
970421
361840
495427
233032
330125
360802
623965
270265
600884
309166
785189
76920
949693
225226
649276
551768
666545
386115
526892
61905
798613
118610
55543
257176
786787
854843
847517
534161
179543
279110
928809
437357
953227
572650
268105
106452
703187
475180
945927
731170
986798
125122
546236
858923
397260
414879
166276
315548
526152
903196
35166
445716
833107
163529
107734
357115
582518
815528
157290
861313
430102
386152
829542
844237
946192
577589
839567
870512
348013
481077
994717
928404
979804
768886
8595
355951
627461
921125
134683
153861
583523
99717
492954
87072
488652
368785
588759
204391
367349
578866
930510
664442
948530
381781
841176
46151
315659
523646
528303
643339
166501
775439
228270
595478
479158
603687
772709
90499
178895
958257
238506
290554
479385
359897
437498
77933
932313
807094
877998
195861
860942
889972
487469
867732
776022
898367
824172
518305
576596
641888
725315
791752
823551
161680
340237
663934
140407
506767
279356
80088
843648
272280
173107
214155
234047
652523
279820
142251
590743
348752
907449
450342
801458
789708
321318
54946
735090
772356
498495
305760
917007
810942
559160
260361
802732
194410
956285
873699
962303
995354
537189
728873
785448
48136
403998
850724
896815
219427
94769
90073
330842
131362
983017
543958
657468
865664
950597
486029
672724
76493
327396
321292
972351
370464
810984
150674
711944
774157
580377
633436
123716
602641
100275
969239
907838
66933
175621
986711
445404
513961
661053
521641
890429
279561
855798
495497
589871
753130
21783
363710
953558
402054
651207
893235
849953
184622
79565
550192
839086
992098
791067
130893
70550
503764
295634
653408
472333
113168
770143
941800
935352
389476
751279
781492
558896
874746
43374
1758
663802
886079
661826
350100
203031
391067
71130
563339
403419
955568
196353
611516
957716
224783
687784
693260
852653
391774
700779
195036
966588
631958
16246
491766
899434
537797
671994
162565
107883
174801
401098
922907
310553
498136
80684
333301
300556
518543
83020
134615
757047
786918
890503
881445
382717
478862
587129
397513
710737
603617
871252
460817
222562
636264
47909
41325
997079
177698
53726
360297
971933
83824
943384
17822
39483
873563
423870
444000
622678
124699
961181
969195
80247
997226
703920
880081
275960
985812
969153
930774
913286
496110
318167
912082
784681
864117
313206
46984
913781
993383
891016
176727
679162
871853
914998
929451
399931
848227
874984
322074
536243
697187
892152
536175
611952
183463
156296
929926
201970
46663
673656
700656
843475
71919
735747
996404
528002
185847
833089
689893
510512
322959
832467
474597
531918
144592
112344
420162
193134
560583
8255
633192
141561
403321
358496
209473
935029
534492
160150
234988
933587
126726
346471
195616
336080
855530
478864
789198
526376
261306
710178
798698
223140
596913
720772
381455
537451
63140
454756
857092
934139
452647
391082
835415
265567
872301
772588
315677
500699
394544
685863
209879
507634
200318
135754
595309
264397
19233
290575
885323
170616
447099
887553
22393
711841
26589
382762
743754
588572
813714
805785
947500
563715
520974
436568
195798
704990
227440
360409
431898
402945
76695
676724
58919
530578
345488
638272
630938
377148
759093
279666
540681
536656
953807
157540
253170
760511
542667
669442
830956
894319
327378
44488
724120
410271
817635
506065
56993
719512
368394
295327
933621
402933
926345
213963
605237
734194
588746
95697
695605
385406
920929
148187
63822
3719
253215
420499
299268
426186
983633
746027
289633
660622
249768
386719
780510
401767
201192
261707
353849
774938
503383
81894
792556
203419
634689
931793
369872
781232
999788
840887
204663
299499
876292
668994
457545
122479
735537
193619
807832
438448
534264
631987
347566
20965
160822
956417
756407
527630
337675
268954
380013
536352
931425
189630
624491
973166
802202
682448
900875
321077
36222
994182
206069
15930
648437
413285
310497
733225
616646
369701
437758
848847
414098
991082
267850
217051
44500
606894
73075
550668
951560
849129
804534
111289
74552
936814
987143
121362
752106
451223
352410
295417
138297
409689
240732
154288
288303
728142
938777
334028
95298
225949
282545
930307
815912
171401
52995
29469
8519
992125
918658
968981
326745
181957
938462
542895
760050
624274
928010
322026
593854
521512
313857
493904
573625
871575
452869
144166
500489
964068
777538
698900
760357
682759
543152
326549
94203
495402
399025
458352
254072
888038
483531
227880
57524
658105
251452
553092
752671
919173
782221
788429
536602
889848
888911
359820
531913
540350
950353
562070
519232
952528
22586
745962
248026
812510
450841
451497
203657
799952
899583
654044
295559
763801
445654
181796
49567
481719
138362
535740
536873
488801
220389
797505
452688
930941
24687
45741
469686
649162
415067
718336
234379
733485
521984
655607
149071
598350
440039
138697
387633
226366
500030
97768
430311
603114
705920
806198
770897
522965
935859
799806
349036
884362
546461
464266
691109
312718
90817
719198
705015
450084
963253
494043
567369
532943
917652
238665
166045
942987
571178
540730
116633
260443
201547
32284
458321
975493
373509
159506
752861
420568
189017
62522
459696
674764
245572
766213
140995
161363
708558
118346
262242
410401
255867
427930
97205
990482
36968
554563
520521
927477
203557
278625
276785
22509
15238
142555
651964
357566
1240
595004
341113
934350
167920
192554
705766
830411
781896
817756
545086
476353
829886
357624
966708
658903
858926
53306
936435
636801
534374
779494
610313
320016
918186
841273
608313
807454
166231
486412
975729
704356
70919
222755
696587
547771
634265
203163
272768
356984
646494
394623
63213
795500
66605
983422
789482
682170
853866
484965
857124
621255
782970
324581
916703
334723
690644
234843
394019
874770
547777
675219
555942
270573
728694
621513
46475
320465
857961
495372
727054
179240
655171
708276
85767
109988
269441
279743
442080
270863
697885
256102
666833
689393
16124
204035
161672
640435
313923
882194
397757
488594
425356
304535
400495
681902
770407
800642
185202
990781
883730
351125
298037
274793
496323
430325
297183
29415
357151
823867
221201
716015
334304
405226
834598
410498
719066
653327
715121
619493
71286
772291
52910
207744
390775
634778
368572
256295
876942
412024
225406
328322
47713
676457
410414
57909
528793
966943
989412
196827
395618
292017
103446
255317
552911
813072
366900
655128
270495
997346
252101
876532
659117
859616
900866
425756
566272
521891
390375
575254
99580
211978
598909
736484
744068
994654
466397
13290
829717
983277
625399
953763
926960
515021
90047
769406
600316
789521
933648
322652
834178
768567
660039
997271
359771
713586
279495
160928
58615
598003
936850
305126
595348
773171
307699
104996
441569
689419
877934
579866
492381
177865
652557
255289
548621
783977
801598
728161
40302
910505
244152
318793
500551
75211
195963
557299
464425
417965
261626
96357
663205
702098
739415
268390
612374
446533
424903
912456
950217
498036
348941
284584
174069
307049
566251
835041
742485
405917
322773
386982
864177
104930
673102
783160
678324
219415
893732
380868
945933
720275
843524
869977
818179
560672
759686
764944
725233
573173
845765
578873
937829
254533
407525
126197
893916
459389
223265
620262
953967
509473
297060
233088
851125
991585
136540
566796
736078
565389
221258
49679
381674
431218
383364
614599
808510
718406
409203
143397
320305
946288
288624
68206
696651
882846
188210
209053
80759
580078
405284
396841
921121
100536
271484
681800
178558
466056
217844
959710
893870
657587
987736
661671
126407
74082
289711
747949
220105
718820
19158
622356
331122
523082
545888
740900
159952
639984
464168
626881
870989
245355
632372
724352
253739
367924
291335
22836
282466
537644
543696
668420
364832
588865
500869
839815
735118
784159
959995
12710
643916
534946
560119
361719
223721
386680
985009
456430
168628
609193
929442
596586
656404
686918
226442
101094
262451
239047
744891
616592
967770
416273
410066
43490
746775
618648
974096
990894
635877
458158
968985
766558
630032
249987
611759
783957
231996
958037
299467
925835
987805
443119
731172
842032
882056
66342
624742
379130
37832
185568
458152
340439
768676
849411
658184
557070
663790
41096
183816
814302
52684
153621
507271
522201
891784
987983
582583
145409
843049
457859
509737
314261
73438
356975
251823
227837
94109
999488
943321
429325
779499
279069
39559
285007
559021
708977
800518
530437
657848
303265
376618
60827
178327
738335
69736
737420
759850
94472
179651
357571
532542
618510
214274
93497
88915
371701
141413
643156
237683
330921
790515
56385
375211
496712
474723
700476
412628
828262
396750
111528
330402
373269
426504
541440
597225
789745
394034
855109
886350
567159
128308
58379
750048
645932
90483
144517
171656
807130
599736
135475
204713
158322
330417
163900
229977
276909
971154
192865
713658
88837
679754
502485
733991
358452
242118
386087
958289
744371
649068
593310
198953
736576
141910
933506
154403
431556
645700
110016
449717
25152
908593
294396
631797
106903
596356
169376
345151
324981
52985
170321
516960
757470
431572
437194
13837
373542
423972
552476
897766
297220
873463
485255
104976
196750
141549
287646
99057
14216
218166
996952
808390
422880
214014
885431
948045
853820
54376
669279
647539
668823
905700
539407
158424
73041
109390
908820
299453
658825
171672
584868
212095
51203
664048
669404
945487
985862
725781
865804
367426
292066
228005
29083
906805
675809
558487
733786
672937
902589
416707
354074
568495
964569
970858
651394
115330
83455
221512
147347
846237
948301
441145
622863
280758
416543
114327
929486
699405
16914
890351
924587
158245
984490
678199
749506
444531
230986
163185
858153
964169
607498
705247
173263
873029
52257
790822
498545
116704
732553
953343
847121
427081
87851
351866
660190
739128
760196
2958
984535
937602
758393
997922
553489
320915
844017
905568
373200
678180
50170
960191
854498
415506
448023
565035
750423
738901
761490
103487
160410
503663
197033
43361
644386
973965
903404
844084
53501
401325
805261
232231
28932
27005
164937
997800
246186
840862
118238
581742
389557
188006
602998
374726
529851
104636
553239
827729
48247
85729
967103
187002
500110
839775
473357
909093
844821
469565
319095
586048
281151
433067
280394
516543
522440
584698
857994
895661
721818
574880
261717
964141
414929
894505
110147
357375
786093
891017
476237
325082
283581
154089
894826
454499
110629
771402
214669
23095
401085
88853
725436
131234
951996
774517
819225
320872
230250
182022
556491
473276
996286
236490
897907
396948
295165
325022
36501
666313
753750
963734
218538
952421
92465
334613
676946
298822
511104
138058
817708
538924
140349
590694
597474
325574
64174
813142
109769
49259
513011
298679
757494
258240
703532
631285
31062
62091
458146
130349
834314
399531
175773
639345
504506
982118
945172
247097
157977
187250
593109
332758
759722
167120
241840
959456
362958
964677
513902
306557
293840
483281
866878
526830
666876
743698
666836
142288
508152
980214
516330
851325
936371
777067
41338
409738
305761
627074
811247
69595
950316
6222
316949
912369
185384
301178
964381
296603
520503
701061
854260
555383
616469
470528
713544
25200
379977
858070
720101
465300
730779
261657
119285
935440
999157
173225
469628
239977
615594
854188
74542
117527
739913
656072
657949
457962
743701
393525
623924
962301
7754
201378
303979
826094
325314
863080
440284
223178
312273
684778
779145
594250
617088
607432
56236
3439
396017
398809
843621
116159
473384
447839
698262
672777
841934
895744
802739
685164
674935
581502
821095
967021
819549
553638
6235
23869
820075
705985
689992
774920
880035
431975
162984
56551
813683
60198
608593
365916
960325
233344
193885
843261
239008
323361
640000
62795
6423
437529
595547
804510
147511
563332
918730
613135
876085
924439
537434
615448
51908
675730
901217
763447
430997
652269
165128
398448
157539
5240
152503
789925
978640
207307
832363
92996
117254
90519
516775
989702
473968
291784
234486
131793
844934
724104
769415
386524
141079
466192
666003
801977
172840
768726
98209
154750
425017
712450
874867
920370
387921
421442
11377
515573
433880
634349
236164
701659
932242
866985
520073
109384
281365
361663
217845
948418
802703
511744
693025
98176
989935
474346
361178
941866
435185
239779
930953
501891
864743
513216
248560
662283
108290
382269
558438
522627
498476
893526
181348
217984
151830
341817
580889
860603
817279
287842
540375
611751
495224
62996
704264
275787
827908
794620
51795
223635
340952
790565
965208
899103
976277
458902
430924
639043
998224
806737
569255
47115
277546
961523
126721
700993
162034
88932
784758
544090
627914
543245
139580
915470
172726
79396
990202
805364
958265
480222
135075
588769
41264
8113
222549
185894
139837
677205
326323
325741
275332
460396
824284
347924
802050
194881
847621
767846
791438
130587
36802
651653
472671
777772
592009
699922
448171
953249
637815
822827
700453
699082
735418
904569
985771
53275
970404
401145
70425
488908
420058
393062
407161
206300
961406
723405
271960
362223
319704
891696
85611
750850
976766
445275
629815
413025
59537
712468
134175
143606
611525
855609
758261
891074
713188
387002
822064
599207
762093
487216
248486
127613
849655
692634
73119
505991
578468
777975
549423
926482
852741
949540
331520
559084
144055
786215
452141
487033
485662
717837
329913
802241
980737
214259
837982
175245
923504
273555
545089
19844
726868
244044
600578
709460
726156
492377
376382
170468
585821
938716
901923
577127
474398
20066
331943
803414
392777
214114
172634
748982
41792
858480
758043
649624
397382
634044
516582
7043
725032
746085
896560
828375
109951
533246
430030
452859
705405
961858
305813
361170
808857
221977
995445
12389
564032
431511
929884
934213
556779
276092
960133
3937
823531
264919
351610
100904
823451
166546
359860
85539
738766
103669
14376
365724
62574
732221
597611
148215
809340
907641
447872
840947
840551
249978
137645
971488
736477
59509
782987
417573
364687
105851
225001
707573
796971
916096
90969
641881
508536
321271
290614
510658
856826
185460
332029
739019
682019
438249
952189
877654
497278
758638
948535
475043
143999
517409
771004
516858
975834
874943
387952
798783
604948
252777
174783
810900
994980
749732
90694
454982
217372
457244
206805
190402
501240
43535
728028
10079
301654
422598
11402
984750
987211
801462
725202
982064
404958
908031
216001
566378
19257
741796
354945
15804
540862
761041
619870
854987
963492
22671
936491
295241
707372
424615
849718
498081
132738
865747
925302
633880
30975
834618
892315
294250
827088
665778
928617
934965
134383
461281
664273
675594
990747
465004
932014
962750
575629
498701
29169
315693
457794
921237
272118
616272
456168
456257
922133
179534
9538
148577
140621
147038
545643
655851
492088
581805
716108
59656
654777
12015
520967
388872
421779
69947
284939
88308
779505
303358
167382
736805
835761
198389
388819
421580
636291
946250
639149
309371
456480
510361
196139
119986
984010
106284
127524
404124
918640
293691
576006
754917
906849
497785
533680
341392
401966
926999
700889
442102
994474
534472
994231
978488
992566
882689
19431
400033
549607
513882
357002
657085
433012
703145
822103
412267
608160
276942
954729
87658
171311
516539
872347
822493
807084
34115
274311
924908
868929
908663
825866
941288
385100
299513
369296
38080
778012
217174
410714
993463
851451
124387
113249
730057
647961
564681
590851
984895
107842
71400
641652
409164
71529
197062
185811
117771
58731
621097
580000
467569
430582
943424
669140
633128
995103
951960
905754
370201
851692
864118
118266
209617
286911
285473
541788
208075
831709
403204
538450
297379
169326
237596
29008
219949
443470
611777
33483
15949
657949
868049
875786
36205
281814
258569
545770
495092
878152
368823
431871
648867
560033
894216
138482
787481
343697
583311
384429
361660
16946
185610
42400
732115
969788
797483
223874
224014
544727
86739
940141
397386
855723
494491
277138
702928
697659
662415
210395
982713
122286
14123
156044
596591
491958
631311
104846
307627
339048
308516
718438
443668
156840
944690
80424
267235
326730
235518
889728
932157
746971
967259
759548
882955
369779
81122
942498
61737
776457
76531
241021
827436
124323
252366
81839
63483
284550
747118
734222
552563
756653
332116
434069
330889
993197
436352
739259
399460
97390
937127
786487
866076
466613
837640
245740
319392
846494
70798
675823
995115
433021
317969
672813
84473
114276
912022
673034
356352
678718
605955
523139
117092
833560
231538
962111
415652
174624
46846
973444
316954
828159
877190
560545
12468
345474
990894
874312
514649
572815
19508
779116
690636
641797
131487
881880
430650
929767
98999
768652
817809
824859
859463
694083
268655
397092
666576
251421
747424
624699
949995
614107
322171
653995
558514
784815
527131
681444
148475
913711
223246
438172
97348
154973
907562
930032
471779
719067
712261
40440
260120
748003
655366
838522
291339
391783
57688
951761
5373
996466
424413
160128
514420
627758
504709
447832
200308
248767
689069
109148
430004
746524
381623
146387
839501
659118
493445
120935
35698
893744
742923
822377
496602
945726
20540
606075
912061
129505
677971
16182
200397
114862
235168
358914
960765
625073
664161
220002
176663
498464
104587
530610
572996
440766
593488
677595
147213
702941
150732
326843
44486
607594
351419
82511
127530
316822
337954
840364
303609
485336
76981
709987
914414
474911
550181
678520
268925
619689
482968
767643
705029
626606
161400
295916
402582
571169
865175
154
538766
106043
453363
192383
275997
438403
679558
833039
503333
351698
884438
386381
214201
48476
816243
590738
896469
873142
463492
824029
335271
36987
949269
574115
784685
312568
732728
633882
551244
290473
590988
32560
650459
198766
113374
387640
346928
473846
730022
315838
69265
241203
618129
776929
403013
615526
181681
740844
607859
261850
184284
366316
379880
972887
29751
958415
385225
112433
131403
332710
428534
650712
788559
855362
987584
174742
497499
351316
245041
695283
164220
276878
678875
291669
257578
38281
734905
636778
543972
104473
98112
226635
678490
610204
603758
702633
592506
474589
885026
999041
313967
670662
440804
174508
584195
173075
925399
693423
393770
283899
111393
611539
350136
490637
157490
589950
610844
745849
525152
912503
968893
74463
130963
713940
560394
712635
96068
439581
579876
561149
759731
152021
334775
596717
460933
676354
948234
26092
960109
732626
28121
390823
272560
142700
660184
534511
115686
918460
154602
329845
134168
539239
77676
329244
560329
8589
234228
50827
991356
343993
431310
440484
520722
997829
50094
161235
548051
333907
680392
752605
209840
691072
330986
375635
522865
753901
19059
813236
12770
920212
863241
630947
812234
106085
157361
919745
956289
961331
285781
840445
876779
781822
756211
268276
903597
499796
72211
196628
917270
9277
645116
200510
165614
740920
453904
183155
656604
839111
701588
833295
470251
513858
287966
705963
794220
140983
521143
606310
481056
466375
123992
3759
449331
833503
256791
532913
306647
698156
973527
248016
159404
820313
256938
189327
692331
430311
536121
992646
250275
354928
380581
727333
835322
558727
885901
883493
644318
807013
118726
445614
14958
188927
872560
287813
423067
52741
900922
704903
479334
500092
740663
753895
710701
961895
215824
222113
279741
535906
721185
460974
694799
704361
424683
28577
994331
769866
599190
69594
850764
848678
396676
627573
532410
542735
511540
632586
686333
475301
344986
136290
460764
719775
478560
476801
572569
777224
492527
447375
543420
165423
423558
215772
477754
870626
446225
695240
436263
883077
684097
303447
670568
788196
408769
562264
727896
917626
268944
789157
708992
877796
606727
210066
768167
368397
364582
183973
281300
79108
563935
870986
975751
110179
845207
598607
715593
800932
99078
384945
566212
69957
790110
563017
224238
371789
176348
216834
891941
157040
262349
187871
199648
286477
988104
739586
835372
194220
852615
578018
127798
721251
898430
818096
946896
447627
742213
658139
935879
40269
126502
979133
268861
602937
289041
820718
840504
265967
298667
702414
37089
285576
390490
56497
12877
736020
248140
617980
701285
472604
127173
477574
627306
419546
691231
645047
955775
393896
441371
393291
109505
615198
658999
357480
721957
770319
854127
349078
651054
3824
813250
111039
273880
486529
474869
788400
306448
278320
25778
717571
948362
46054
807493
247976
239132
823359
849751
701292
131044
406328
106789
246410
932925
167642
762161
422307
459786
41321
289134
276403
435248
181325
306238
602553
436827
329426
651353
560699
948555
241273
512727
39287
891090
614258
901643
481917
336375
836822
228947
541300
982066
536022
256490
846429
360378
338672
234529
373000
686653
481109
607456
392442
714855
903590
272742
741532
960390
247569
11773
202435
175039
737572
376318
112073
14461
274122
10620
930115
425654
190122
116673
386477
399893
30368
529017
2036
386116
402297
655436
230420
840357
415840
361219
204047
98775
481191
727194
84192
4958
265570
495532
312733
496618
423492
932353
642308
662448
309812
782453
681977
616830
260785
969028
837080
908243
185587
700032
944833
76629
149255
682866
611317
405666
347700
220379
240843
877765
376436
63699
15306
832819
976897
31202
628965
856112
507679
567956
413218
976484
232795
616302
596259
342739
144972
395711
834125
164469
449272
948917
822505
852873
20798
601299
752747
977795
119944
801827
610888
869167
399659
166388
835115
434139
771403
928125
644916
35670
9940
414429
434292
83937
71874
616563
981735
328911
978763
395371
871309
710546
772928
375376
441980
22495
492487
119568
786482
575884
331933
748489
806336
511633
155509
769768
96247
402943
312875
518018
478950
313996
270035
270099
340690
536587
913228
796969
527859
813303
509450
840960
456919
974040
214506
766039
262595
562063
707974
418708
263429
206472
4175
58430
759106
209856
739240
69070
190627
63083
266567
46574
992168
373574
706459
773171
42665
999100
690454
534690
485429
16022
916820
215081
825745
519087
790946
611060
639260
149288
362797
449806
928037
676974
493365
663949
146542
929291
683000
580610
186391
844223
276740
815058
156578
457901
825238
824579
624973
187510
224602
274433
97251
859053
884453
595344
901000
547369
580717
370720
315619
445254
838167
481858
742721
659160
657420
260689
947078
40883
152117
252130
914804
907809
194203
571918
673256
778704
478714
260839
496285
57692
514218
482548
278803
935986
921001
889716
506227
649093
76353
992029
167222
626642
584756
899613
162265
2628
270523
386733
245902
415797
391394
823157
307170
23051
553850
154377
840511
173175
374337
776900
788605
243837
275380
851129
548900
731739
931487
321871
827220
803964
786992
675327
194679
167959
756486
251432
658246
298283
688156
751707
290622
770139
421393
435351
981748
692894
302200
380042
672050
11193
833449
98995
6684
746932
731739
752109
210357
92291
38585
166542
123931
632165
90920
890887
766832
873764
94320
547133
493439
691813
762148
815882
796926
259688
984725
492859
80664
530001
774938
188501
265138
352552
800082
407493
927429
873236
654555
941372
780654
944402
653916
734875
692390
895329
338102
645514
113914
160891
60051
805847
746241
947165
5704
619275
504251
324620
742342
772662
356828
882723
924448
32927
418768
354186
99735
9751
749323
422753
652741
512844
672599
265343
799332
609779
76615
247521
202729
999148
70716
590683
220088
853871
585074
760023
8451
860751
981443
784234
719820
784932
510847
711081
797359
521679
501821
927399
948176
262963
491838
127714
712898
102603
124991
302623
678211
131275
530530
236210
285754
831466
69750
651209
879248
372511
792810
321282
101474
227124
682422
181678
3657
383381
777938
712737
262082
309902
571230
645087
710219
747016
644844
341050
989355
342977
383290
43714
496738
131853
729875
553249
967427
858484
384413
789501
964545
195945
541175
130527
272358
972260
251849
378678
687552
625612
764844
698978
986345
241130
740146
898969
908522
687338
68031
974869
844211
566643
130272
935777
535202
921819
734122
535849
509841
899155
622151
693770
158977
859065
415171
59508
330223
746176
80785
400265
68702
883471
536744
220684
664738
738889
796103
306810
482373
627750
140315
688933
137367
760735
166701
855391
469280
524647
198388
917558
409467
391974
467625
825643
285317
395336
687486
665620
320765
674144
112361
529497
94089
203402
954173
444313
496248
448296
69178
369651
296477
353320
159259
329134
766575
770938
341988
328278
941327
162333
835353
829234
999693
161582
675870
202380
939901
384639
842910
755373
191296
685792
897436
652191
56764
916790
259932
277871
911800
127659
550159
379031
899748
63212
990482
615973
457468
755597
734857
999029
381667
990746
127168
50025
303365
435360
315466
429108
376419
251134
352746
197874
705783
94204
900265
851645
542144
500324
916002
746890
551795
790086
258705
574219
534097
793537
967076
83033
803603
889812
84010
350833
79881
84978
287374
508345
135325
110036
261697
981041
639699
811099
699227
988302
609884
425023
54162
253368
624296
686337
690461
620409
493650
95078
861514
549435
393221
90209
39020
265457
556501
319545
468790
675200
506094
674695
472812
32848
454950
268287
939715
735715
949504
70792
649930
561385
45991
495554
567164
119805
312227
823166
994395
286943
729336
990135
540488
911081
131392
931791
172590
138426
165685
365717
239845
291690
882267
629492
245542
353408
968690
945338
317707
755204
334313
274298
782189
354875
218266
743862
977695
195062
246174
485502
468813
880468
892918
602358
110890
184966
622246
902350
999781
805634
568718
978312
199790
17641
3485
194241
284752
352094
982609
145564
150059
318358
515115
201377
257507
623027
307685
807875
460231
299638
643892
334738
821562
656390
238095
380047
389516
973532
967572
614307
717713
437764
231242
440481
33876
887890
309246
974445
348676
564144
504924
109092
470517
203018
39198
715325
845977
500072
637068
354488
380962
175144
496945
229323
914241
617526
865735
484307
812855
363081
756102
381291
238048
460967
437022
322636
990650
124506
204749
171589
486505
928948
598542
828405
335352
218253
663935
560815
200686
313698
86129
158661
103459
579036
16990
585114
99112
390079
201419
430646
305253
581002
572300
140986
586407
995335
827976
686561
812620
356512
632187
68488
500302
791018
983601
814937
816527
986578
990576
411757
382138
148522
756505
432523
44333
629338
332074
985727
806019
349617
722978
980580
397079
902996
755147
627987
551779
543381
194222
539506
916921
89616
892030
764647
656920
150968
890009
115684
244858
976188
348035
169144
632665
659573
886804
404473
978906
399370
432916
42889
379299
997043
938030
283230
592887
810305
406938
796651
585940
928515
514115
538291
825977
425931
714318
161602
649909
166489
159981
579796
703179
783179
926681
508907
400838
135758
17636
148279
596871
762473
369199
506786
164695
584581
611524
266928
989581
396937
652064
493946
952863
483517
244284
943411
848163
33708
579950
198281
811434
903329
600581
375184
769505
663776
162125
679765
615885
813352
406658
662185
307954
486738
695859
626423
846275
991744
243272
280816
144580
26891
145803
382303
128133
489018
859672
823133
8474
367059
291973
336349
574191
336263
586259
755123
510199
316561
369011
551076
212104
439462
693610
198006
297583
579730
169376
759965
33338
851317
795497
986449
193981
241389
833113
112471
448365
861976
643576
507598
229187
135686
796869
295562
183316
600076
911391
74847
723133
914700
624805
910691
903276
85512
815356
840236
832550
883218
694058
235097
97338
925329
670363
499393
220723
916096
957413
746364
10610
94149
727685
292925
760523
24604
255846
39120
658305
490537
892818
58158
430853
388165
903581
12801
207081
210716
170921
335145
816672
917897
518334
459370
258789
731032
937521
780834
872749
668350
319380
429916
821779
440575
382121
395311
861314
663870
366126
9016
4921
215375
722383
314022
623744
955968
459814
375795
719510
975556
36531
169882
596461
978118
681042
280558
924185
416875
811644
279171
231177
514390
785735
315931
198047
358048
555475
155133
729666
848311
932236
611389
677116
395256
69474
103175
253194
908378
462167
830105
639281
805255
230654
901578
16782
476613
707720
597004
272911
888486
379969
821624
928455
776577
48030
736934
414277
193594
664849
491050
683622
7247
687295
951875
288938
314760
933560
354719
474754
639158
877280
816064
542249
203260
29034
736443
726523
539223
556890
217974
94158
184642
579831
755832
516532
240628
631441
628026
603425
122946
635892
604102
591826
924220
364303
820958
576449
423358
746732
932730
141310
927785
603560
931750
405828
814713
329736
358874
734253
849623
816352
974009
873838
103251
426210
341455
85019
562837
153553
199729
905961
339025
192842
931815
554192
706720
17432
929325
609639
86387
726239
152855
546240
471675
854969
730845
883397
739930
68181
10552
213891
744050
149473
77277
131497
77323
489262
391777
129352
927302
833153
860845
869278
490411
398564
352301
832559
5911
593313
393212
254338
586026
477031
548914
416582
668417
794815
770482
828717
97877
882188
819545
560367
556026
991471
731922
7228
300952
621864
165307
668961
953157
249015
391302
97109
369825
444589
638361
31364
486358
752326
469760
884132
372277
844296
889505
156194
647993
419539
909098
70346
839646
27008
379410
695289
211091
495709
994419
98588
105290
937149
507381
615426
851789
348694
365009
148941
852600
691152
161581
528300
545755
939890
542365
342277
563937
15998
444602
338923
555007
692503
854286
436053
811933
540370
578292
622602
71523
729984
883924
547509
584524
36049
241760
390650
834074
707310
822705
689427
85162
957232
846442
154983
284649
707750
356029
153610
699576
875419
502156
451767
80910
927784
960645
27231
70513
657515
678030
234259
31070
122812
742622
377215
471852
484828
812237
795017
767599
36340
194812
887804
923507
60593
374417
127617
726167
285268
502712
986468
738514
603694
134700
888037
246231
423957
277633
743311
443718
476238
643255
365878
859672
159721
846086
79133
265459
542630
174237
125558
83888
942407
474288
67302
621672
607820
638069
227653
285744
400709
156685
364599
311797
532355
215949
190525
432797
347889
847418
56177
345912
871923
720492
102412
798190
329540
263623
449809
604495
139009
936414
544115
935630
936068
639474
604562
770217
34358
445161
232458
490850
352536
59879
629076
223173
245867
687401
544665
665966
868525
252730
34580
840970
662587
267265
333809
403133
320684
968627
677821
895053
101473
752258
695505
603906
690604
326951
79047
484699
894554
472751
595980
950713
330691
757238
150210
200072
934166
74939
521697
146847
540678
414713
618551
955752
23917
831192
560679
641381
467447
198929
680696
186142
633023
961697
575683
155413
550808
754388
672459
844150
401694
471296
379405
576050
987892
82071
789470
894576
995201
255431
71835
34535
938819
640774
143815
243580
154307
479092
949954
234919
446291
67153
691820
295664
39691
482691
649910
349696
291774
893393
818152
579554
218041
718753
431829
48792
260916
891403
611390
134403
887472
473335
767424
478328
540864
922437
116208
597716
189901
376086
640558
255554
222133
421063
97353
186394
708078
952844
220912
796366
127689
892370
100546
12318
494879
724680
820918
541807
441893
51326
845484
423879
232566
607298
296112
899960
861965
483195
236086
314837
369629
614697
299065
969650
244635
953918
523145
591952
332895
120998
47046
362337
970618
749364
404539
242759
162545
184339
513572
688632
499589
672351
98167
694914
167703
686757
204009
525827
838298
576358
672746
408513
450247
293951
925368
932848
894492
564819
171649
892786
394502
488837
210465
829042
939295
234914
314925
588569
470473
182797
306590
803198
650702
594760
814659
307982
948268
658544
888851
169210
460854
532911
588831
172683
371376
848481
908339
334798
179725
969067
408835
242139
886446
202488
235282
799668
117911
64910
765805
273302
777231
649028
7336
349553
181146
123958
990906
303095
800354
403484
843167
262507
659223
59357
914752
995129
170543
627626
331495
593881
681965
558507
601104
942035
293000
194124
455732
856378
564907
323436
940003
364840
590563
60013
864397
661594
517342
15823
135494
900781
23300
2997
147442
139453
435390
785578
373100
420958
148215
724533
528664
201939
752745
511888
202202
69250
816703
573566
634339
967538
571758
135629
418477
963881
857422
394841
248254
912790
547507
712057
481557
253059
342228
255702
213279
567352
247518
62677
753056
466074
282844
55263
889645
819000
959788
155206
90133
351290
855898
269879
830077
144947
171763
590526
579738
642407
504016
338816
581942
335908
192942
825541
448699
444416
510588
444017
776564
529302
643742
10837
434812
180656
895902
687885
915875
618004
783296
572062
154077
292369
732273
922983
516538
351058
898838
913918
249259
132162
225843
737551
521716
692744
229324
875684
354903
742785
162690
350758
140634
256420
145954
817170
163977
462636
566923
421583
526092
879531
562241
464011
131299
549383
668398
25245
950091
656208
796300
891199
598893
263132
527731
301076
387713
993844
357991
273774
378445
100521
916248
525746
669434
510070
383593
283568
76000
121171
298538
615756
612000
836527
690651
260914
694066
557889
15263
313087
788050
645845
675658
540222
296285
152019
13876
557934
844619
468234
527233
558332
769812
905375
724916
802405
530686
114090
477437
624554
970575
190127
931520
269119
843930
769030
63901
481289
786560
408077
729821
408586
956838
77754
625405
34144
904284
640719
927884
59287
832329
783146
503583
880462
313611
981475
480829
64364
689054
737017
673390
515136
836063
491547
809816
348806
726509
348897
775002
342662
211794
970756
102526
711072
770146
789281
769802
874286
530364
984794
942806
833017
746616
513745
693103
739201
40486
840299
867142
262057
149303
924316
226268
388657
623901
449136
695593
369471
904320
234530
60890
621921
468524
273318
734867
538737
297107
854564
277670
312976
726029
791957
201182
87824
869789
862852
212673
966874
189034
181653
460568
679330
449467
380602
533594
984644
273018
151730
934271
222387
717568
915606
498713
765665
838162
125725
766915
520228
980448
991756
621179
26405
636236
210540
605075
167331
51365
630677
211283
964444
417713
644647
83917
450035
404012
501873
519382
146667
984247
666777
869566
254551
7744
807796
452125
250558
721693
996482
354856
236255
504664
220252
84637
37481
398801
367976
356113
754185
638725
434540
441321
186862
266762
808672
408637
324640
97001
157730
267930
870181
744743
603815
508529
597787
173287
597500
767569
193678
226588
138611
398533
111191
914176
767919
523277
888673
793819
59273
745528
324159
657782
178599
79860
878421
870113
444378
807350
686821
125256
723609
907606
600386
102394
927942
436583
747840
475251
836569
720569
212870
3718
965630
518983
554669
981498
228318
372049
64872
143075
685493
194193
850250
243647
773579
799948
58106
917303
14647
456394
820072
91524
363004
744639
780073
190237
23300
982561
393487
592968
787030
212022
537097
334266
677531
285979
353192
825402
967933
904409
666233
459459
442224
542665
756786
321289
106495
91899
754947
865392
425572
688360
424302
347639
559696
646905
647477
867
6547
633750
495631
429710
515820
214480
366793
466646
136754
695566
311727
779076
783396
741103
331035
846379
758063
591219
123523
536201
260381
834580
493368
400874
27434
594633
382439
987689
899977
677723
284132
910860
290333
700927
616407
168358
239501
468448
484212
203411
994163
897602
145311
508297
808717
608964
408528
147178
983087
889891
139750
435064
984016
116701
28543
151591
865677
877929
777028
91177
104877
979634
912716
455178
396783
233397
498282
577059
918999
428662
113783
738171
65027
173297
620650
379587
672506
349694
381782
844546
327331
778516
808387
896411
411649
308103
331742
648651
181885
954835
156836
216188
312395
908200
444909
351590
20964
184032
893156
564897
104321
460391
32456
742508
954991
162749
947722
78383
905203
178659
540548
209931
49267
676767
900091
811291
32728
381048
825686
538335
164761
308349
53454
142551
609720
415786
279240
775083
344369
824315
641467
987554
29286
285714
930062
702885
936056
342490
421379
477196
596303
193673
904098
702959
894279
624191
157353
13933
911626
481510
869898
44019
951099
90417
747894
865001
815458
685353
348940
882273
598391
409373
1286
702971
956252
679817
19655
507566
72555
753016
312946
753781
301582
133788
394085
620846
783137
70256
748602
462411
157366
750458
496057
678083
876763
974473
287195
836351
511862
14245
419796
585825
877799
93017
227425
877019
770840
417279
897872
283526
597129
976334
11827
759295
200327
388088
257391
997808
750477
914380
972307
669306
643349
395151
393343
203825
977666
257980
751025
460645
327058
947978
637999
578866
204215
92787
400535
539158
826661
468362
655278
483366
536703
363497
417101
636464
502557
254471
738979
754482
133279
795978
211078
382372
977080
10427
143794
847378
740741
214965
768277
836332
467267
664032
327996
609393
839593
104981
506209
388100
40046
445299
236721
222228
588466
512143
579128
687748
106254
448443
4746
97334
9336
634498
135766
515198
719895
149987
707658
759622
104923
698563
283676
749424
499038
605635
40345
4694
849689
969705
764083
847479
234768
298582
51686
864710
245841
994035
591148
493503
504589
861905
314371
168076
885740
419458
159567
327876
856687
147688
158740
728099
712121
993551
574380
916663
381470
365557
849562
445761
917546
585903
206937
371509
736772
263257
834638
861775
174470
332600
730886
280146
943145
571942
444170
943081
637352
250490
142121
857660
515632
188833
669759
138926
408200
918890
516579
478681
748439
819898
901975
991699
406964
76401
509800
651
218898
55204
755385
837672
838182
230470
852149
538319
827150
99612
359948
382794
695281
627375
343618
599634
937919
631456
747695
188709
993951
180266
102098
743172
440827
511873
213577
354147
675980
202945
69044
167278
795613
317435
779418
926845
374975
47017
26429
891055
378696
918738
139847
831147
485361
990082
628893
437373
697472
577615
719141
346458
226073
972623
204997
178046
288747
285606
717874
421687
640344
31240
331495
751334
367730
316375
278273
360849
722993
525894
434508
211936
543973
214693
147200
664977
116626
508811
921533
823611
170678
694678
465661
65504
68147
832708
598178
654601
143769
169918
563739
34260
586993
845988
373527
386006
217142
888158
889874
305264
996499
772575
508054
993266
150489
893191
453382
193434
319788
124028
907978
210901
256115
286615
409131
745404
191612
741607
219979
940685
161149
512113
663262
7581
237533
315929
730169
13382
851545
634912
628891
946609
111853
481894
321227
964225
314300
839075
510664
807399
635712
836507
991619
732281
344278
615284
747099
943866
726745
477285
690781
443856
332050
361770
489604
407549
61709
908880
474200
690115
99164
371048
247087
829256
663490
415581
232279
959044
97239
425108
75058
378896
853895
247364
496903
131938
537305
471723
938133
838655
263633
217125
79607
204554
265777
104534
124846
74667
840886
556770
545260
643092
453480
819553
843673
442343
49894
129806
775155
35159
414136
270760
379176
910508
700940
348104
123432
945872
118704
997438
437174
939512
103151
390467
920724
139255
221996
345898
557842
398452
481525
570685
328941
575092
667959
558272
725658
56690
849579
952715
801094
841381
190049
250999
555079
434790
779034
560654
650068
932560
273078
755689
680886
50063
757943
781146
480246
533645
392963
45001
232071
341850
78659
805903
485898
220455
600776
216206
518198
811712
447058
211968
870235
236059
767492
755079
307124
163683
754424
27402
889031
753619
55854
52785
323007
479741
703391
880034
272732
785778
435754
898409
843486
715650
229368
76935
30943
150744
309541
919792
524953
52333
908829
712281
893211
155243
563657
195328
834824
887927
795893
151241
890004
904474
613008
509368
719706
505691
378598
487575
827794
399239
254485
973909
388367
702900
596259
822564
662153
830408
396027
989200
338434
915900
109343
462962
22758
730849
977643
765939
5693
626479
263240
385603
394230
895015
650793
881705
664925
84690
437360
566327
706691
226316
32546
594298
461177
633315
720939
20881
339965
922447
600898
884616
700359
169099
106986
655454
795311
658821
547683
451757
778099
525921
645751
274501
538618
680268
155464
132976
375741
815058
249145
343501
768936
961154
514821
471168
802404
7700
87494
354329
116283
844078
648432
402535
611997
294865
770053
890871
522611
817300
358371
287072
874117
9881
750681
742566
809842
341056
363005
754561
727710
148577
650071
663499
688894
882926
539917
88701
96421
772357
435964
624738
213578
572397
341251
122047
694529
829300
652726
657537
933299
134782
697887
864402
702380
178439
141724
635087
248444
14663
978856
337333
740221
852396
943879
590452
722387
848995
822393
337452
19334
843503
325821
418367
353989
700040
905044
101129
799392
948585
121051
58526
64525
708285
965223
93288
530931
457551
827499
508051
902935
75498
647639
392946
311849
720956
152910
260763
723293
538076
984983
398142
536834
881680
949446
20941
338422
740856
583296
822933
868635
305893
728911
789203
403548
171516
827411
209080
910072
498453
200017
668182
533895
565759
672884
425121
205704
537895
519086
985641
410148
943405
840825
875448
452050
316174
195602
582690
875658
685560
482017
392073
45268
118308
844006
364757
279332
313028
626750
31725
345218
327081
223163
462978
568078
876100
986758
250939
284786
287966
254881
603644
882749
115896
925685
181786
203396
619426
962914
533391
661449
807407
664463
980917
33617
503733
523830
597749
504154
944391
38032
474560
219750
743484
871171
820751
302511
676290
369790
572127
997331
618953
544300
83217
388753
157314
280186
171107
912430
831447
723346
247402
707622
717848
495865
525877
709670
67808
641645
325642
265204
18350
975768
303096
967862
971238
817103
40667
358594
95880
920596
796350
112169
553581
793857
375228
340281
463430
482033
22684
681697
334230
335673
958706
921178
672201
238156
673691
981433
740822
262459
388347
266185
996997
751415
143811
497416
556861
371320
832785
386207
154869
775609
108497
704071
451431
133548
515513
580519
217191
928243
374897
142589
876168
108964
925948
933397
125310
894699
977721
899282
864629
269001
855758
118915
469926
480603
742940
862794
519222
669963
608096
17806
444362
78801
791973
389102
220856
167831
977411
900318
131882
367365
709028
253190
846465
116052
847473
178940
537210
305011
344237
16309
529559
237702
505291
984928
22402
740359
475257
187746
748963
113431
18559
72528
57241
201415
799986
809975
780895
976601
274302
804797
444291
681712
983047
346130
799552
757018
526367
224945
428793
489491
728707
998683
161336
564666
549428
467080
353527
476338
102874
838246
657906
54852
747146
10291
768824
211687
576835
371397
773185
366167
812150
529946
157872
919586
515400
426437
229498
572659
785495
350134
687472
244143
82087
485990
357990
841649
613250
751144
644398
160046
784021
845339
78473
738565
547876
635897
467532
594575
129204
225425
523875
370226
992039
309224
535909
577506
118802
719390
594428
307972
632539
373913
122840
985311
547107
201595
976769
482036
961979
997415
176277
196069
331841
577998
413095
488591
535854
53130
835553
221486
347446
506817
255543
846
562714
890162
844681
132429
484021
468366
590934
225625
675041
735472
272344
844395
904565
312987
471057
596818
978515
982312
198751
579297
723177
665970
33629
147116
727316
868862
279502
569998
576872
818382
549107
249434
223119
300967
346624
823985
813670
982696
678491
669439
785438
822890
456938
12586
269612
42133
477286
120567
890981
989979
47899
802152
857361
172631
930771
762963
829661
647152
111091
193595
439046
966334
55741
337720
474934
867119
543501
686697
705998
935514
853870
877859
16101
552233
86754
335588
38043
525830
651850
187413
750252
953885
514454
11815
565004
17837
613470
530070
281494
613350
977789
441384
903068
945640
458789
218730
725119
477978
669557
832209
288674
911610
675553
47434
764377
196656
216764
158347
82585
926055
758019
757022
657505
848428
461967
417452
866782
650774
258343
975966
542663
608194
543487
427829
606863
175375
685675
327763
638449
103381
434689
981515
602581
205280
538144
646294
187628
465508
352447
419775
199187
790318
2856
490568
241749
330535
694973
947440
482229
972813
109088
400250
634301
291915
419164
252474
428476
984072
369826
583365
740055
560244
17611
247183
235602
868181
196789
977623
868266
833429
505445
997478
803308
662012
624124
876718
387371
631265
77153
156596
588525
510356
125900
563062
928861
598340
343546
469670
307354
345072
562575
638314
267962
529168
309014
165582
206408
7176
541584
993140
728795
119455
499237
302485
876208
940767
727208
607600
211669
697407
899501
383398
829283
837695
884881
623567
190159
438989
613778
808301
315640
861880
695084
380584
275628
821035
404733
979111
98253
332195
621992
356572
196852
316118
524797
123969
161235
992799
372025
204784
292397
583087
498482
157219
573341
249855
727459
328425
863410
657181
766080
141513
979460
3513
790254
684334
984485
893612
348908
168421
442755
954076
921258
757133
620242
668547
946259
723978
610115
511263
909938
895257
145298
91366
124204
855548
423549
685455
159798
450272
615270
232131
506415
706438
850211
589850
924639
410876
386475
618154
127152
234646
353693
432425
880821
472998
931979
3571
356582
182161
79240
126603
570671
737401
951648
665840
58577
611219
975557
899549
502214
476194
123871
733057
891155
573923
325855
526990
940362
659655
96592
296002
909713
731626
410789
73464
674727
184784
565325
308821
883214
990492
275959
266906
299223
996970
535794
532248
983477
469636
826609
886487
788591
546203
118865
23278
757740
368253
722200
792597
407025
269226
455420
925188
544638
548137
793502
477881
234048
39021
618830
561828
743755
898001
954866
268253
842781
773062
592691
90065
598911
796002
834326
552763
915789
641719
671459
214314
405347
236881
594196
671253
833631
568227
881669
717035
300938
440114
664815
338686
521291
961631
271369
809129
51622
5495
364089
735068
87637
874101
165442
554111
491185
932543
625499
639864
43066
24037
734456
869992
525549
70152
307222
239814
130487
376362
474720
862759
861748
812881
805023
489059
54814
221408
447183
495367
871715
110289
941578
150473
646098
943813
372838
846149
251059
105735
354877
897125
241484
922814
932293
460546
382985
971033
858373
102757
321129
255369
867160
550068
567499
753375
495526
200202
683240
243488
730915
42389
526075
300932
261397
736637
693402
837197
386897
736485
841921
583534
713956
504578
393332
474539
601083
66716
246019
974835
947753
377530
504228
10007
327322
229769
909076
312373
652614
729193
609873
672830
532655
678355
149555
801931
230010
565130
54635
246509
660401
235574
217945
82596
189767
745808
341530
911009
78649
333853
67407
18943
299759
929910
65509
439022
111823
132366
270981
36721
211257
116833
667108
687693
502972
516833
495480
68479
532573
917271
541638
577234
404439
235619
192254
425511
573668
930799
289052
997812
244568
676018
414959
162541
234376
859350
139661
336130
68106
34659
924503
751557
758896
235502
840847
563109
197959
885903
991313
131184
329219
894483
539927
74063
315941
402171
555091
448022
720130
568789
448333
722795
310206
730086
652206
56340
488460
234329
322256
740993
486976
276352
270876
592538
419230
87009
44916
484362
994266
907258
44316
190791
201351
278643
845608
196872
555222
315734
441976
156259
555526
791120
940690
234548
858760
59845
369059
662302
287031
77710
631659
440194
205141
26650
334449
288072
986006
350444
145473
610465
254146
325308
597218
462911
347929
642435
752284
246694
973518
863365
951873
133961
336924
24090
945730
30876
135298
110099
62480
223371
664563
602086
720943
718212
957748
800860
505842
691535
306808
180026
235427
387635
740490
586277
933878
272750
31760
709698
387976
241702
590524
880273
15355
199702
160872
911807
100767
397277
586792
410770
67140
483193
36269
695130
339804
358405
980928
226996
535120
563507
916844
252962
158851
112771
281864
167308
734946
399830
275787
965781
302034
43178
321938
41427
512765
314121
722188
489036
150235
95421
652164
30998
736087
155848
19391
654955
46474
893978
864329
62380
774949
603992
922740
67290
285396
746930
687554
155565
383532
672719
809376
517894
302051
731497
956994
3151
642384
737145
322749
604053
845104
301619
802322
283245
871406
645577
504494
175457
169637
108966
653658
460239
673762
734648
136324
489737
534702
978801
912600
77332
520865
813759
264609
205460
540779
232099
386007
794727
538591
435220
130283
591498
92291
795310
830198
677392
404887
16502
976748
581671
20340
789207
203220
486312
518927
631012
458418
553567
650817
538188
472837
977116
851962
533789
622569
960463
853040
191464
77907
460000
140030
738532
687153
195224
354076
397530
390791
124847
328689
212361
87222
315120
353909
723323
778456
885450
429907
504729
512624
506436
726609
759480
109935
746749
201287
876875
909632
417804
342643
103096
807781
948978
307774
248237
669150
741150
297517
659390
791200
392641
876000
526228
474171
669170
81865
953689
908483
98216
601423
135773
529120
108239
978176
395130
706434
704487
818420
815031
143754
775650
219296
683491
634411
259429
193488
993689
894281
560110
693861
800555
30668
807533
951706
320243
834326
774378
233832
277417
488633
527487
796624
154681
478438
178964
769270
679132
450790
424115
933718
92955
530763
905787
885522
498118
127813
828490
857591
839661
581556
660711
567962
897718
90621
210109
813051
995338
244181
833847
169458
997330
132992
55057
90244
574774
455265
396545
885700
640499
252407
814048
563979
322744
910644
713971
273570
837396
846777
174264
137425
143579
859780
652176
597692
323079
474704
158887
304
210963
731285
608572
40324
922935
776937
808239
861770
574385
312222
344711
59752
666734
406680
446430
568109
328632
453831
750278
432333
842669
66404
787421
765415
662741
526342
917202
763355
432817
998821
384413
517421
354811
95530
152799
501862
621407
529680
176463
38608
529086
543660
810839
744604
317315
510035
136237
952780
741707
607495
69458
364258
882183
755649
272803
737235
711550
56002
34810
247103
505572
831177
493368
262710
262551
980439
799371
675266
918557
776801
77881
589242
293916
419447
333806
138735
387163
624964
770381
428102
844643
291833
341287
112265
177062
804855
741022
929971
568736
859680
453194
582349
930920
782312
922669
709497
187544
194455
395082
359406
649816
532792
475968
266400
735605
368754
1837
460346
220125
695067
386806
213281
666425
346358
210914
96656
677286
503296
450066
970286
134586
793248
412576
53182
647847
845146
143566
836785
20579
282233
786027
492746
661207
43594
146121
600220
514800
613848
500362
471767
272447
210090
503596
92286
327078
226187
909218
702031
187665
266714
696894
352584
838166
916316
118055
343778
833228
985012
115749
309923
759596
345925
552956
865252
60324
639136
692264
141413
118297
53880
409865
253875
926251
120965
698072
719511
632387
948331
113157
114204
743820
614860
959044
807172
794554
501022
162461
437820
840302
179701
991447
911268
229412
116471
996622
80312
717307
835873
813449
954426
141260
398674
753732
230509
553014
4849
435894
175442
918632
287984
56119
407114
238155
399029
286231
918428
212061
290822
199204
767905
387151
709495
69527
220850
51448
274890
373136
766647
15817
689328
820455
360607
819453
552515
796111
442880
827041
480162
150165
772318
147307
224808
888275
879741
295836
279606
941949
992962
49459
9279
865127
614963
995174
697210
999602
547033
863456
23566
379317
40223
854019
396629
402392
931367
811465
247939
89754
73990
288945
871627
570532
109796
249853
639231
286930
643020
400765
453596
295074
177779
923210
118849
953359
757669
677565
898236
236128
107184
789244
907537
888044
216171
895550
149047
643301
731350
230936
929523
773876
223041
159119
125307
302283
380616
722380
258727
316874
456752
271562
632172
961464
828448
264690
829676
836161
371857
877788
740572
742504
458332
158406
885788
933606
770696
70502
234538
288758
811589
928784
887671
122003
929854
401219
973648
655457
926266
470395
854109
540734
816525
487535
268209
195562
127262
727415
358374
137786
179937
658058
614868
945179
177838
476045
652533
947056
552992
326397
390281
262472
952676
25432
642407
339823
449278
35635
350515
723938
42642
903528
685820
379326
290620
364662
33823
531994
951401
844270
436821
657324
850305
137810
414464
937750
794051
642501
208514
241561
247157
629162
405216
432889
657924
693033
577161
613040
775610
702969
56232
714559
35716
280263
200218
722006
106930
81564
547911
677177
991102
934735
70948
541553
646758
182182
325428
935063
966981
423079
682279
747754
84108
214105
972583
629795
396530
187699
822560
405225
417002
477514
672620
526205
527199
302655
975868
787023
989873
55481
353692
650914
117814
262110
549525
707799
327909
340490
866596
977316
918956
167772
401480
999087
803493
86895
792461
910912
96743
131726
390216
5665
419883
930727
728039
578914
10203
961068
919829
231867
247306
568255
146244
178000
2373
440743
702952
516775
296604
34704
179609
884161
115290
780991
214157
367178
865606
774536
924311
78507
889021
45819
556514
327218
643366
444707
112423
892976
654909
628892
713945
513625
107438
642296
250041
329821
983157
93254
412049
695445
999328
997921
568954
458804
194944
941289
60030
547168
913300
326345
389510
445987
99204
131323
496404
954163
283666
775675
742323
418039
364227
407275
511133
499329
305746
166570
346497
415958
184253
757768
366843
509867
575629
962850
292005
942109
151195
571091
791785
293070
483903
564925
23891
854504
491670
302445
167189
440050
648512
867443
475942
612208
79464
719849
881671
326310
921888
272566
451502
125784
883622
45132
75358
188048
757523
600281
599057
716695
762295
556416
246366
403119
971132
587148
580284
939557
762503
468484
442311
855556
181563
914898
278179
271144
335983
157453
9490
512548
466616
960279
142960
920071
131265
46152
122404
592794
18914
707565
23369
261045
272137
716607
566262
955128
837004
515126
81054
647591
282658
66055
495145
586331
736823
677474
635662
607171
68873
572865
138461
317024
218692
974182
38331
672590
617380
988810
678366
144564
975006
