999996 9998
88107
309540
572657
884208
927598
920907
764790
466246
657576
367770
203500
912344
427795
233261
196237
750031
540250
361652
388961
263051
856299
525790
665901
49535
497976
111968
511255
624346
296407
831043
336993
707732
238083
739051
594430
257442
238876
656194
581953
747751
935986
410037
737263
676386
829660
196871
859711
789127
29340
754639
146810
51892
63014
971475
148684
971431
693893
15840
745257
468246
455137
67357
33144
139191
661201
251925
572731
412216
983492
440293
790635
792013
288348
156242
458722
122866
326978
958644
78072
553804
39848
311112
684784
681165
692090
133608
64200
165007
791866
942280
611159
968317
760241
726983
106053
251753
618923
490335
489991
871716
541394
677834
317077
375830
973242
565477
937773
367414
169160
39471
624578
119390
416889
102063
789698
358030
922517
868157
164132
208288
316865
779321
308558
394995
9318
254935
108640
927953
163305
24649
970857
664044
896720
941996
279663
335725
420944
165896
302788
862853
223721
214980
138701
23530
74000
549043
488729
849742
580937
12632
6075
434822
274637
687673
724921
192329
692781
445196
605065
989693
755158
760657
540981
995068
787214
162987
278958
522052
914088
24448
561902
634551
188200
266509
478667
782782
736306
956389
433202
281499
416048
699560
368574
12791
957371
195451
881875
338341
330771
316702
648256
839842
132213
596799
135809
171279
103638
66522
937748
3091
518335
966597
174304
765770
52070
982083
323995
659224
933687
293450
532379
184298
623030
919963
916165
274103
999363
542903
631495
955373
60070
239312
507457
353836
427287
331391
859369
772640
539187
862299
691078
519158
263031
46054
871527
133020
808651
407388
28037
677052
243936
226814
837253
792780
617949
336832
114414
293502
682677
277133
602591
170442
471018
309787
645762
21281
536443
819850
993062
75437
488905
182471
826293
186697
571875
264500
728734
391411
417028
346756
720514
889185
785929
402534
674330
593087
62176
348604
394953
717664
492813
96832
397003
225586
694423
977767
947655
337558
737159
381922
254449
725129
199095
270130
773076
452391
943582
541315
486009
210002
13963
114129
660058
893861
962786
978357
29424
120711
136801
402642
570524
844299
924368
947000
35883
838224
738478
921748
196550
445416
556489
458908
306042
659205
166736
417777
643484
297256
882548
933303
119647
757154
375810
534049
836752
601246
455034
405947
181441
8348
67046
558708
500014
951256
536701
363676
655989
811498
75675
175056
802331
26583
889226
520893
514092
280029
788895
655804
21994
690747
79512
104419
663442
435882
630426
192624
824663
250027
463775
463112
586175
283745
896679
302439
3494
875622
259597
68663
455973
894632
479718
501827
778889
443361
366069
223968
957378
877697
262146
690964
5534
294859
842221
45495
279974
869205
219089
938509
884389
674022
203847
536034
10088
917557
512428
608828
27262
842823
948931
814254
892667
893279
112436
22980
971659
130232
971786
817460
685997
302884
731975
94857
493530
418225
776094
43969
581903
135500
108410
633882
315592
818777
646988
151493
914107
621195
918396
255695
58880
545729
192335
477962
127378
29878
860701
92198
535167
235454
913378
801158
230150
889698
692204
742395
727937
220223
714889
903606
203252
253851
252247
155423
59542
508166
515002
759093
87408
894678
760475
387169
792209
473749
364856
407240
722172
553996
923337
421898
660560
512671
738240
832538
358938
628535
634399
500290
83286
165075
901362
414234
620702
919402
303621
645285
551651
460996
522919
763489
531209
324486
100757
327159
42456
491940
934625
14216
586163
602692
648037
459215
553149
462504
702332
883992
89141
588921
947285
165520
106717
725946
417933
71459
224875
488709
576628
12076
824014
557609
872167
806615
592554
131411
441955
642836
911205
670105
18519
620412
171807
310857
618279
11974
659952
724162
388338
650053
944017
592375
66161
653816
808020
339050
867352
46401
641631
215091
258352
681833
857951
356480
993727
299909
348109
968406
1808
458106
201462
361893
187826
551475
921186
171573
990234
124667
147223
717039
573828
204620
462084
135251
872313
438129
199676
607749
303361
405416
303347
733979
870783
598997
186543
860820
541301
206541
237943
968442
237503
17086
82693
533905
523908
481901
962299
646462
79687
204431
628003
532315
349429
908189
955913
561596
342431
237112
86893
756655
411359
579823
270216
798273
982727
477395
747170
535181
634480
73638
949325
42355
620085
497586
5859
344790
923866
29765
55351
26037
198945
397024
139650
74560
486983
565076
520914
485997
448018
953598
107647
335733
939065
85632
301528
263689
171723
301209
984054
572051
351901
314511
550506
426697
658871
74577
868459
974351
656204
601443
789042
540056
743757
212799
371381
453334
57714
830643
294129
466438
304809
863070
22722
174400
377183
493269
176965
324111
235955
75960
200794
408461
474414
740882
874514
481592
175865
233676
429570
702645
166494
486342
26858
717870
530223
402687
141813
624789
300392
868529
963017
927144
572182
52143
255744
585627
890067
647304
267887
996948
656168
829479
162908
492584
478248
345111
152938
738584
830173
334616
974882
239085
133035
201627
603354
998777
381709
84165
126500
283271
739494
257871
524247
331441
102574
107041
683228
820043
496383
136176
358621
858475
307581
862888
950370
300340
778173
332420
899722
198490
892415
424728
231740
301541
772525
86943
270451
592373
965764
117241
835472
2919
553373
150535
292483
604601
840892
52069
674610
770035
499773
11920
717751
29196
421800
251571
60151
601991
220663
403124
44948
879251
269142
302413
534182
445442
395719
149147
893720
588905
881032
730423
840774
629272
192419
678340
159176
806695
973931
538094
382288
923848
169521
759896
419407
409188
798734
596156
758757
978748
827065
284854
318633
613784
777244
830621
237979
142875
213095
157031
898671
319618
994165
396702
254007
920864
247222
610284
101352
55449
329785
281019
281665
569691
671216
518510
914553
163455
268508
23490
684766
589372
786756
514783
884510
97833
668374
500327
385671
111692
390519
986050
967046
967113
26738
959524
453864
440832
566739
259775
940400
699089
27264
750259
961183
249831
247416
548947
852280
457280
403377
437614
701373
186773
700312
471857
223822
187821
403352
244009
621613
894607
354908
213049
983104
425693
392166
8769
63673
698510
626457
641852
350865
739197
375304
107222
162364
464704
648313
954893
151088
441575
479641
20740
998923
384614
72672
659017
269110
448701
676584
499120
357005
688298
349893
960989
229912
411719
282613
506726
178932
541039
146556
880414
119231
503560
22386
393780
69849
627009
812395
652265
320181
488236
689558
984229
447451
173911
56298
235428
788002
951809
690477
521571
184938
422513
241487
993671
835631
823956
5909
664071
844850
794963
960073
865448
652716
569025
355945
970749
851437
265813
797112
588934
30754
675488
603258
569566
199225
689636
444344
798704
17002
322712
679850
949203
545430
89164
573743
60469
469813
353931
572462
65844
783887
157831
131069
160254
738056
934346
151788
206364
448126
480652
959540
214453
937282
523246
880658
299338
541281
227318
913817
417136
545277
39066
686351
615265
640466
321435
874424
491048
289679
346281
532177
47423
373290
339801
322789
158670
550300
443039
473505
414757
614147
645632
387044
199784
748810
978457
233376
478210
997963
509642
518743
911919
448450
978462
582867
611889
599037
222880
210663
40099
136418
909103
61364
320501
872636
455239
415829
492302
911591
456233
821888
44432
207009
363533
577941
407027
550240
650457
636644
943899
683465
203057
433329
389375
672387
216277
347944
603571
892177
446528
994629
982059
981469
274311
299655
849067
901368
664322
376300
687749
799964
775520
534337
116743
727535
669905
372167
109141
373622
296323
791223
68156
904366
684369
945129
23184
666985
73530
590196
390641
998007
523980
39191
455843
622815
407981
936919
975377
166336
64641
373989
73827
108127
815808
434284
914368
109900
487177
131941
459675
19444
556222
835318
7738
12169
57351
698206
86609
269963
414733
322719
722747
316767
444514
863582
59565
631269
870708
50172
795932
439334
832798
150526
938800
652256
28171
730596
919790
761672
328751
172426
212491
127916
938761
306487
205386
505845
419338
186297
234721
840651
195737
987511
362324
335863
484186
249061
695269
546764
927953
190498
787458
784641
616012
637548
937605
430781
572705
167000
3769
853852
253111
442393
691496
500265
56346
353564
140802
384366
377831
495980
36627
643776
261590
729879
398076
44900
284929
44581
663653
324642
910400
719956
682877
36560
173718
824862
749077
133177
241372
421490
863821
860910
67918
454891
10362
670021
110525
198564
331624
749249
817102
299832
757697
483256
394386
922856
808452
600724
183659
222450
8798
31944
824301
398498
597288
526955
269172
878608
983176
898749
630860
755742
712696
350826
784116
467905
542259
724307
627344
848603
584406
657092
914788
99599
391790
585985
611116
941617
275119
242458
791373
183994
112892
793696
211835
220880
403942
62792
811047
509427
338215
325428
565426
914530
216849
25129
320031
915020
639575
375129
442699
57810
495590
222114
408501
719355
943480
735624
711520
187888
246443
456546
822253
315227
540957
989204
261451
503582
360218
153679
245039
590620
8087
728552
769755
275140
684923
8936
455474
86090
603648
280660
937684
539239
202486
968695
112421
48671
960282
656388
75939
364366
250961
391788
172763
792506
135577
698335
168227
221716
983601
489401
195467
26317
339487
649663
791809
246781
506222
390991
35842
57897
904491
616536
523948
426789
384247
433911
683905
35776
314882
646839
713168
999130
460862
524382
250758
638206
361624
397814
744220
595941
177657
667464
356875
869636
739147
615288
175676
920004
839188
13702
426219
874818
650515
897142
379041
987112
512847
20081
640086
930719
237359
463672
558301
220053
505462
572958
554579
26373
900984
907508
278812
929380
608010
170630
635633
690851
831051
145737
884424
966111
549878
513185
215480
979490
308262
46900
431768
581529
354056
97297
624471
778540
597416
455505
20594
779221
534679
663624
502157
838396
497283
586715
649069
694533
328319
594459
541540
195556
863675
13882
972953
786573
400441
609298
170390
893468
672126
721559
597543
877944
718415
355970
923549
162426
436601
946665
781305
327343
532510
744999
510117
468668
50617
780458
680089
870188
656255
124846
829422
92826
367200
753956
510846
912441
487593
645682
439704
147897
84084
879483
263736
312761
462218
409364
233388
196882
750541
870984
841552
938166
880510
253258
322873
880249
962273
515768
755353
528341
299477
265561
390739
213383
60750
420335
755219
653763
931097
379802
8275
464171
903416
602945
25026
802794
738483
646141
676237
770890
521160
655582
820164
882891
171267
27163
591737
910533
729460
447977
677079
671102
731607
815789
395181
877760
9611
596330
573575
998996
812233
22982
401148
184599
226441
169407
668757
707182
497933
332893
67128
41075
998914
354658
501530
654585
271878
473111
704016
826910
790034
57004
776570
317618
818210
97667
682273
514467
32462
652975
116655
764419
362283
530448
637667
953068
856236
372820
410282
39304
239967
966686
430481
174869
235010
33278
633454
242596
637423
980167
862115
132431
617225
93649
274568
840981
692768
433824
402978
528151
358598
257818
741287
993552
401001
141364
435574
645708
522363
94902
378320
928693
13642
877597
766699
343677
863640
401168
975005
656965
874450
585104
412638
621470
64362
275876
891608
555142
882656
874920
911292
417762
535160
133707
183242
606564
25092
168875
665111
551555
350601
126436
350306
332950
668648
81256
68774
966036
134199
696498
594365
702844
554443
887446
425492
685391
959603
235105
708364
551830
685121
177187
905852
144718
584360
67582
980080
299691
546688
40139
53122
803216
582668
238554
737742
999658
356283
381380
588890
200786
193521
819673
416689
4907
277300
214500
522982
868210
950658
712504
276003
787460
793257
29964
821537
751068
410705
169262
144009
694649
681826
586376
137153
57533
545946
504029
821550
678295
280432
722315
355018
690226
618098
717124
21947
281765
984816
36402
958923
672262
599516
5272
976538
420052
171982
533240
471066
227656
458230
380235
84728
738047
988923
582896
469558
426247
873215
868560
237422
582149
698539
791577
937525
553286
196309
15094
692782
870379
524150
631152
947730
613860
727174
662932
633179
396142
184015
925191
936601
632287
617716
232448
782285
350803
557254
539149
71594
656661
972371
972066
711173
100234
172590
872386
465771
628686
960649
903429
712359
500477
461309
999655
243528
528963
8362
433620
370683
287697
965850
559718
711350
457887
383927
857093
209927
327557
945426
738754
137527
562306
746158
219972
44090
759198
70085
946212
894713
968101
469951
269366
912220
318965
144622
30759
969251
128839
816268
460372
725708
379029
53737
133990
91169
250672
262825
243399
6949
486084
369857
529546
988734
703604
561892
104498
348286
435246
315016
45305
521502
579325
341618
81325
470128
164341
18215
916292
695743
805730
317269
727416
7160
3711
259655
165979
816159
478307
428805
747422
401550
66711
143252
863612
277801
318532
471189
775951
532054
816046
388842
855244
752093
419438
33844
22691
957927
91113
185491
816108
770859
688514
815653
756458
906550
131487
797290
722000
962273
648074
631920
850828
383679
381728
363079
87327
442629
503284
679692
864009
35210
112648
581471
567468
117839
637967
877844
375612
639387
144208
222602
773117
898569
948369
348346
552974
358345
205189
658010
394253
82916
675036
355105
169691
127893
714803
850047
981398
410530
642941
266795
549016
814454
21394
492228
981819
542093
70048
360081
154782
18062
383388
241931
878332
968055
354442
529643
802495
650313
227650
236845
528359
600544
500197
221405
713272
666202
470398
336579
50902
552335
92128
155371
883266
578718
935837
780838
859081
856815
979595
654489
491231
635135
157668
205563
685901
132820
79505
645929
316900
783885
98620
208459
700898
448267
958670
651201
392819
810926
573180
905294
65322
886490
105683
331500
362295
274513
408652
168401
523518
569169
52463
404703
266116
117273
629721
488768
878154
139781
755627
409
730705
84495
201677
653131
446952
961454
897841
769439
780346
327544
117438
677478
848589
533161
19319
314194
746168
821289
863548
688368
715414
878127
639609
756285
994510
474479
550303
693470
180633
908376
779831
507833
447348
61943
241143
432728
237641
19329
545531
562853
117429
357544
266493
751565
319121
418335
680290
875124
130772
96781
557189
187518
693609
941066
250258
638950
959188
647943
282658
711729
527140
359666
869764
539224
835483
520738
328997
816685
707663
436577
128160
287194
573991
91280
402117
391610
779861
227920
128049
8345
269099
172360
791100
76933
588044
390376
295067
298791
594419
307891
76938
39217
474770
495434
869358
16602
675267
920453
321792
357978
132834
604941
738914
124456
757094
690817
523943
465770
458314
611848
524922
150025
142539
798389
373585
332977
2295
100058
79291
80508
119753
901442
594611
338692
868950
727284
804495
757715
854646
986076
407563
19101
157626
384828
455906
90103
469725
462787
898884
134774
296593
638175
336764
648171
782172
139571
331643
748272
866114
202325
45944
459635
423814
950455
682884
253477
758483
455752
188669
70761
315650
568363
942748
548048
772704
246910
710341
190292
719588
281238
960539
790407
991449
497186
763625
482355
340049
760301
872879
432673
537966
354205
268962
324763
198082
599379
399108
470935
560583
899395
578654
599115
250677
754187
539098
104280
542471
663722
904682
829106
977893
260488
458616
243981
284317
455493
420417
233440
410487
860019
597417
564247
157573
254144
196374
509770
320691
413113
285197
35947
475914
173905
380163
416061
548786
226893
400590
134711
82600
751268
280809
465775
688140
677974
858340
164814
501353
60138
267573
303306
601358
758560
959818
390246
248447
408602
643456
576047
490210
424847
892042
914387
153632
621201
903518
369510
491983
876643
910347
499680
787578
160619
38189
521906
24915
147106
989869
768706
343471
592693
791717
384582
355375
631506
980991
478087
570434
148662
35905
844722
109438
433922
553922
806600
606421
388535
669309
676734
701512
660778
467544
848924
808244
219516
702038
538708
902676
40118
947708
756415
926384
773366
436322
180363
21383
495539
210110
216328
222249
896625
902995
678889
419187
553677
412922
210879
375533
257593
964060
769088
334141
714158
574329
247564
279326
323973
741483
584216
234540
160916
240125
502136
70644
715097
282380
373946
175650
443790
936523
565642
994020
682617
620748
15837
882078
9301
693344
736937
945829
723595
645894
386740
528456
709523
172732
52074
796983
579877
437726
910525
441077
667935
188561
491975
841679
127662
979060
848550
193150
131192
651672
59798
969821
911185
405091
149269
816325
185687
226122
669391
410813
324401
200195
923394
101146
467838
231583
36257
146342
694588
2214
861009
209093
246988
577047
12425
339833
771777
924378
157047
68859
509833
761002
56632
380216
377905
555026
761537
279526
925280
223239
781232
387679
219606
45275
21019
493294
818650
583424
767229
279038
118545
944794
27550
500425
534118
551617
88845
740405
163196
695856
241685
489040
814304
545880
239028
704796
535977
945792
205862
202451
75932
302135
397305
182342
19647
88033
414575
966666
710435
11422
231387
540752
436862
691886
657767
810725
788446
769723
673936
583688
526812
731190
403817
152532
797055
375504
365895
24718
12832
772026
38565
772834
288750
760126
707786
204483
864902
529627
26740
49998
570950
586285
710391
148751
10935
454639
312238
678253
815029
799649
86216
315008
762
258910
523627
342043
213741
168821
273137
625244
376729
540933
801291
69158
65952
98815
331655
632583
754792
921128
312634
235288
917590
253178
907140
919428
870039
347102
771733
442663
137709
769923
698498
74765
90528
479049
529854
745433
558579
106439
124639
848281
153361
315445
53236
944446
58715
798511
130176
328966
126883
469194
854549
924084
217732
668630
321745
245840
852933
754383
194433
253795
421960
268733
876367
738467
373036
993804
119525
527007
49698
592540
913236
194920
92453
207388
653377
160051
615026
342636
270373
4838
685987
591727
206675
623771
999091
287457
877511
325245
999460
950816
523162
330463
147748
493342
166653
206774
450759
488199
727673
648806
864487
466799
211694
677974
684365
120645
292691
769443
577539
492144
538505
635324
483264
723539
989824
393864
210072
699668
796907
636644
192147
968123
142611
469240
532374
649499
735914
945536
155819
660751
747071
441889
624952
466292
173683
424516
926695
744319
276390
752000
331420
809934
903545
124506
245323
372020
236159
542292
830117
217386
727549
668322
47811
713580
786566
803255
703332
600855
58906
775830
4087
404134
997954
427630
133063
937414
784756
528424
340876
795899
556141
896796
102202
435263
330653
220467
953324
422795
983919
571694
730064
711758
118173
895380
59156
338181
695134
810974
121158
768378
857063
914002
899288
235844
447747
389002
356109
797792
363327
152911
238783
514423
12296
936390
503635
108163
844656
680325
672080
695394
122149
375701
782491
699867
844613
7280
986377
854798
21970
574997
252281
279764
286975
261704
87098
978861
180794
691868
662048
748197
311644
883071
239332
403643
986119
930614
335540
443850
843523
685275
629157
748912
485420
685228
222072
681652
85775
385383
498760
6353
491502
290839
491876
368856
378859
945932
359250
692311
618080
856269
304858
734462
116766
328417
35082
225188
62010
900367
631659
457142
661842
505626
543979
937676
198562
764766
255927
726819
449617
830486
66286
383974
306158
25724
336713
25051
725042
109069
507632
852137
986959
377714
159890
659394
601544
975417
408834
241727
99733
711397
957506
336874
384297
415843
206924
716909
271389
358664
923976
311753
349124
540365
101229
795163
303596
727375
808012
892722
418433
948920
28390
781758
40884
798468
709217
344687
425591
290035
500237
710136
516644
208095
958219
470307
909141
859583
308431
198390
443422
887427
209285
406437
628284
337308
349763
881961
363925
482798
124294
420625
241003
8755
76029
332732
29128
28844
276989
742838
836263
70272
322387
624661
819913
597283
156412
717547
261680
864735
518099
956124
278620
893995
398425
811359
438065
145660
533557
989108
66935
27076
624230
261318
102257
717343
667516
815423
916517
918488
514784
399059
669635
48700
528429
710080
388757
82001
26
935958
157741
708461
813787
82002
510103
740043
691816
744435
362393
719360
241380
282213
599325
502156
939493
920573
727715
178996
136382
179666
853149
77671
136955
163194
601477
745009
428159
664870
506662
745299
160182
754572
817154
832232
60720
491466
634883
552261
64086
677916
794125
619478
70705
115911
911924
465637
417612
656789
597389
213605
836819
445426
894128
948575
905988
151631
648229
568535
254623
654368
643609
684024
79030
598511
27230
6869
840587
479173
758586
418646
374416
425302
561030
441757
19306
652033
126923
149562
794824
630410
134252
646681
97787
383469
969285
126586
867850
959214
917982
170812
680723
53940
988305
392611
767603
963391
456229
747582
530643
524659
690180
834794
726895
478264
801763
294150
126860
727768
195100
969204
118920
303334
142726
849392
427113
446019
102908
931581
837340
121164
611448
48098
585816
442138
230404
396870
853666
939748
216848
979008
632812
348006
286703
400186
80871
593547
91839
524360
366554
973825
803045
281858
922104
88331
497148
528604
965593
947427
883466
229216
133443
824983
272944
393925
72314
843870
592739
137776
879572
987439
679688
950250
352787
215500
47989
764476
111303
629894
819618
697381
786678
182602
530389
395627
643838
248454
80255
766919
191093
494833
183339
502218
564679
872379
291361
201632
732289
223563
113545
105258
850108
960067
536737
399918
429132
495300
961394
823784
319113
634951
812271
823031
902234
926344
257027
828212
303697
46457
971653
312714
872651
668831
128539
171670
664458
891171
651148
616905
164073
228323
178687
221988
30350
379389
114841
971168
212385
463101
596520
166981
391533
182191
211764
833499
336534
425312
820348
815704
424222
144205
886300
120180
274579
954132
318444
168305
176428
797208
933282
540318
738858
181105
303885
477170
993514
959732
939187
876737
994158
357797
449948
771982
812465
957818
600832
310879
712803
665943
922463
71368
203768
252089
862978
139363
610564
920230
295517
753790
789826
506281
566248
479869
617301
323873
166941
810331
918808
382406
546774
813986
586238
687146
539959
952030
722824
597689
378956
464708
795778
769020
287424
794437
939356
28443
202773
356200
747769
652063
265039
592020
124836
896040
327018
653521
16122
310764
889970
245105
139282
320121
549892
129940
149690
783433
251263
551991
30895
774223
388338
359511
883313
607827
68460
928897
699529
228955
657548
82561
160936
430679
64830
70401
967933
17903
92020
341743
724707
951256
571619
273028
939681
711397
949598
236322
273958
609135
429724
394639
772683
533318
789881
392334
447978
676323
505196
672280
247197
106082
868425
496284
136488
663900
384979
871147
757238
558975
838123
490044
871712
203327
69298
487324
604295
284981
699194
274598
305968
812587
727088
976945
722263
881263
189162
20285
28663
207300
830884
234448
212493
58463
54254
431219
226627
66987
237572
792561
317869
553960
893608
561517
941661
416623
31408
466693
714812
334259
517701
31010
929225
33640
195710
416369
252135
621654
12409
738074
372177
540547
429629
846388
515625
530335
950096
417264
953440
93302
676414
820330
847294
347073
439145
639375
41547
825619
179564
909102
698172
741671
953338
101621
992922
459332
133277
647146
443572
442308
132481
305554
824849
741016
243612
18995
39724
160946
995696
970405
762998
614974
766758
448811
150681
803958
258774
779492
417437
292785
840822
15575
624411
253127
696996
307351
591034
629549
177540
866577
446973
252173
744841
225254
974134
466987
430323
51866
553697
183970
773963
132755
229456
853559
805033
252320
126249
773601
740876
612939
221074
301751
729909
123979
254520
2418
145719
359015
391423
492687
651037
231317
92217
768248
493532
469923
540211
88230
269781
792088
885081
76918
699442
262592
509160
560711
788567
706424
500621
800241
129153
198527
526473
200467
981445
592816
338294
285631
216174
772365
214942
711320
155820
803665
749010
352494
847160
460069
517584
54168
321764
643024
342891
460557
956793
74401
44742
448840
135316
259225
814176
85288
23603
125344
596529
694373
432173
935010
162183
585564
408133
33126
864531
217862
418181
747851
437239
98748
724860
291494
566687
512046
833037
823106
390475
248321
689268
928908
519229
871780
653593
652656
656398
699235
131497
865295
399613
589558
153184
201696
347144
846139
117948
12038
204324
20231
383381
776330
187325
169637
372282
212839
655481
175088
394574
874622
568363
45723
437189
373124
60136
755448
761787
493763
151230
43571
268356
375638
376178
785924
232143
616012
896492
996817
202027
629892
488746
257513
560374
846064
650570
383492
487563
353118
951060
440668
848788
422504
667118
799773
826419
930383
693574
778516
958099
75998
692424
562700
608929
951528
455358
520355
805519
456883
493753
727011
790310
772572
941618
505626
616535
104816
959515
51265
597305
699258
961249
758470
446758
183120
150190
698393
506845
140379
48348
803066
540259
450507
928895
705848
188164
328553
321572
859878
340805
192817
50513
510501
349748
456094
585257
332987
222386
87439
838285
63438
682550
323642
926210
248653
255452
223062
826767
319824
340850
849206
310064
555262
575263
747421
69
138983
652191
35272
931122
444824
168753
865687
504275
879847
997777
241640
319578
106171
146323
162162
962946
226940
54759
861643
460036
570014
814958
467933
774625
32048
841793
749398
425221
556008
119089
747141
21237
206725
259296
995757
278796
481997
265593
724523
866302
950804
65796
900605
251195
45579
599341
226881
571852
852064
481786
239166
442363
38154
45706
461138
512981
642198
862481
169967
555322
301617
686431
701631
818907
644263
130895
382130
414473
987837
285263
109303
519476
196737
912642
329629
272524
531099
829763
655450
326002
589373
563856
650185
159960
993642
405700
372674
425345
295973
533650
116444
780971
694470
970423
405704
916153
539267
752517
717105
709719
281582
841636
584739
766148
473033
988070
715641
890880
657774
967966
493966
419384
516622
359542
784284
698341
420176
297738
257917
432369
627051
452442
560914
55974
723686
812364
518316
767969
543804
724773
226520
374392
728434
40746
324068
625986
291514
146224
950895
307587
41462
121105
907060
939334
475668
261741
304197
583359
812753
726646
566411
914702
156505
120877
982059
411443
395780
421449
133846
246618
336251
764338
441886
223243
732721
263013
742841
883830
344857
209120
298010
747072
874503
717843
874188
476884
659385
123648
573343
672813
295825
206497
900659
885838
942214
634332
155196
409897
915332
844491
603397
376989
333207
954925
52918
692516
981064
195473
382709
387543
281000
780117
305010
35968
231381
103076
135917
987113
448578
634738
633368
298044
991471
917844
24912
414970
478283
620018
192315
849361
115646
685649
606073
321941
651411
248264
10078
106553
935539
114001
45217
595862
727563
307397
970362
432220
624390
382659
390215
899501
498898
946739
431685
655542
637556
114941
123954
299843
844449
425458
832120
717471
139421
76155
470278
617660
319653
215073
877113
194391
576842
415539
175589
376249
566257
397441
158015
704180
809296
518133
738741
478277
77754
549608
299009
448545
455896
782976
311896
989601
105502
556959
980066
395573
369409
894043
744999
659008
740691
46043
433593
856368
397450
400324
496521
52745
457303
378504
262439
459713
841003
671452
383133
432774
651228
397510
676902
778641
270423
545290
390964
757642
960694
368094
498398
112828
609080
233869
21096
434878
403161
802807
527453
180722
644791
304111
891964
703818
613840
114093
123666
725300
379216
799711
571297
777781
720991
284791
95305
287367
875351
820609
860285
124469
643158
998173
246192
650309
513289
126444
2595
513539
843496
918920
177529
710193
814403
580403
540919
710218
826345
66443
192325
775133
244105
499868
793698
943889
911214
471959
400084
547815
653333
230271
174681
530539
69317
560725
369394
295104
268937
508559
827972
277995
857834
950836
926099
958624
393101
432677
301225
552826
737043
609995
944688
210222
221969
103475
229647
137849
305484
561659
230563
706231
443635
255447
253453
259121
238301
581971
840855
44421
525639
442708
641443
411331
963938
578883
441421
177564
852137
596608
343344
860506
364324
594869
547699
287497
120901
21403
443589
952921
33717
624646
747070
373618
660291
144375
239174
609140
881362
689302
250378
59686
576381
586820
414256
632069
113107
858241
370272
372868
890371
372300
34155
707958
877152
160345
774022
498905
76450
338568
331396
229225
109074
575767
608467
767334
660272
69578
506474
318031
361285
549754
844748
370644
788193
913981
15979
679516
652091
719916
440489
571301
927429
906507
70740
163570
619487
798337
167078
400516
107290
658659
316652
164091
514871
799934
199697
102698
361651
535100
920835
234596
821804
58486
817776
829464
282805
682162
535787
549115
535003
721721
813505
337136
846867
724865
864175
87265
384692
666868
456079
691622
920877
198863
796946
672417
541497
28102
109321
234591
111763
33726
347375
241847
587016
777259
850340
314837
867317
653949
853751
977802
785236
49246
686891
538758
989340
514114
173318
178359
939951
153551
221075
543840
969117
134592
840156
997012
373329
463245
857053
549053
805371
954208
409637
429863
810794
622905
900418
186080
214859
566264
462131
179351
207376
766844
146891
365267
395763
154329
988597
273408
800681
689062
807985
180211
754032
194211
130744
568954
925640
156333
871304
104889
252831
738498
498383
518639
376204
805813
243133
987236
295257
850093
536661
829730
349116
318596
270968
593075
300473
1143
665801
894059
254946
810619
493642
704307
383418
503763
166040
117940
931519
632309
716719
25272
798255
288968
30378
530942
44913
18397
760789
401178
55698
600217
257840
302451
713168
279299
480335
102510
874398
417974
309870
44907
637874
475455
900832
179325
376518
681694
702533
32634
278783
766062
571718
139338
187675
625639
957180
715154
856611
873581
482908
453708
351391
794933
382221
153921
219182
355433
142499
644421
218216
558254
408678
261342
856068
624298
663327
957197
719676
183584
452162
971023
596890
908410
956031
873795
687209
793410
523931
718134
778418
593266
376277
967657
126235
765783
63699
858796
915653
636144
423801
856773
605523
397652
716832
907399
162022
994847
340932
257683
172008
896870
28601
720769
93855
262072
708241
394517
451221
19279
278145
8062
604304
946816
384976
266992
843479
917280
924801
795328
941844
94218
391950
531253
975995
16305
389451
723616
178531
185246
584518
997479
821064
985574
143551
309555
643163
507644
213320
998154
140490
119575
328497
547292
104497
439528
720427
130915
166390
696637
377975
480722
739690
337057
368566
129871
678552
131039
365962
624880
173112
967565
551064
869316
888492
985029
53030
365442
120682
679578
880170
753727
790369
157181
853613
715207
424902
751111
401427
997961
888912
813489
196878
56482
515722
607658
531720
551560
464524
877602
3885
748279
582411
851273
568695
671063
785702
146605
253659
727220
991580
292159
869164
394231
928953
348763
860855
481066
736513
424163
44188
420104
116336
709624
337668
23769
952973
35586
768469
148779
730811
842884
962626
750957
786624
896714
51722
884824
419530
32437
428951
304755
147236
715478
69680
458239
945242
221996
195118
826859
134827
802646
902380
766859
695961
278706
10289
228747
172896
137954
777397
994114
13054
347150
337262
357962
133903
778588
665681
506047
747903
360152
645604
189347
992156
801413
327644
681502
707304
22787
797609
420155
789260
220364
157164
179380
897757
836003
999762
97936
947279
570397
421157
396880
728790
976259
42332
160100
214778
99423
742371
122619
585500
97592
799786
14076
780887
759602
923067
638548
430441
372508
214646
536959
342557
439438
457236
774563
345030
338115
237475
123565
160156
128051
329004
669722
170624
363899
445627
661785
386566
953053
944892
243971
659422
807545
313427
564157
204929
283422
297586
634289
795351
175217
356440
234559
560209
338787
708864
99148
195089
852699
622472
598924
519722
996528
749339
145216
749390
223808
251975
578891
547786
738096
182688
880179
914850
242469
80506
637290
229651
925962
32002
845617
316291
774887
505886
774377
229868
852596
115926
833823
569904
278196
92739
603712
520250
252891
652248
442473
487312
632000
637037
386604
162575
221429
776584
371064
70712
189218
663340
154014
181206
726005
73817
713011
959248
362634
577355
294825
310759
158802
469951
747319
236777
313557
946497
239391
653999
616633
82038
983738
761174
558997
631090
117274
535099
851665
873823
465297
425345
563772
738875
518054
83442
84001
214777
582133
10093
633940
625478
734153
333095
117563
690157
900519
538999
677969
413489
114540
873135
450656
759776
760992
295481
652049
752817
408263
333971
322629
113108
649495
912165
755959
794974
226677
244819
888043
818409
595434
192752
695882
603939
3301
47489
959742
613492
100554
576521
580584
476269
80202
301640
12241
935833
352555
405621
267366
893099
799803
366660
386837
539640
727330
405321
224186
76704
731040
95320
889846
797560
833752
37370
224357
374263
408753
324372
225375
34670
604908
636613
440244
941492
215237
197230
954028
492418
189686
491033
752342
448803
282842
603911
918967
770156
648623
275370
340160
782630
546545
273370
330722
841936
707918
498471
871311
964603
325385
303403
952154
996212
75517
874529
855207
761203
61675
163263
74994
296119
73186
778368
977779
706567
96897
454152
229344
407971
588451
194932
483622
511099
613189
962744
817555
895641
600352
823124
921964
78534
119319
792887
113902
328484
782874
244173
822874
604124
110066
610661
321429
800441
939996
314657
120120
476597
777907
287916
627407
708012
276247
194359
387067
956531
905913
479484
448784
884719
756670
669110
202034
853835
320773
919186
309049
439737
60126
678763
209517
676947
534834
469817
37910
898348
879806
210469
693670
976446
456083
212249
235194
491864
574898
967399
730473
855710
294959
108816
190369
694686
427283
473081
234971
871285
46914
26134
699106
356147
7178
521492
470003
795618
179625
152514
468280
24798
401648
133080
832825
964813
403762
95126
50814
312803
309855
426858
986029
184070
656217
192058
501779
398078
258996
68726
649175
413449
674710
824450
197148
11850
444798
206194
617523
706631
792661
763837
506623
509285
950502
49637
824297
125327
833254
839865
261924
870837
348224
510265
512859
601985
231579
463538
211960
731982
936614
554939
835227
973464
763779
791156
906285
788988
118711
188009
443318
658313
512091
564087
698243
178378
673898
220318
889344
700333
944697
909543
809205
677747
927876
235537
901751
151060
239287
637509
645315
825581
74543
413977
853115
13835
229242
818986
808140
307739
153706
124046
986402
222118
601342
680694
490637
208257
438517
441500
215991
374689
223910
101406
199842
972124
236545
6640
569880
200416
734292
245060
997682
177690
358388
879626
589461
975219
764575
115803
701327
466366
757737
304048
253294
363910
434470
70134
734476
227256
96791
538922
241263
409549
990240
571287
570997
884407
240929
169258
605540
642983
718596
721030
962307
884296
936558
555368
164748
535213
514462
354012
389924
731246
176024
331053
187743
765255
731516
729840
434577
668400
3505
110847
183406
26154
194418
108018
3286
851925
765794
816453
862864
341789
501612
740925
605823
116096
61867
282541
590543
117148
997641
69976
121956
676918
895152
52063
890452
394713
43852
160119
750882
371944
782401
521231
824116
39620
466405
657844
84257
283934
823073
844330
306557
826245
310510
807832
494225
846037
983134
258507
676727
648875
279764
313426
277864
776117
97178
738703
88806
329122
489533
76064
249436
437912
342777
142882
540767
742730
413252
98838
721867
476659
190969
257702
606619
238438
150570
89328
68851
826857
86786
404811
188723
571554
396240
546879
308987
439814
363727
517890
856600
824889
738653
369468
403358
328637
146089
850624
588635
39718
166943
265314
207955
778326
243056
725754
983070
529419
915537
504399
272350
818619
288459
985351
254716
98444
25091
795052
926036
307255
630097
52492
583765
639280
248694
320739
343827
221301
722553
764467
633124
830064
182251
222243
531723
4211
27382
387705
300682
905491
747966
60355
424667
66255
674599
474537
22889
723690
409806
44272
537573
786000
389360
471995
196091
601709
749874
60814
861047
610471
437747
242765
531998
642279
284591
789664
943210
101670
595567
908474
413698
524500
649580
439739
349016
27104
394067
675458
568639
981116
532186
891894
938482
841965
146462
553169
624961
435025
980507
283073
655233
160638
509212
125383
367599
517695
967865
317101
766769
65185
581910
784346
760568
442122
341617
837245
747855
348447
799733
88044
51814
453010
535201
445714
248453
39455
122328
150728
527069
826804
672345
205251
837584
808763
273053
226858
729082
144253
942323
707976
464543
101397
32485
898630
208665
808153
375184
46630
828866
95053
840088
527234
123931
28916
395839
473383
100454
831209
207958
877994
254152
750634
785936
781356
681257
116804
700541
79567
244636
240297
932406
694022
949943
44150
484245
327330
149021
312800
491608
797630
180930
226711
700836
991134
585406
414421
847960
801821
79207
98435
168534
37567
72717
37411
995974
163581
622350
874268
164717
926891
363713
188356
724602
359699
151125
19528
294127
394805
841048
882964
232787
342873
900102
325775
696501
779187
292784
889945
555142
966630
409669
940852
97520
801980
633762
196620
426650
414216
510872
950741
456988
966374
389252
918937
465297
916606
824463
360895
218145
979432
7266
628538
801543
294791
965589
574700
412026
860332
315959
319530
533541
111510
895503
716728
120761
644373
692511
487628
637004
467566
111722
398430
53734
842893
759912
44315
208625
727896
618029
773930
240502
69274
678030
38689
171971
712538
865729
983580
94377
491174
345404
409630
824735
137672
107558
332917
350587
19148
78133
240974
856275
341863
855668
804702
632906
391818
582288
242320
714323
582692
385069
751673
652682
567742
286256
428148
449793
438904
473962
867689
294143
84141
349400
217898
418580
103252
822346
784901
89915
292639
913471
429657
469255
601179
840320
894623
840631
632179
413149
890125
495577
220497
747478
239559
382558
349259
12147
633503
482709
687222
174812
575022
757137
325653
481257
911977
426058
872726
710516
946827
286350
923774
84770
490425
751640
67342
81108
383500
307810
9828
291656
948038
116881
105611
909279
550458
573492
564923
377921
959484
720748
878293
239861
463829
565999
544286
236544
778286
502132
16321
275331
611550
236285
894739
961404
395062
855380
781850
12259
79413
916722
890603
21593
93291
741881
451546
720097
529715
413434
198174
92538
375255
326620
727291
453724
130158
531796
328932
860317
480815
518598
959436
41148
780665
539003
391641
365599
971682
44032
217783
237772
235761
317622
303493
703592
103825
931231
495437
988636
970189
214027
870454
146423
960698
536066
580680
990029
885393
835625
396969
4340
569907
486932
382046
991890
204552
300782
735177
792162
476012
178111
741720
532398
153798
695350
933804
517359
492085
690444
22456
46159
277290
739708
896877
156197
602710
268213
3132
537391
483792
920215
712418
634319
241053
731145
868124
259525
172414
588992
561289
878208
412687
450442
325650
92612
35171
785923
366318
753904
388804
767743
140231
559960
384021
786805
591885
959400
941485
985922
614434
675392
100027
631526
854116
187122
343676
310634
805055
62543
552313
136198
251839
122886
606534
371511
508889
37592
84463
143145
578461
97761
676793
201912
303253
596841
916017
12647
824919
459222
566806
806142
176406
500551
556725
610353
633870
978009
639924
693035
533043
894432
81215
294264
615264
857105
523866
4817
609992
160197
861728
655203
683467
159223
374735
120150
587296
936594
606580
14658
826082
719223
464336
860260
929818
502309
802002
933926
964629
857859
313458
677071
744533
962152
905020
238452
817245
463261
843765
452224
188667
927940
885031
311271
923540
256560
270965
785918
213829
635471
961723
659461
241798
308065
711902
904454
181296
688997
637008
7513
978645
120394
728240
565406
133621
874615
368612
421522
561368
844963
279377
589310
757692
733968
482989
218110
913019
448253
807268
896795
324427
839661
175206
661981
440482
894238
425789
180043
140245
963819
693461
706020
395636
659407
437323
587496
295468
581162
55888
277838
519792
146762
649198
50724
744823
398036
897308
866672
131544
815215
212663
132330
5192
848774
293577
414546
68202
90783
957026
523838
5756
750827
661190
765595
140952
375989
441638
572443
875715
560036
79805
177468
13909
723872
198363
465530
704717
917484
635324
648701
667216
993020
887194
951886
561159
429308
631208
65987
854341
550022
337677
728499
303524
870895
765672
425227
213737
835755
698789
871841
969898
256861
622413
630281
945011
361905
169935
942565
780836
468216
72539
623331
209764
954132
35716
642504
40716
378131
435339
850742
667265
308284
977127
152878
472761
667699
495570
318347
805098
176071
881833
532632
772861
773118
724899
740057
974952
746588
626196
805789
417369
655675
305163
533692
293709
40124
551690
616741
10016
335956
801112
667953
819983
380631
608376
582377
703110
383692
580276
614434
666260
263279
388078
719957
478169
804623
327621
908582
956813
183499
519934
579634
321143
15816
252652
73510
791528
243915
150967
960533
577391
850820
836613
910575
625815
605584
484323
339298
21560
786078
217444
410611
726741
99926
597865
390008
427523
829999
560152
789749
615568
567784
15734
224357
673535
766088
10247
403708
656817
741988
755576
231038
667766
691555
77910
544470
204051
739850
824060
643194
629358
42795
550536
373251
962507
481989
383363
212875
510176
549160
281316
493667
478743
603893
61264
621395
592391
806410
451513
919008
917454
676618
127520
504496
547072
411271
154094
437514
535622
803049
509156
221219
488924
848485
396357
629575
514141
906102
867352
745404
812343
571780
869228
40754
57085
275299
208568
308710
843936
970144
80879
264532
918766
188105
752558
674071
596664
160829
702314
938694
768757
672441
29948
168482
160766
800475
222592
909258
55005
726782
432018
854045
516619
355774
261333
65844
275223
564229
685350
466146
804689
525073
136175
602405
816693
696990
973997
997710
337731
752316
532820
707216
774652
927652
681833
58401
890394
24749
375351
936025
409406
563655
977738
387704
51391
395775
244446
772285
152336
421388
716269
150778
673378
924380
941172
128355
320949
436293
376481
895991
705710
972528
44001
791598
953132
945399
11554
303046
945232
51930
556704
69258
420757
958687
431871
100595
490253
661605
994788
136044
732811
985689
94224
782264
932852
807621
508123
838317
688189
233729
419782
999978
574703
146437
887421
958779
288314
244219
513487
763499
201535
943254
552220
195592
69744
283404
507545
825090
201416
286760
868029
359807
266912
53975
1645
878197
61999
251703
390301
545029
965170
543943
322583
449066
531890
950678
882865
273217
654275
79194
575936
610204
981300
666546
208507
870523
842489
896122
712448
894575
747132
506881
439325
577079
641443
800748
81779
39455
497656
271864
784534
144641
481919
730730
196273
438839
901942
477017
183370
925991
370711
286679
677418
433313
139182
722195
660753
710003
348713
549175
607619
816295
33095
848229
793356
806288
60410
747897
759983
185558
846525
572642
883750
133312
594895
599267
428736
18921
21434
545833
690269
313903
8604
379027
832951
603045
399410
19136
810261
32048
189904
46139
316231
194212
707866
566167
64368
154886
975687
984421
815012
40009
347087
548858
479515
373812
680151
178336
318135
140821
763265
269590
718231
368580
445888
889317
290346
880032
942695
820
51990
748333
77474
149058
282385
901850
812282
333634
226210
273450
267682
636160
200306
865658
581515
536592
814567
112123
376502
752552
956705
955795
311063
866318
910293
135573
173108
966079
476497
275675
243150
21197
252096
505798
200929
735673
279898
505154
678869
179619
132372
59781
675995
585517
115280
450044
437590
314156
685363
244044
78688
144589
364543
362688
183607
723089
402910
603462
849087
218021
193665
162492
155201
970688
975468
78250
846034
206649
671093
935335
81260
677643
806027
613013
480087
441186
326617
340752
320612
853072
794609
831788
680535
247406
873393
805790
509236
709490
240984
782957
106592
808757
65771
634470
250504
152160
963269
7960
262969
142798
915585
411726
633607
384230
980070
437707
429945
757882
739550
330760
615318
319051
353809
870588
568122
806477
760439
322688
550267
741102
42908
35996
607993
801532
234686
117418
404855
406911
860474
497270
784502
212308
329072
614631
439992
527387
887152
897955
926742
506063
219155
193796
397793
322966
935795
305293
862946
452011
132091
842118
477405
592976
915604
654851
350931
753949
306514
229321
635106
490636
193409
550192
194149
327969
92125
108177
993848
945081
299726
921483
453502
791659
661642
669685
397386
421833
577272
296976
915083
981186
57778
731811
394160
963113
619565
691229
223982
562696
547891
890683
186079
699412
597291
364007
344337
54402
508976
13166
327366
273712
820081
953752
255768
825796
315640
699704
208622
869782
131354
739531
46354
890370
953731
596352
611262
785934
983887
35368
812319
558272
332263
684889
867483
745668
293768
970872
24573
265281
516305
929928
410915
386593
420384
162058
272259
144527
353489
911931
753117
619037
870105
26276
543487
157351
216779
325029
171069
795761
571315
745147
453378
849714
836183
468549
640820
884168
818454
129418
79600
50563
442034
111169
802451
82425
232717
889635
315543
78556
692526
356597
991494
570893
337077
66555
901286
273561
108133
389681
621989
340294
593280
625183
542519
919323
985598
231853
456310
287983
998473
466351
777569
873711
14113
884826
546934
23773
589117
359757
502692
472962
66377
491439
885293
76692
449848
552339
315790
526304
887177
392554
42889
444084
74935
55930
88696
467389
652136
208922
339796
674466
179994
868057
428198
978927
619306
326918
325742
925546
311616
629836
935952
656931
346248
417050
608891
688797
852565
474828
427437
530983
195257
864151
317510
122013
270199
72786
520113
506924
99398
238159
729662
181237
705773
122201
250939
48372
811987
184394
856084
993468
252278
795531
633406
663477
112205
362230
11408
161572
518478
891050
314232
13325
689470
311083
658883
942770
326793
695193
739895
708380
679244
372602
63746
492148
642691
809327
493141
109395
72925
47990
540414
612561
83240
444841
709636
699175
474475
419342
328629
702357
602481
940468
734909
841608
926451
513922
383739
842326
201278
505735
431750
994381
778085
740273
616257
213271
759292
444463
798213
691762
818070
775076
365847
285614
336749
362212
806390
863880
144726
529657
144912
472445
543655
111576
622094
308890
496168
75051
936929
187411
824099
479244
615630
384448
13170
654532
584683
498865
753324
868722
823790
234878
657351
162511
53569
821667
695205
482637
773243
120459
757360
718710
605107
338058
417800
758504
825471
665232
405704
216516
165832
88991
514617
61899
453400
89726
678877
974427
426712
927357
729276
890902
109894
745015
903455
869493
458258
774484
531195
95756
598263
514516
440802
581651
876467
871324
539979
867619
104944
899926
713049
827878
844772
965745
646156
500329
304498
857710
442999
715047
447140
627321
925920
179088
197102
702543
330623
590408
217489
131027
697534
299963
588676
644120
638788
18596
860561
601253
317055
74125
373803
773722
410891
764066
449432
357543
561034
420715
31601
566971
293037
907872
634790
653450
693846
402253
994708
219150
183435
477688
651156
249939
567306
706500
801526
379527
181654
219977
155193
514716
350232
928666
191886
101055
560402
393224
181270
988916
735610
657888
556289
71884
732486
711126
749423
612533
723005
621862
398888
445073
435604
814656
910881
50014
323901
393563
724345
832912
607627
901897
266310
807417
787593
413927
508746
282270
675029
394568
241928
82543
195315
334434
664710
297356
227125
770128
658653
539435
520246
933472
160861
226321
298758
938380
379432
448679
501055
110403
205811
578093
734110
791478
69921
884875
926636
711235
656812
85848
354283
806233
357650
922716
179697
189795
63240
583546
901307
827641
924860
23071
136855
358331
5058
11907
981236
412528
320134
50467
772889
731430
636416
120256
478976
362216
524007
613394
66820
217163
594556
680637
167524
323128
553696
668827
57460
159370
684153
280601
484246
584231
642107
582382
146093
984986
997281
11068
696871
450213
776283
85494
993945
960308
379130
615685
931855
819329
630440
821046
612097
810129
399653
918074
787759
844787
178753
418838
491499
203618
241279
593374
506307
808607
523051
292314
870740
360876
162871
600496
923785
586849
720562
597937
489231
284063
450063
841488
675421
335111
646891
48644
423454
366998
12150
864412
375420
273217
179354
522760
853941
387156
35674
676155
745297
697986
235858
659791
860628
133943
354870
981564
913173
603003
454456
884510
594256
177181
449130
415319
356684
534284
548749
550721
421455
529685
227627
582948
212163
560754
624286
146127
891186
207864
11279
977398
922752
488432
991117
749696
620184
944226
372187
87551
448096
697242
257660
182940
445070
555710
740714
265111
508278
229347
741033
546503
438775
721755
940359
166251
584651
7913
479009
83478
638944
175986
60587
834446
650226
315216
378756
560844
585966
565464
327759
740870
852267
908991
287502
610442
18302
481366
884334
348798
619748
405929
20306
720887
322741
415024
636488
18385
918343
811240
630070
821828
587273
643230
580306
318256
625580
323166
454952
651961
354206
296703
266717
60294
248840
791379
728349
352202
421200
115625
315305
624045
458845
458143
786591
975420
287872
646163
137176
387138
161288
861160
159513
854147
95622
881871
277024
328130
79272
27014
79050
17658
158345
603890
34551
118182
69204
334094
191026
99845
431672
923835
275402
267971
642808
673931
505281
429274
518417
783298
591780
146247
417910
789836
869295
242836
57867
413853
222872
936437
470646
921754
500472
214408
596574
11479
395270
847706
811764
136232
362229
739917
288321
129311
993527
146877
459657
970423
419057
670220
20896
542613
721007
827626
832795
269013
55703
433206
817349
589887
161187
983343
434221
342988
195635
736527
609375
244032
399574
200078
50739
829151
903936
292360
730488
417439
116372
535975
939480
879285
509799
255607
726635
254947
310083
903593
724488
557873
533765
316950
331917
418559
62180
921536
975979
577282
954864
642145
707056
617820
3007
551778
694943
749322
602828
98989
288288
889776
389079
89110
175727
782070
710505
463342
844309
382403
951918
319093
969273
300887
911662
545622
588962
645424
928595
910951
919655
222515
219305
429183
447293
682425
934133
361776
496579
861178
769694
261968
822651
268154
585913
58490
896491
395570
367199
292858
462480
284942
40266
273930
634967
575665
115148
94116
270463
82115
851379
163499
603027
798232
667839
161334
162667
112339
812688
78763
810027
929969
888853
332286
315360
348780
690915
764412
285804
507169
950848
716098
402135
236990
12891
254989
864711
190810
161960
74137
668018
185437
315338
537796
824201
605992
53997
844036
938207
848571
517756
298376
600631
944612
517564
248237
909092
706335
328577
314987
54923
960192
19277
178489
319225
694037
844733
318464
10752
233766
186232
797684
847889
886477
754810
383880
37906
839726
292877
50448
838922
490244
805924
170424
703493
790543
435439
523891
197452
648083
444497
575870
763620
889261
429079
349918
57206
809239
791070
622085
18239
868672
712910
90519
66040
669697
359322
637951
801780
946081
798050
797429
387349
936198
179449
56114
332255
172567
43863
687575
765020
417963
236047
389980
391469
205641
797537
125710
249578
200022
380679
207346
59009
384214
182166
855653
433172
902043
129260
167085
472658
234780
68482
671514
291083
276591
4424
435281
837895
787713
15399
970348
977384
650700
333040
47235
159138
332595
214529
877604
172420
964676
659009
31728
415375
491475
723814
886812
829768
412039
181526
363969
152861
738965
525445
204889
420324
934502
878940
63612
717512
748081
193212
244477
21178
75898
228387
4272
599677
190735
204447
954726
846933
948968
681335
250929
613920
871787
181719
931923
71129
318898
305208
991623
886489
325554
599430
501368
35411
57531
251250
379869
873115
253697
740474
211915
194128
472149
958769
854178
879806
433373
938110
434574
391981
262734
255927
751086
809278
974582
388216
6585
322411
111614
767243
278129
105706
55593
67064
112372
264363
159401
287934
163125
120415
515364
539785
842777
445084
871127
35293
546210
371205
931874
694680
123985
626622
46483
937217
931009
417932
65247
688522
957547
763670
978069
368078
261358
327030
794601
638019
162903
830416
11560
992062
439981
947610
927513
842583
63816
164064
11697
624163
855532
471803
511004
573572
810119
922656
488003
268957
734400
1994
522969
715150
276184
504894
384135
747338
383693
97623
72932
791932
727520
29567
784784
571360
641797
524178
491053
168559
696898
222288
44013
977341
102931
677067
934287
456371
761430
307160
88956
277384
932084
403004
388594
412324
161976
751048
902773
939487
336758
191581
196116
865317
456317
958107
440774
56372
11919
959664
486227
455074
647484
262224
483618
113209
124550
901292
139352
218746
478647
815025
181484
214390
654233
125710
162472
310392
835980
217109
293134
179495
156147
56218
605218
388476
450902
990164
373762
168624
262904
812468
395459
456566
343101
237621
415549
747239
491613
48887
723286
192364
695749
91500
694810
550678
172596
971862
852314
50240
104313
793108
829665
958497
566146
508361
487187
672417
390368
505240
302112
438789
483748
848637
76207
393972
421820
203549
948435
472650
980151
835668
677987
876801
630939
244726
171838
218933
932722
924000
271041
157706
171621
459166
881205
329465
574462
680638
635207
645765
907274
865752
409917
574853
297109
50652
183815
854138
670734
356441
918603
191077
290728
860146
375512
901462
487624
948280
35754
106982
836188
279243
584633
67998
704563
450537
740092
462863
316948
217763
559047
941681
213620
644570
738609
80275
266540
876218
844366
939233
214434
324130
844175
793233
18168
924812
803433
237488
205391
793710
106631
800956
772825
33079
109985
400100
145280
672642
701259
452319
152332
722829
845418
234769
976823
102556
828551
122154
553709
767050
577531
666163
953485
705887
129172
89575
871286
607432
50186
659678
460982
893076
368027
578462
402948
513151
362758
481194
274880
366114
391340
370284
6943
453596
768319
827995
445694
916102
610648
649392
825631
907669
469422
615987
252902
862465
517616
990965
142605
82333
40422
458394
919272
731488
983590
651740
189576
263050
355228
121070
26906
21832
347770
573697
969435
268780
149393
489602
826415
154672
547939
760857
411888
234183
595441
833330
880629
956130
797630
939336
428091
191692
520360
401483
734245
269647
563655
660827
680664
176102
144139
636541
550820
545962
847886
259652
135515
824342
468272
540017
908517
508338
27207
323550
711864
693082
693137
975797
196014
240707
755541
588357
596877
766826
293140
946188
299971
296382
681851
416728
41328
879156
628554
125855
525474
674997
988028
271057
702674
19777
222939
188776
940852
765321
575
840766
851963
750024
85051
713384
588282
601616
379979
734094
10988
199481
704169
701060
251580
31191
641696
894571
836071
366377
597709
993114
722589
640795
12645
152304
314904
694404
540067
121426
757575
539529
877111
570260
592844
148625
851574
377899
165020
345913
315982
495677
995070
263120
376479
137876
716243
976776
493206
476777
61009
883030
28859
722683
820234
85616
893389
454927
657433
573652
35382
336450
154116
248096
664426
892411
486638
919247
253794
862371
690646
242326
569096
745963
556114
184212
196074
553550
814147
21589
299492
446224
426101
59272
635138
903607
466296
227168
158223
293271
301449
465353
924007
232173
513161
338924
360281
928384
284185
637790
406348
770462
774887
811296
459477
792199
353185
963523
547286
282048
409467
792365
653360
729407
887370
293941
663402
504023
591964
273636
970520
150153
798826
706029
380817
943681
680622
768216
594180
408298
592252
934478
200276
815890
311261
865017
825989
306689
917146
947404
798121
156304
111351
256662
443918
889606
429134
388345
942085
395578
975199
88730
458166
932527
26849
857182
150790
929732
91623
728021
518983
789384
780764
252650
475870
471831
165544
297473
480313
507455
120388
649080
35615
220128
524889
575403
873173
370049
96232
430050
179050
127836
54216
106719
292659
277149
782944
651582
409357
809672
146467
623770
952496
624156
140029
857546
445527
870344
114257
124478
911042
588901
896554
819937
51183
690130
752093
205412
722635
987075
276249
926671
509443
952700
990957
497472
518211
106240
629402
189555
872755
450347
836619
301817
769081
178571
287965
95100
366601
951779
33133
773715
237783
402480
210265
770816
575974
167625
142875
251957
869916
673298
231743
189657
293538
98822
984568
581497
630853
433151
988108
385277
158380
303022
620680
526975
541253
300192
827327
900729
464253
864191
335602
624776
415264
387356
276848
943296
766216
100550
296018
71282
55335
470774
882471
968086
164594
296015
834879
494978
907533
418023
485264
663055
395136
990287
550363
710058
431284
536356
252933
558116
104302
612757
661260
799199
687430
751068
32064
730990
938577
495381
310161
123155
898516
774161
837620
332450
326707
549673
755876
104817
985218
673460
546118
903626
83787
142978
646472
885418
332803
502336
108892
708008
216082
959188
814351
200509
291546
900195
851832
550826
555506
879042
284766
73399
164994
823886
678025
808444
102657
165178
439178
173673
689998
820182
239691
640436
207309
487089
524875
938486
262398
499503
395826
606998
965284
571145
952243
804257
412300
121019
521954
164344
460594
510824
71102
146435
282812
449307
488404
760757
731763
22320
367518
774996
116183
292698
373502
505938
591242
180685
272485
83310
1218
383493
228102
636317
676818
421650
23901
198055
385902
510191
457848
248979
363919
844295
273219
727824
109125
61880
639580
26859
417735
99709
378215
958074
955411
394965
838296
927873
514042
400816
573234
590094
986574
682371
741057
60623
7656
438503
458366
371623
154191
155390
174267
219353
577401
239216
498924
216798
946800
898319
820710
800794
626523
249188
476652
663065
75743
606055
202769
75566
567431
180433
84047
762737
453542
964794
248224
36790
369688
403692
103232
756821
968727
565995
5032
298564
152
923456
860758
128807
811020
513764
321507
766962
634171
220246
899752
886042
350768
135817
558295
56210
766749
495301
60824
166372
826561
458174
648555
872696
602575
102815
413123
517690
344904
353742
72753
839475
353828
204904
726972
448053
945883
524941
564474
483917
324666
934439
429458
94025
738706
730541
613655
361158
911307
600911
234413
104907
361039
916845
83656
536013
896596
724484
888167
90494
266042
163392
508561
896001
667982
933383
722505
230032
591007
603332
887122
18148
237793
9793
956205
890029
611505
728625
39759
562212
194735
619398
936587
348561
34952
740224
845006
412996
965502
509746
762475
973753
637494
853393
921830
44400
15412
212568
979960
454072
998127
718331
574205
827872
866983
535228
292396
928093
333948
366235
64376
257910
65340
376453
476023
111404
690445
340976
531186
317273
469367
651496
942616
768290
990744
926547
119904
454564
497517
361893
640578
125871
697699
630417
139940
896824
207167
94966
235886
78329
92748
332971
316860
269815
336449
488236
764275
278897
425437
763182
455106
748632
687442
443890
196094
467263
437515
210670
77828
211302
479645
128473
605221
630039
15502
634309
860237
118043
552626
42950
883449
841953
975657
577532
922877
88809
546768
698291
191750
885432
235218
550494
301233
401810
441002
681756
589825
996207
873860
789259
158070
885637
76446
149013
535340
332632
839240
552139
554924
927663
544844
27251
194262
16330
300561
363379
849128
571376
570731
464462
753692
841867
904054
864311
32813
925287
266203
310016
178615
3075
434275
182154
580249
356088
887224
661721
103960
433696
635140
976608
619974
188703
470359
764491
803376
610007
194587
574399
498082
885893
478849
795804
426147
913070
146786
851930
49103
930066
836927
323092
943633
898271
195793
776204
140861
879962
981287
468227
496649
69805
714559
764156
309732
324853
808614
64248
85198
7760
423201
270569
552695
708920
648066
339498
791952
945456
435
264723
592594
248471
637640
914325
980889
144698
132087
505932
183008
414646
133302
145495
162500
666599
750581
778122
269143
704265
29809
103477
466963
385625
469309
493620
71143
671490
122107
717767
916701
344523
465799
326290
406238
442932
886240
875387
939713
797788
317574
784194
816120
188889
308642
507733
815105
541322
544620
881912
315974
273344
642752
950921
992213
375942
862362
322703
831546
55395
221832
114787
474727
802397
399058
850631
640676
564773
706909
245694
711228
295548
381513
682848
385687
524099
398739
318313
683533
755364
43022
182160
473045
440531
492713
341526
134272
982392
757456
180049
926693
739477
405586
113604
125079
275366
653376
610305
11463
163004
552965
211824
366828
498594
212110
363418
192981
905625
206439
251684
13305
216797
603667
521892
250454
210101
309272
700854
859723
745038
764431
386638
608771
395917
379550
783044
137494
211422
470500
954597
206297
543107
879714
256928
346657
980195
910617
757753
464785
304052
681349
105280
817373
32916
512571
223692
177804
565942
504171
419496
941889
155362
26976
967859
384092
936524
458096
14634
268381
27799
122361
677682
542242
275827
67301
560143
898081
566305
995437
498699
573120
746486
405190
261444
877092
112780
750482
82864
586427
105353
219171
377492
524299
321305
551731
709175
357816
209025
174134
109507
886789
838512
802680
136785
872957
955961
593560
646011
764167
125612
856220
100755
504968
137844
327151
399333
993201
19745
9492
610600
641615
922827
623896
718736
934177
882306
787385
461790
828680
943350
139467
615323
350390
431896
768566
620351
745921
211148
456869
283886
122161
609567
457969
390741
582004
332144
749237
456838
486799
74010
959629
527138
624843
743844
463688
875398
745910
174341
453779
698308
133727
947926
155140
413183
631453
498145
732117
966206
809662
960655
848999
637355
771960
342429
295140
188465
430318
453795
561621
842494
950319
705150
765461
504931
465997
308657
857459
842334
94527
644963
621010
318402
743026
555964
571795
54537
192821
106853
502025
429720
470981
924169
77966
663648
574596
561304
595745
237380
200143
468881
728000
897399
248508
54659
852703
161809
525601
6082
345544
701502
239176
518337
38529
704476
604407
321749
900018
348104
113886
434549
875174
801974
802181
380582
740884
763052
140703
206180
775452
385253
35582
6458
20940
607121
769399
828489
924811
304143
627041
757288
187547
396372
376602
710287
714246
27326
738179
966926
670695
196784
466570
742241
778244
777920
698292
176788
146814
678326
769003
959971
141685
14830
794336
429837
7233
563619
925294
399587
229587
420010
338797
149587
910200
756346
704620
993326
743628
801809
81862
576793
545362
684573
941295
602951
659312
574551
284295
986463
989618
644118
634776
538554
847729
724496
17427
157872
283245
177153
903732
160435
75783
422356
506663
820220
105207
771169
735593
411702
388802
692507
584913
46588
676552
413473
722966
379255
129450
799059
572354
818859
270808
786372
228338
230805
96832
258941
148926
236257
960269
138200
668476
125589
599696
642162
35977
90147
477101
115343
859913
946433
407658
569386
553452
777777
318156
90414
616942
950824
854335
567001
369040
777594
472400
771751
43520
688644
596301
689826
5683
158806
399877
129367
210479
784219
781777
71605
923849
847839
141096
922539
159468
430348
632951
813463
244987
624348
685767
364159
425019
691962
695841
870467
432557
69437
979766
707041
516143
967069
261610
846442
497047
938747
199271
787305
48868
202646
713227
857223
541382
683061
170933
810016
471129
713125
801397
872474
713142
89092
67032
912225
571400
699142
103647
196237
879968
263100
754483
288576
212493
814199
170497
996380
594598
430012
426634
914624
981919
376884
112603
43084
165908
270670
396737
153032
700218
76331
632781
66530
902384
769899
182008
777793
978674
268552
756835
393951
844424
798027
257184
201641
267800
211308
767069
776192
551872
898521
106483
941805
88030
835176
92414
563940
763203
4394
452865
609258
383992
898462
159057
643788
992749
56046
793509
956624
193794
623627
455495
794272
382387
743182
620415
769895
74714
162871
315901
372054
374087
843476
955020
639117
976702
490534
175728
488402
19723
880629
75761
893192
505113
569977
303448
86111
994568
74482
567463
233973
764054
892592
262323
577045
630862
805838
71479
854782
221780
736597
606137
950434
537869
68648
365481
78529
289515
743281
562771
512096
624826
632223
651804
800575
555128
658346
709546
664735
593196
886121
183255
271502
863062
335999
894225
389469
214618
590366
605295
4942
681917
353469
905596
338750
960981
3666
643493
845625
451099
833586
647529
700831
803000
112270
15163
482803
847945
323078
820418
245930
243733
932130
694088
944195
166718
824268
363916
214254
903417
107027
907244
855629
250891
327788
164869
956041
222045
275307
492420
501518
670120
444002
784349
483762
96088
927892
495644
971341
83312
980771
207706
346667
515758
730217
137327
927272
979194
565226
871526
487792
519241
530757
526023
778124
235797
657206
471421
993624
30276
528784
748718
294763
190249
552013
304541
896555
395516
324036
216548
952140
160286
220143
150726
440279
688050
820923
394856
533102
608905
81643
946197
468312
93517
209957
296496
779149
393531
62767
753697
845767
945201
499035
367286
123273
791140
532564
782981
74548
224520
317257
642516
790045
240721
967074
465573
512128
593316
963907
303426
798118
994490
438776
837687
854054
274345
925284
12546
650281
119266
278948
735216
790342
346388
332014
656815
746229
539409
510605
554708
995919
270372
79510
377385
803217
62732
899648
584220
865268
712919
584237
15009
819733
580786
721902
157970
651425
983726
398440
349926
367364
884934
593697
138681
919498
653176
155977
765145
246000
789611
963629
481533
474849
166606
571938
212038
787540
504183
113185
883622
176108
521604
468681
607148
343248
444806
763864
772840
293169
324782
50956
39111
739927
927696
638469
140074
320322
794397
902774
414609
740054
435210
574209
968632
404683
525243
428663
422254
791040
396154
35286
264814
800078
82222
711993
943308
598774
671715
122604
943510
6527
738993
12990
288149
310596
188424
428270
72760
505502
928104
379135
887393
342870
409565
332543
231156
251100
219022
90572
316563
138297
586426
590873
982017
327290
890460
913202
783229
388140
980806
308705
718215
431401
413413
382106
455514
504508
500173
651695
381588
93992
411299
587962
260882
377856
436898
888985
810825
795269
913623
189107
34096
704857
252951
617220
721735
388206
969567
621906
143278
421809
601478
262931
573813
488523
937904
732073
972956
28724
26663
210961
826996
741677
19658
299618
893010
839260
33278
156591
342535
127021
849895
180057
592434
441651
467331
529003
931862
709300
215077
34553
906800
905794
399210
83762
307387
497614
212359
871645
518352
521646
950749
11957
939108
322035
417258
873213
157619
104086
757592
163653
570957
888010
876082
227342
185464
149404
8295
233328
400778
418721
989541
940738
684467
378568
251542
4939
177846
545548
603929
853357
438560
452428
412902
4273
721834
356803
876304
327896
429803
894007
712523
156241
617138
764874
730050
336806
731228
503054
425177
294779
86453
601959
967250
919486
924635
797983
674047
622997
297528
104521
354251
232310
422269
270391
699685
471243
606981
696639
246854
664142
321264
487280
295529
950743
495105
232403
571513
740006
669774
326160
351387
350454
195550
107508
228962
785546
273689
878179
696308
374808
273798
900209
236673
574961
422850
804440
682229
569987
658343
451791
176548
435044
165661
180659
199815
536401
878466
546703
764259
527997
11009
115323
67895
775002
512523
602531
606629
285676
186400
676502
987900
265118
100655
29937
463481
217914
831209
912473
504710
121445
25811
172752
580333
567599
753964
1309
665316
927850
117008
988358
908379
535128
632552
814594
316702
595663
978724
878523
278125
44933
786275
430416
234359
844090
300329
330839
843126
276707
898639
380799
522823
650417
649470
280933
360190
433997
319803
668722
979665
267660
503305
355595
122491
472822
827581
839891
364319
657309
521498
406975
611970
762965
975906
644418
763163
434836
314884
998025
187451
904599
409667
73549
492263
675607
213702
749324
374859
172914
774822
806628
229179
178875
789312
707447
575967
313375
102688
353415
315241
37483
133289
145039
262056
660296
797325
426950
419707
610962
147820
452745
968914
801366
604913
332094
7198
249656
351289
33155
659569
260797
194029
404911
299828
367548
952973
356920
271163
923737
225730
788058
675430
711435
200740
591192
512379
174618
42354
77318
693283
924106
255674
460550
227822
972082
353935
624454
188747
749182
97512
250564
895761
333153
551148
531525
128215
475284
214820
114154
75639
949305
523682
621823
165782
467164
83797
90899
871759
907078
112958
922600
93051
881474
689622
499461
729549
735913
578085
444718
623458
914824
594253
613261
130817
255842
703969
294402
202553
181777
304574
779588
4391
947711
430483
402236
785613
70454
944806
392279
918569
818569
131592
404564
774018
173384
487082
378127
371768
984905
923356
462452
551781
141275
44100
107187
747785
446363
629705
53374
313639
557352
977747
887126
752076
772612
284896
20760
126128
679918
827617
451766
395465
676018
301559
416580
413017
150800
313310
103994
841677
692774
683239
922118
306546
17324
914442
423187
685106
445142
910335
882081
555835
665498
782244
697297
475238
207479
378352
237207
933902
512033
986687
489775
554107
748675
517358
890537
334681
552874
353010
1469
523222
673691
971571
292485
1443
115896
391577
137664
906343
736824
467964
279885
578038
415415
74965
440423
824534
849383
252805
454157
924357
756180
466181
296368
749888
754401
225034
633753
887418
484486
451928
80079
654328
591076
145387
166044
469493
34088
84811
143252
119902
821562
550169
133790
84663
