1000000 9999
229815
93360
338395
961497
60371
789521
565932
373975
43342
885067
12949
237553
501862
954673
775036
228104
544893
106816
327041
389845
789270
431305
860390
285397
971002
284813
926789
634030
543982
50935
674449
63346
623084
684121
112444
788180
918650
300937
519412
164
630656
317477
324778
502436
623386
148325
533797
656157
585241
280336
42179
18998
293335
613600
991660
150493
548833
322306
654860
935097
826518
129815
205888
431054
190850
815128
132583
691629
570862
972005
976960
225000
57463
527360
552309
760076
489318
292162
778592
767726
227225
865913
802181
750402
681967
544881
121649
657845
856893
494611
28236
912549
894036
338858
787771
435877
371353
489908
640272
754218
888715
999382
874071
734276
301563
443948
943252
747572
813691
376986
840353
96475
24398
175091
710673
347525
940296
687400
231
812584
908337
956090
266291
794270
404191
417983
147565
369413
618860
420061
890615
422705
826471
585773
259614
362467
587492
554400
618580
451417
944116
882311
468324
967572
898389
442815
744794
473863
628680
490415
741144
319793
96361
665614
602777
124433
922141
608030
962783
397289
670261
518421
434588
642022
968798
964340
359315
257775
215630
459465
417256
303785
972136
863279
456033
725235
530504
445602
162416
951729
555559
539600
10467
874550
148300
67226
255552
84789
155901
862668
611961
911696
61680
642226
651265
239061
328621
673123
889226
297165
641296
679146
990962
628825
93577
287569
517267
210266
3330
369700
159371
271042
700305
956461
465096
701968
329734
20804
646302
65955
441695
310318
175634
133934
895067
586276
530046
556465
394972
79447
619208
751405
803851
708363
148822
338945
218897
622319
412054
487592
692334
929254
776681
348118
386075
47750
441225
347229
898583
982729
870273
488700
479304
966059
687314
966942
854807
326102
702882
336419
430846
154343
186404
200104
705804
322621
452133
881101
833541
671030
322635
823806
407466
734471
57782
534456
702662
204877
892816
715628
809217
436544
415992
875242
317423
693549
634467
97848
474315
511127
726500
854435
21047
496957
158716
696752
241907
133670
59087
433089
108291
660492
479442
914701
784759
909782
455753
875529
179346
53327
580079
362611
666549
573622
134999
170529
589009
416933
709486
350499
652643
207832
614634
303143
870043
608965
348283
183759
278263
395170
819501
349835
259617
577686
37076
362814
927935
962006
490538
619573
707746
852073
507951
33811
930142
223828
461570
313533
996634
582760
810670
288005
421080
892918
620248
426081
849818
418988
374955
157493
981421
58358
619543
859679
160029
756708
200279
404963
299999
898519
656178
976374
714673
142988
614567
455093
368311
36184
882443
58537
47835
871897
293203
65276
959752
696471
267765
401484
297721
57007
479772
583322
397484
77707
976454
10667
198430
715675
599918
889786
864848
595410
578032
126061
584977
650262
709739
372585
762220
909532
656549
46423
40467
161445
470126
531563
864224
895127
635290
976070
564319
878776
588441
60650
281205
966594
883283
866843
390465
243647
918954
505280
478868
415651
420010
477892
334405
429816
663436
842726
859988
673199
784734
125965
298053
736648
363315
582995
662104
655236
886841
848834
811249
740233
624808
237955
175093
602963
903606
954532
738874
737533
768423
256341
532536
77259
541793
179043
532448
268712
844255
772297
580788
17662
229487
925114
655139
752810
704461
765118
579641
26023
54571
304831
59070
521920
74341
477833
738511
284988
516258
958633
843845
789012
813412
192301
842025
771462
406065
873399
475194
334573
807901
708466
468949
675210
384667
672290
192641
947212
186041
125437
558330
182757
70999
98972
485111
903394
797602
772034
326780
36739
710053
668907
763361
21442
149035
384470
790801
530859
735736
710341
608177
74992
235662
878824
398060
850608
795229
267668
223201
601020
962299
315951
521510
919911
51235
589808
971327
387638
93725
906499
820280
163844
828519
176268
123559
176778
926408
153673
721228
847587
921169
603538
199236
366949
122888
481424
525067
901763
126953
604471
526533
751204
400218
945696
890968
394327
825202
123319
902149
575482
13892
876403
703551
59155
664618
319069
479072
452483
228629
547790
576167
541486
677410
739730
261357
916225
217463
224822
494379
270388
386166
140254
834782
652449
80504
183279
353541
118383
719872
666708
212334
690010
924811
551193
394395
258410
805475
379391
923390
88442
196752
69293
790580
878261
951408
337527
725530
906815
708286
118114
891966
662663
389472
718198
567868
489071
48555
609424
877715
203152
591483
692183
684819
350981
322191
589626
822976
745899
227104
29336
949205
203880
405763
652790
433129
937646
79250
656186
863602
900339
163747
510978
949464
479904
483477
638398
818843
336929
315439
319505
980230
851570
107771
310753
498571
599235
894220
604806
260927
510127
139136
527312
558765
884272
490560
892557
597779
231569
193379
254412
961124
985465
720200
383708
498274
499221
514517
979148
589240
375344
608877
276088
242677
101599
280198
656012
26440
171115
835039
579230
400442
349479
79543
164325
624226
518258
21927
520083
45402
572317
879826
499137
240206
177313
520443
887259
173663
804187
48383
168235
274425
349005
374210
911468
78106
819389
246171
517930
883006
22876
408222
529819
683388
927881
259367
960265
498002
384559
632509
131608
95372
190697
85437
324316
32365
66875
402195
133280
868869
965502
840050
804226
398949
279891
25382
980213
747620
942448
301276
226642
222440
105100
760251
422963
880399
80470
157445
610197
873118
488888
392793
165657
767173
104202
275094
239712
201381
720429
836569
234160
439200
471653
553400
727758
601900
429179
445915
661694
626982
972797
181504
786238
286343
387112
983991
339556
919980
369251
365137
680650
893563
650866
437080
130587
171999
735178
838949
589688
816147
828950
116552
593060
656135
409581
730950
342825
872252
509162
739886
912635
723215
720142
595471
258550
201610
131391
432168
890038
967611
888768
681051
55907
514636
840936
839465
82120
154352
778982
749644
61993
73519
107525
795480
443958
411427
395345
13580
188067
34219
145162
232901
69644
441204
295036
6654
396942
28272
417987
280848
879433
754845
321761
455769
634292
113304
767277
739812
350886
183648
322149
469542
446554
471168
944769
375514
641683
171205
754786
610259
758065
482609
587443
723076
701755
600296
352038
665607
530101
57354
918934
342908
222387
158411
244836
186578
274459
348549
712717
719729
519957
495816
210559
107952
644262
230433
302238
246119
701958
680074
954191
17771
574622
168167
673126
982008
712965
700903
582886
892200
695821
358721
922662
131518
108209
29314
684127
362191
991683
271722
621649
428550
652393
484903
667596
828355
925766
969171
863843
872538
91437
915216
280954
990440
508055
832937
38104
505757
694779
441103
459654
607832
24799
578936
608416
173613
415908
271941
920958
557475
404148
686895
436942
459305
768775
344668
162314
505630
440254
624610
435263
234269
767745
290496
774247
759860
348487
495605
578952
515819
528741
483242
227917
117670
374417
989105
570664
573374
379234
173159
547510
778182
429237
761210
686860
474699
574747
960194
527603
633284
974253
626200
593360
513544
969517
110558
405677
504620
627132
186858
164848
210104
238979
470535
149920
142866
212538
782733
593515
825702
501716
981415
772484
55669
229818
885232
321970
583092
438554
49479
328350
480674
960406
318463
585594
33801
256436
274930
509953
70027
687588
934729
599481
263913
94741
293668
997735
102789
751288
623574
675134
879694
721701
735841
976766
291629
410537
783301
802062
964469
618583
555047
479606
500236
736271
633848
479435
448165
799273
232123
465552
937841
7120
999951
832966
580913
962935
607400
796430
647252
330851
443484
302151
452120
827394
345355
519086
352815
464106
873884
433056
746422
740899
285542
114747
984714
53104
15579
561781
177923
919925
183736
625380
445993
767956
361312
423761
294114
910670
597164
817231
438732
53254
490268
974080
590902
121896
917761
791692
415770
467590
879923
953926
130126
526786
807335
703641
974381
834652
590509
988365
100999
881457
538554
497436
258316
678572
451000
250579
16848
57790
995666
820689
184606
666160
625538
977731
488587
338243
338853
526003
561549
28697
689193
373603
766312
770287
586122
420810
414270
185939
591969
683176
490433
928137
616653
175479
84269
44982
139959
474303
343741
679420
349493
549839
919369
696651
872560
411625
545826
804446
101512
348281
620448
482069
464647
57897
381247
565740
378527
763594
561396
652056
32624
487870
202856
575478
603499
19689
648669
92027
973242
749897
601693
558497
535708
473367
536866
835025
214107
460407
684849
858530
384813
585292
266733
335568
4771
66408
652708
785320
873703
420318
641991
726952
627318
561184
116966
150277
754049
587333
911411
534664
655357
688325
850855
588318
528455
778776
572518
568578
640312
919259
912944
513572
383124
319969
363361
966569
353936
739441
335961
806577
584936
388451
758721
612218
965934
28352
822008
580650
846856
813429
537196
399255
785623
568461
135602
625071
415560
615545
235545
65397
446517
968318
135930
372740
885206
697080
556711
568245
662746
534919
639738
489973
991243
342775
47917
225884
936237
880515
556247
436078
888167
441407
615262
94857
843521
299005
985514
590378
665131
588298
691197
308148
781124
197086
221636
794335
103318
478888
121308
345857
298396
115298
852210
406426
928975
253547
86803
461201
396730
124140
395445
217441
66027
703779
629105
734510
424044
630398
166349
823836
642164
499966
592977
477865
443451
878846
313377
306825
752316
850815
54554
963046
205016
684479
216965
314844
233419
254662
550719
695432
99507
180430
691338
897056
954379
252797
676210
706526
723049
616732
681021
685550
375138
344951
864870
587739
931580
495077
393431
273889
378756
477109
421447
238118
514028
574726
58987
889667
630400
761819
120351
548644
863102
534741
760115
708722
967166
341121
937773
495778
272609
327669
20576
408679
572623
552288
733568
366908
740208
509864
96515
809454
939994
806509
949313
90337
404495
83578
160631
698405
877881
840683
638956
892491
995339
635994
820890
187754
62434
252480
398433
754992
926367
810352
665171
201969
889876
478814
10698
394244
908502
394318
773260
942733
633289
627902
872534
736210
213474
560760
387597
429177
157565
825053
519586
109012
966189
46091
184183
461023
696430
982340
815994
626030
94881
301321
835047
602297
445446
152328
625047
482144
817948
900984
803692
33265
974904
875996
27269
135778
796367
745103
564912
368251
716498
185019
402320
599409
330615
839326
690392
786996
27707
168564
941152
311185
230983
688423
491507
77207
587777
264757
404791
310318
240200
588261
160705
435954
129208
686978
196184
688908
137271
351453
602900
127582
758669
645135
61487
542847
901429
251804
398275
345775
371227
272079
987225
894466
565126
222732
587894
877449
911803
415319
109719
309579
634940
594810
223536
416110
487776
704180
703179
181576
209332
907588
873165
622351
586612
552575
562891
905235
172141
580848
523422
279136
902454
7539
349877
412892
90737
480459
570564
139521
525558
603688
713458
795631
697720
663974
841247
314484
498494
633743
258114
982161
85096
841131
834563
298506
993009
495302
671043
698020
989811
334420
626733
980566
611468
23989
576844
177774
799567
574868
129868
238204
566771
973155
935707
352859
157819
418186
646198
962311
744655
50281
51532
487731
296860
816464
909181
610298
902286
170230
506382
486971
477899
630533
52896
635306
507056
835527
587661
346009
167046
618187
201123
389105
969471
803799
24454
468118
826093
883390
617522
346347
274067
452545
99394
820335
447022
321642
608311
747823
262225
501390
452504
150975
209121
846662
618861
10388
70818
1974
143392
741369
887631
433528
215592
501193
480587
755643
788209
414520
892828
263448
894605
523907
178151
569089
837795
773290
68437
505309
908431
614559
185554
8090
313391
890819
628295
519161
552318
494671
961270
559530
566350
925789
860161
516793
601459
279339
926550
361824
878230
385226
475590
964559
840562
787908
421040
913929
967699
7470
734765
263608
877176
54905
341557
423085
720632
487985
725196
492677
680175
388887
967942
701446
709828
520655
423203
248595
534806
576857
729895
771752
320747
877235
417076
869670
355711
81903
918687
592213
549663
497596
420821
577099
549318
331721
597670
560736
790653
813434
957407
319562
867031
445673
215483
708682
177827
778094
840411
356170
940591
998039
675863
744281
299189
325170
332967
862895
441053
665126
867962
355881
348560
228524
112931
97670
52745
853870
911088
435175
31946
586398
423171
909291
703656
659615
617760
130574
794778
402264
35872
625288
743622
750699
929000
890865
186414
985069
909779
603921
11745
27523
325754
909330
428310
141536
669283
985455
984430
153750
470361
628472
502288
383171
284241
427871
445466
307284
581960
215498
325272
620643
579458
862172
369535
748707
299762
168727
826929
68176
452716
552429
960581
54801
38075
465081
996608
330626
930273
995743
36416
114838
86999
908796
215977
895892
438733
447260
200999
237278
962692
591532
443784
505315
922181
105409
495770
964532
761113
624025
69125
124724
683518
242505
471463
443457
519157
549439
499642
488792
78865
815896
871785
449230
837074
98580
801050
441339
443975
344776
370392
410258
266090
197124
954403
544262
881543
87863
52549
31779
215131
385008
547497
677734
788318
807057
582883
365826
380559
58156
966831
604325
250935
652262
250640
425177
952818
192686
406517
719717
689364
952516
333860
688988
103912
461752
260554
462655
376883
948594
473851
97731
509606
905190
714871
106792
715486
752223
1395
385112
910264
562102
605541
907094
395627
67088
406082
844624
964227
726566
859580
823447
819212
456768
390168
878376
897642
736590
84730
294138
414737
194767
198387
925882
704641
456505
124635
781849
723489
981792
165096
620435
901784
862923
645819
64840
385703
65436
670179
270751
90666
394430
72866
495953
405599
547422
945111
15510
832595
975171
438213
702119
324182
913567
420583
248481
589258
872480
962962
447004
178736
71612
557099
161864
733260
798706
435118
629464
377896
432094
349954
505513
882461
917409
701651
640456
871228
817390
949990
909700
62013
664054
840805
551062
242193
234115
91548
369073
447995
541389
831037
854292
603433
794011
269010
735458
696562
299645
783019
733313
423259
318494
853350
317175
112512
161717
51087
78756
662272
412016
590086
932515
161171
3483
790552
727771
848991
39381
170057
15030
77509
649427
777283
647480
973433
892202
814407
618304
576394
693704
555964
35473
327519
79624
65216
417856
917887
506816
233426
560028
671226
928491
223142
57823
831476
338056
483471
212685
353395
928099
123524
440099
53178
673867
579591
495846
266090
104707
192314
803562
479393
262279
521979
918054
761426
360940
973277
691062
191424
463582
575251
19608
909763
565266
567833
151829
854570
837387
783279
401161
728175
426679
678981
776935
245704
126226
277542
477978
258106
439763
200679
415493
913231
45866
445400
932484
621108
435285
544114
669233
223336
542468
274699
87779
431581
521470
142248
513116
296431
426769
441115
674767
195405
451121
824052
639643
587712
545433
954636
715558
573387
699740
999849
374509
115718
899723
431602
495794
638420
789798
849141
261274
592810
371665
308690
848567
505255
646318
952362
662682
961475
967840
565269
222570
961808
18934
57934
976315
90351
740986
770518
257149
980893
255556
926048
312206
633900
799535
521724
836908
241296
962830
440578
730099
309611
65271
590152
848524
37093
338532
430518
383981
96656
689247
340911
112424
204117
211042
892366
171571
109899
286121
243206
211989
942489
71085
554855
736405
153166
397074
537395
192934
664101
630862
977432
920169
205681
841451
375247
355520
243980
695747
623898
12959
345572
867306
999812
612262
304418
383706
602614
399099
864363
260975
781315
133779
410796
977581
14676
446189
576345
825869
175464
255450
307982
945411
101469
735031
576739
890605
920600
867531
576236
913933
633003
978098
952559
756673
40077
761381
335507
630432
228442
224189
200079
245751
466284
654467
877046
198083
550225
196945
352809
756867
352720
866797
351222
119951
563195
864856
73888
493529
390524
871429
890466
936805
300128
590449
216799
771002
695867
191734
796239
493889
825090
456279
608314
563878
84606
368045
668928
121833
335999
615402
57575
704097
800626
966361
609585
266825
597829
763981
845213
389578
14246
851770
872410
355235
147841
83678
196420
913613
657124
199220
596880
927821
964251
251487
491871
775180
410051
964331
498445
328690
539752
364668
220406
580335
910041
786873
646677
484156
551283
878443
927383
394836
493135
549583
709794
556672
567454
904098
662597
458155
39306
64967
294460
508962
485048
465156
681686
419039
735892
612763
259763
863543
635978
559273
404914
502767
825947
300688
134290
192767
756134
123524
887251
270271
657926
471160
15186
124550
257508
250713
303652
879267
603102
626631
578121
898948
495010
254390
203431
7555
657135
596185
77062
760727
969380
430205
537658
848654
792178
916077
462757
723088
657606
611285
713461
839909
375951
646847
998843
487707
912240
865255
179159
33246
224170
99674
4475
556236
621046
930593
294119
268716
102742
194638
602388
818435
568353
239950
487251
560995
746142
423521
601302
152078
189541
628108
958042
358990
708362
639826
891564
819795
160069
72223
424042
588711
612854
148663
982948
698012
510429
62010
668699
639558
617862
819148
563507
623134
208454
447530
893455
704192
163553
191991
208393
390131
400381
862235
128015
132137
317357
804913
617541
188697
752064
68924
202680
707263
283917
208551
11136
512110
581762
826264
36663
9330
896051
395515
561752
823975
725886
123545
246290
269715
153154
615247
992092
517998
329140
881306
326994
381517
123411
797341
717214
955941
428
465509
913006
974156
776263
55971
160156
618922
25963
612896
868645
712659
561506
998102
119878
657212
580969
615208
215127
231764
801444
808119
320409
373692
131383
859897
146785
365007
212497
331551
520116
426109
466968
75014
640609
578952
122669
630526
809997
783314
57240
875905
413025
772714
201285
733626
979914
720616
671619
461388
227799
852933
767406
552800
81651
389411
455202
557062
808988
744358
993316
189982
567731
746259
901576
953399
862836
746193
569505
106071
634873
876544
414064
236283
962527
394368
647539
874944
651011
997883
396823
557647
299695
239876
127232
495135
794775
678447
67193
543871
556603
203357
604524
481857
286344
55334
430705
689588
402895
416062
546466
212011
838572
88166
110148
834560
370823
707364
509734
244845
207297
133055
970117
571278
112864
148970
469050
590908
969737
372101
728432
680947
295626
315995
571955
151976
909888
883577
995843
945506
633953
175046
886297
804584
639808
387956
435424
933340
819134
759479
956880
849835
335726
954930
983062
606347
345117
41979
237652
802132
717850
206597
320450
846007
486652
664626
715852
739502
652802
801946
41994
246116
933242
436602
294516
688152
7576
237816
207020
769838
832831
759688
749758
763932
633934
251478
218721
118729
249131
391718
329218
43342
612127
359997
221215
911402
286480
208135
308090
386752
132877
321525
456148
19467
386155
871819
69147
686490
646500
553695
270234
658423
548039
571327
523146
262450
158083
794255
715134
81150
481545
237717
936043
377877
797639
539114
931100
971653
939709
900101
479405
97985
44114
42943
755766
886721
740354
90084
70440
964076
232183
917498
249513
343156
228235
455258
318044
205790
220721
612814
78799
398224
182066
991887
641268
464173
351864
316426
948868
820994
420345
556960
876620
248192
79569
55785
527248
202202
609867
569746
940605
597377
896566
39006
549428
600326
30850
63032
363903
673229
438627
519123
48140
571492
302568
494181
763598
252053
895039
716991
897645
680906
323397
976170
569869
341883
104207
588005
114416
843430
929190
838778
573529
396143
963271
467784
605651
90993
23876
680056
110849
846708
30666
881979
306994
614463
186197
318258
952039
929014
450512
55361
900894
177662
6485
304377
209828
21878
577756
905343
556988
251162
657391
905445
834513
974691
932958
555097
385933
463526
452458
718753
511912
144624
365639
651418
548079
217650
396466
327151
30615
116516
555091
22494
208395
569861
981436
655573
434938
328096
227554
460737
779052
719428
732210
938962
529988
73197
718674
665826
141079
706140
255506
461730
555252
605616
760137
633133
786476
163612
796366
478927
93100
316274
619400
22673
72222
225970
555888
979268
528633
206344
971405
293738
27550
935574
274158
200163
627253
128985
131205
640380
405923
749437
832287
54937
46384
522354
526390
12886
923103
991992
877459
882354
847744
606543
538228
760412
872718
351861
724892
178647
326568
267105
90429
679924
560746
770300
40625
222166
724190
97815
614430
506613
250310
318947
59035
750837
640407
325331
270117
130925
558190
914555
338984
102563
211998
588409
550878
77379
494469
968354
312511
478740
373840
794327
651910
30313
586708
317698
129975
241032
769000
525171
230669
441732
780067
37662
555546
401566
124228
716649
438384
506393
54762
980230
916956
716712
157241
582079
351525
39303
952287
138750
363426
44581
332223
4214
182154
40779
451783
185291
935652
876431
29924
867554
896036
984218
887980
778578
201782
202099
948790
53811
117448
111745
852107
490145
463272
119651
803508
73169
449562
272894
267180
446375
784533
849376
637387
554014
589335
91464
79072
34072
350278
62310
314971
63768
865791
495736
254775
267235
904476
683413
11299
983506
80614
897166
29260
662668
274808
579586
764215
408992
779953
552750
592334
722117
236547
792664
406129
300806
336351
896194
656910
368546
219758
227552
441645
356209
469691
873049
600091
934254
613725
955651
687449
325403
86084
564975
118474
548449
672520
543745
740886
744850
563587
638278
589085
21966
275603
68483
593599
310294
863672
401890
577340
576765
47378
726641
956671
362154
97343
509936
183456
17879
589603
201287
113651
205935
424809
594051
168701
195453
830553
194036
367879
240319
417625
360606
52898
854552
744858
783535
400523
115590
262193
937987
624590
220369
947912
520329
105724
395053
433552
509098
555266
916511
918750
418289
719256
442093
718342
514236
59064
64004
855331
252719
307114
505542
715855
959492
789343
658685
416093
825344
930436
226009
196085
615843
413549
574625
851716
106298
53151
35815
943678
144084
557760
791253
280986
413283
8785
175210
966687
430759
62338
691823
114671
38063
592800
297517
199044
670246
740074
530893
881312
980431
96901
885852
75649
978156
78247
418466
958837
699822
351702
954096
608981
571192
575998
418444
965902
44721
594154
754756
846151
798641
658425
609064
816874
770015
226157
466383
835288
560639
358799
202963
694346
302467
780742
83200
480163
898377
210325
74530
443108
664436
662252
979592
911978
791393
38835
292201
139468
716037
476901
872120
257199
447116
597828
503358
839832
125863
20149
151714
930362
617819
237264
269477
762454
730443
237268
808703
830739
730126
47520
699199
406257
192595
723532
423327
71793
862240
169900
976959
360634
118820
580411
944405
122301
854042
215132
634848
810130
45896
694205
228804
488074
85223
981227
665354
987925
956833
753499
564363
313170
706603
912132
822638
82001
236341
571853
648938
529508
359785
988571
710005
347927
225971
532145
748216
433786
670315
992476
501232
432145
789074
218951
4959
820618
49494
336430
393388
159677
545758
555392
122332
50784
590003
899510
138834
290151
687968
10836
893970
683514
90489
560953
254023
996058
534870
695865
303445
551694
494283
373035
752796
67149
238690
410931
165783
408921
277393
564584
501787
94864
301151
965071
533693
527294
570931
816522
545635
140715
810681
331131
341162
874862
53141
500854
999630
642522
560543
453862
7066
751624
896163
824490
357459
562410
458031
777336
971471
12998
302713
69337
311710
30471
884917
808050
387255
259652
417817
370034
434792
987997
919268
280151
439733
622619
650768
720759
317916
584197
578818
739180
16918
22593
692449
152511
15811
330294
496047
610733
703093
32303
763194
272259
894812
264920
685104
70460
318338
720896
876327
605386
231991
634700
310755
281798
476680
109215
152552
432813
162980
843948
619500
817845
885500
114878
470334
64228
826148
677366
443011
333787
358888
116079
987438
738811
800775
49671
934059
806278
767565
513010
318780
594869
186899
786028
445078
906184
398055
915795
405742
399790
924476
187228
709524
321090
443755
837874
362116
981712
199517
383493
736185
93991
600551
23713
831821
554325
34854
730820
76600
294551
989647
789764
643559
376202
413200
753784
375743
589362
880267
7572
797569
436074
530143
388681
366128
527583
934864
607946
69618
105448
24748
530942
715484
608391
949521
735084
767406
949981
285413
140708
388173
446625
312179
929576
424530
141007
178636
410478
430490
603054
651359
969180
467160
158635
798354
748741
340010
895653
398028
246275
138599
727816
83502
583488
429139
258312
233271
810914
216863
178784
401463
239513
843021
463367
644421
458357
310449
673288
445042
393422
141957
274371
62306
490020
767451
988006
40644
860235
608498
845516
302266
26716
483170
796561
715302
715508
689365
434089
281599
3124
141374
641537
120204
6860
232348
742397
236094
222367
674383
37904
658389
558834
428347
455548
908300
99618
977104
399256
914261
624984
618710
791500
430196
973645
160205
728276
732576
391087
378017
129785
872913
115183
877557
262822
44561
583417
532477
35312
686163
811061
513121
519049
788822
685944
24089
243664
500038
152974
262418
422973
524694
520404
780720
424277
11830
409813
393760
471876
585694
193122
2262
787926
930523
112459
224372
116974
870725
662500
523023
854913
201631
229948
596586
808728
620698
431087
160503
950372
985016
65912
889243
396233
778220
116110
210722
243084
108358
754195
849482
822074
778011
902415
500241
394223
968930
482569
780039
304058
865692
131674
655050
132430
106326
823436
867253
445230
292626
531810
496465
321623
918812
800433
684898
963583
984440
840516
724192
337951
245943
569846
159025
982857
530901
826783
296729
822301
790114
845737
528951
75845
594802
964350
169239
124751
599690
447686
89560
501611
87507
260976
299067
7395
86379
600067
750079
328015
708815
997436
79056
421931
299503
861748
694467
380964
698799
380157
608805
428423
429823
815137
678588
211791
899277
361395
464050
571647
765567
893464
749326
524164
472572
130859
874289
281419
573333
975223
420780
751941
875214
32685
468849
113320
626507
624664
592718
729364
934241
911681
1512
896218
353863
107252
746434
645010
123760
142726
713885
102999
830996
558994
203159
720900
389418
847248
247654
10904
87243
938544
480199
308172
118441
50684
265884
467890
450759
640989
29940
340728
102899
784817
193522
331409
904387
902220
896884
338253
593857
388914
737258
896026
674994
372804
77875
400021
794054
513552
94899
876267
528917
490254
620660
880894
386785
581057
14413
761111
496188
528601
745956
690911
948626
706445
112801
606534
996182
454190
528166
409885
343673
332789
114952
582507
587350
966586
919911
658401
446935
84898
922635
840854
813695
353511
155523
416643
794552
595235
673792
520382
870641
38713
818670
232424
8488
305963
202272
955682
62962
951669
109251
509858
93350
501035
558185
406014
277414
98038
94738
320060
953000
72233
499013
870672
942735
959763
981097
425284
724608
773060
111644
807252
199666
603727
688474
457913
777810
964393
975479
819210
253653
627880
266766
445694
476611
105798
526778
629133
132883
323725
936275
124639
51716
496426
534388
904113
324305
684092
788558
730987
180916
19382
847027
749652
10306
135081
432667
213635
125209
893477
822254
938476
878685
121105
121911
58454
518295
686283
97313
190694
728591
921924
146304
165879
157114
92371
611982
71681
345068
330571
525857
473200
391075
230661
43591
324117
364884
71102
289870
262934
957638
464784
64375
700562
106279
85045
877372
348719
361896
359
81303
612996
585299
65475
443886
580098
147827
763084
368547
165719
191376
867614
109643
357631
658861
311572
752749
388017
744798
674861
434433
99720
135422
788808
261237
733001
908737
49166
654234
852567
247105
166156
393352
159034
178485
244640
464769
484665
407132
283811
925035
360134
920554
413327
387167
157222
466763
441604
406838
961779
184302
582020
859
11941
637299
544068
765511
748507
258732
529051
578896
267548
737346
53672
669319
239726
197130
939947
910810
166478
112986
256125
567253
180124
782194
470861
348203
463124
828525
591663
562282
761116
654302
598686
358210
395064
975456
56216
528810
639698
575595
386755
119985
328660
197317
926371
134485
71138
52511
545044
949380
520441
778069
312029
676536
721909
789439
413762
586961
685676
891683
290672
892759
979256
696141
749262
634524
315550
860573
627133
157352
823821
421605
441155
675271
934327
520528
332785
721715
581712
636986
539552
862788
737940
39817
568057
910403
122449
540277
221324
13997
305383
790107
642173
432362
319163
305390
574299
491230
324329
116857
114030
217627
837484
448281
328299
408578
522374
106841
248116
439622
569493
332786
911914
947687
245320
700470
329375
633228
279178
288827
463937
818134
373886
746536
590929
68764
275768
65638
678347
147560
520278
847083
758557
792057
181379
592664
611760
336702
696007
90009
465840
990732
109355
270801
832250
664492
892360
17100
43887
596899
819728
266628
538446
678369
264945
425120
439526
286385
668193
532276
527806
654965
863700
847635
265893
284664
415008
523613
142988
666322
99785
815213
239304
639646
210225
839375
575205
36794
390753
241659
506330
871486
321654
253930
153494
225792
675415
533957
614974
159552
421979
866294
498780
421529
739795
273544
133859
476730
501413
338090
671659
380916
545599
566603
173329
331209
722314
443089
692802
300771
2578
411016
312378
25902
782165
400981
64880
755497
876218
677634
685307
595664
601314
718061
174925
986381
772142
553523
232011
832465
401898
507453
706032
77674
388650
544838
365814
58668
494342
511550
437294
804607
478781
386993
562748
558567
337843
299318
60905
188498
213324
459767
626188
828357
691254
361124
895304
44111
886170
555012
630747
54668
920759
73741
623292
54413
153420
94622
799335
481838
780761
758186
434016
157902
247646
146405
817294
578076
234378
303053
197730
283643
858727
835534
337508
160670
129956
75986
552235
719182
622642
999216
680407
890393
800008
95962
29909
646489
409657
182247
982749
795270
898988
689030
604235
631088
853280
321103
299114
733859
46289
100167
284723
99526
811418
714222
409988
958205
90901
783906
639147
90348
701123
126139
340371
186612
64105
346389
371988
813714
898343
123129
842792
846409
136626
361510
338001
804841
644080
988009
348650
396846
146653
533795
619810
706404
148368
811762
141781
892291
515123
930680
548427
965063
833465
609629
758168
195879
614675
256842
795616
977267
907678
559347
865684
503762
908693
393238
917003
469498
711217
709156
127789
90131
426831
673515
974831
148109
525498
753267
805072
433155
393432
620435
119275
903900
787276
722415
98569
131996
75244
114981
257221
106611
899049
687183
488728
275062
164849
220802
187415
774471
77109
821727
573965
169638
266193
136640
830887
653962
928658
425573
162685
593075
298642
999413
435553
494960
699402
751145
622696
975675
885961
510593
883916
56405
383016
734664
741914
175429
46622
608549
482751
627656
133898
978095
604261
754783
751847
659505
863693
100689
674606
579779
234675
919556
167801
889767
873640
878292
639400
661425
17119
530200
648325
31882
583858
153420
45278
689094
139517
845539
794633
407380
796715
344854
331926
935860
569511
909138
148365
918755
678932
724332
661981
683784
314939
738483
334412
673343
400279
520301
423018
12861
972958
727098
719911
211759
906593
33450
122657
274600
821704
919781
905825
563537
206053
549181
118214
597892
958398
71097
617508
602637
797604
82168
872282
24826
237812
647294
810663
425474
120432
238166
675668
124095
14988
181796
59098
724129
153410
728229
29073
179667
946130
644430
540688
377391
543406
320482
124936
302366
351561
734538
187955
732287
891376
264615
120843
62022
894671
258138
819654
298767
75131
474252
145906
487845
580737
999288
319795
830181
737695
2342
231519
534680
329542
745802
180487
12231
320160
594746
607897
362803
625693
379487
975027
233021
267939
357157
57810
28908
535
191043
577621
156892
289328
820527
268905
435944
349587
829800
196168
74679
795279
940145
376038
639459
339383
548426
534487
253056
899295
813521
135009
858108
407642
652784
650414
755621
606352
152246
419118
785975
110667
317077
326164
458371
69747
792973
979934
54380
821879
174452
17365
232245
44791
782671
663700
940803
35387
343202
697180
515360
918245
823327
524767
672610
778515
798746
161906
747625
942403
111227
527467
923212
887177
251515
614474
390370
552739
855999
777834
348333
148012
940923
592245
503657
898011
14550
476581
260024
561189
5569
555512
103924
961738
25069
34728
786101
227781
339831
703111
774619
903950
576244
43300
112642
615622
96999
831558
252482
502128
696861
38496
657217
207546
249115
304101
962131
820218
700922
253734
270491
785919
863666
446108
721604
484656
773453
799983
813876
857365
7302
933190
91523
196283
232159
965776
710862
971607
436708
988469
90523
357066
750070
578333
319715
938302
486817
455392
249612
940546
74348
617171
225165
195807
816500
62503
228121
984887
26400
521639
796768
835760
921890
446579
463881
337465
818463
883753
611583
37389
577516
750527
580315
529885
971808
467761
588823
915466
615372
862462
523066
912330
371728
747835
934140
35788
702104
612364
648847
426168
244458
405291
241193
102118
24461
492717
239149
643695
91192
476755
348168
568476
43159
719552
161479
953946
864343
94676
796886
180686
725333
700276
650762
23465
921212
11580
992183
701094
915709
224716
433598
910947
540218
349501
409185
320362
756677
945771
667987
464648
34841
265960
446170
510231
317401
966084
421223
881492
750443
477926
770636
321179
842136
597136
658571
556750
479118
835147
256269
378866
277901
607173
965421
603226
77728
384275
858436
83277
991661
524364
475544
668837
324276
615166
25874
764470
837193
811616
728130
931501
297788
830791
496234
798830
981760
979418
426245
400245
816841
832140
573127
939750
152788
953161
319384
901420
721904
359537
232334
366622
214664
261303
682751
378956
36651
981775
654834
206067
235841
860814
115949
387535
293387
374461
34307
529293
456391
666290
633714
907619
557770
179001
756771
79498
816166
99146
271363
861203
937951
883609
300005
233224
953723
223301
677607
957236
613319
417765
450412
949556
836170
283751
417382
745593
667990
401507
684988
711093
430086
714444
957370
8503
264202
240988
816046
710573
73679
931862
556834
868360
940768
511684
246350
787080
460332
480709
536469
240799
71749
320670
432319
865729
393685
348126
647876
511962
770503
589364
402956
904729
724437
512820
516357
568844
774257
448155
432163
603747
128986
45532
379661
561643
94370
184306
212084
377465
640099
327239
595343
27002
467439
434554
125150
348239
89740
201496
639408
251068
892401
563803
462472
361773
874238
127333
568865
1251
788787
421321
686238
279707
701924
649102
170881
5617
561297
915842
83775
53026
233415
749691
271171
808796
605829
100988
410929
330204
774697
903501
924276
883330
42143
712409
372421
603974
433145
895601
458409
125352
708299
348053
36833
150650
396671
723462
597502
113516
202031
732964
533883
265888
246119
147681
133119
760074
4215
760028
631641
550805
461091
708088
868890
233010
969586
248059
41350
252358
529341
271668
810130
278144
719859
608640
547496
911892
319913
428676
821284
320093
724407
863122
310803
825753
630157
303365
223869
971021
103665
701190
941779
71889
66798
595742
57558
826063
440400
522395
192506
106330
671203
920736
977073
674340
134014
652069
364297
183464
949006
761204
7530
504468
83032
173022
778896
104005
214250
601170
630906
933470
730933
64428
910876
44572
408196
55710
926278
937990
760480
589305
28879
472776
802962
63887
736485
16728
971702
122004
443366
401715
250139
461135
83877
162987
128693
857102
708535
487807
884556
497515
307808
276250
810369
91108
376047
725840
443328
118227
646524
891691
550359
18396
148234
745163
610369
72810
236097
356518
801167
232760
528439
960915
46502
169410
749084
832066
507776
376008
316143
84206
15335
240542
145536
750541
325840
624989
544529
745147
765069
636744
259036
605315
769628
958473
708158
232643
76361
314530
190420
203695
824873
395281
378390
604857
636444
835046
731822
761049
811677
645071
554228
674235
149615
839840
293718
465220
532636
863194
346219
621021
344286
820155
57611
390111
991344
451014
841093
239154
286721
246134
327027
887369
216419
93115
244772
68455
661644
372368
299461
835054
976217
472786
651426
917010
929853
286174
731946
372218
419392
357191
36212
527665
523008
15020
222891
998280
926447
993646
319379
392519
485744
759494
82847
166128
707452
8394
599358
969348
225269
568231
16859
747829
931059
249283
902539
803838
278598
21208
91058
1869
419995
263767
47344
311555
257584
737798
706149
920828
198171
353625
470290
223551
381903
775998
550451
88391
424579
397806
111679
949503
260143
239251
755155
424599
499116
884810
708575
362312
829159
657236
724433
448262
375504
846008
92724
758047
611851
957065
363083
935416
366465
631308
341075
995151
703509
91276
674345
102755
976288
718574
876561
66813
146907
639026
950552
694924
545969
998204
866785
610419
606270
946902
29274
604593
746060
224269
518281
107975
500296
625750
337603
904211
202397
573633
113998
781413
4379
469924
697255
418351
789853
504435
891667
436701
582185
115368
113114
215543
379282
355372
110702
760636
956745
2936
17901
648515
72802
377159
905297
824250
681223
463354
695620
821741
212577
137593
771374
796725
719499
990231
856418
615194
698254
491610
785036
123722
696749
17525
585544
643231
398213
557764
900184
674034
730155
767871
139041
777493
689780
392510
922950
608469
999911
988180
308832
112741
413567
303715
10609
974868
470684
638910
329870
504535
777092
994787
792619
283162
423681
853412
551986
57650
992831
980852
461448
564380
709481
733777
349113
194150
685870
968359
430852
667511
881786
799560
988519
180009
356295
139535
409243
798120
622249
155816
432736
239210
431496
533095
985820
552643
116539
696833
296804
634198
693527
962606
77112
952240
291785
911981
433520
341625
116688
163920
831585
230138
75579
110079
869330
202258
400470
113076
839982
376357
86669
128683
63520
673995
733045
706080
749037
693720
417518
844712
713374
566863
570432
241969
626232
869074
418869
52801
577938
388919
466502
400565
673244
313602
646491
527803
43067
181963
238995
656322
135743
776153
380241
337843
400392
975957
6679
319683
507198
483489
375617
724316
62875
241071
882825
647337
374346
311347
757944
115265
189603
966251
360151
712797
501976
740240
219361
88508
442482
243216
672384
978697
4691
599886
928755
350952
847478
484803
667611
762214
703301
856181
814805
50483
983078
656544
978555
35031
13506
944622
132292
986844
968604
150406
524952
249230
964515
404079
471826
537902
975060
179580
633171
130540
195277
814832
623149
367725
231149
823235
308243
630333
25954
294770
952178
232850
747131
100145
443448
477777
952322
57668
201927
453172
229167
700089
2621
23561
160727
787440
877484
863855
906812
251933
460329
316583
911279
832275
625181
314653
246311
257298
35081
605020
886912
472571
266130
33074
772354
68734
500726
703182
855999
766557
394265
417781
470948
541276
611182
915552
246144
727533
699065
78623
496061
236326
423680
459427
476840
836604
423090
189734
152690
306736
55648
577561
148620
144842
614513
472069
379021
442015
660416
782209
436377
468769
84783
371818
200320
502563
656885
922001
284504
433064
231586
251078
877233
721833
498313
13018
251507
364412
137257
657199
721129
605338
515397
25513
101746
290387
602803
987220
799156
905394
618772
67657
491970
547290
27685
113780
1663
300522
896115
657723
350294
750836
295521
788930
194647
658403
388996
26122
795270
133605
75876
892241
429869
11295
584627
638691
692726
503156
202265
839620
435318
622825
407678
382631
198005
324716
36566
719235
858653
775050
747313
106524
881282
682347
979966
970958
986298
154708
804589
455808
283602
122497
540610
675736
910842
967548
795395
195138
1301
633848
618112
771290
369392
159663
794074
459027
646460
267356
915078
760550
725551
374721
752883
622179
281065
150395
635796
729233
817657
526000
982459
730915
172497
898914
882262
738975
645960
112140
628433
687104
968053
681512
407676
912410
121376
655518
929360
626002
636105
439330
637589
776620
348491
892136
291111
179408
771598
15679
118838
681349
165448
591957
462896
565537
113510
199296
806436
358386
913402
138571
350060
697022
371949
935146
848568
938540
658172
247102
248816
748454
712539
206673
779853
992592
336771
449278
538077
874853
495742
343401
283028
412643
551447
224542
113524
22496
118793
757797
929199
200266
983906
906144
99095
23487
57877
365303
556840
477854
652374
741087
621016
415496
458229
191434
199670
289591
484141
732860
679569
678052
869799
919864
723578
8429
926264
145845
403718
826816
976141
385389
582750
415502
567057
800319
223773
557228
414187
265690
355157
768361
991056
536948
747237
378936
32554
475781
967552
424448
340092
479679
372998
432420
186049
19078
770141
836217
303136
975942
929013
929206
914023
298962
871079
984300
507573
343069
868659
407087
100226
144769
390950
565131
534565
799824
810879
241750
961836
56101
547384
499427
31144
211967
459311
106222
465294
419360
729973
577947
641714
530744
185526
319530
516625
700423
975636
310914
731601
53223
811562
275996
23883
867363
504591
297527
125306
883361
376877
396561
179385
547101
227094
681951
332138
222742
924906
293551
559393
669934
381099
512209
981856
369850
594363
90288
888892
605805
710990
68367
442997
556824
550447
86954
569124
46249
847548
476426
846532
2570
541111
214114
315537
135910
799312
174328
987522
811159
113545
965305
503804
607536
715476
46475
827409
594393
776035
750090
71560
924359
330497
293183
569623
947478
640353
859001
73531
683769
750557
351450
531136
156676
329829
481755
237691
786181
492034
433477
282642
767863
188270
470161
120119
123012
932154
499322
780005
894901
74875
787135
706200
787664
581963
730109
459632
396708
280302
833198
555844
63424
841778
818188
520434
301967
349051
91902
840351
692190
149290
640657
865032
110342
843316
785557
868608
177920
680448
132660
422846
849139
333448
482684
950258
128722
13305
426847
827758
14302
150217
848601
693497
891482
414967
575426
672962
774651
683991
980531
85161
982944
661805
421192
815697
68272
266021
18661
950755
71136
553094
433957
454495
469968
916969
974541
642089
511065
528222
578775
951605
958667
497836
968236
50159
688575
47633
532373
623257
963703
48467
315641
290948
676274
647663
814197
970412
318878
348750
157354
661799
955448
829417
648468
72663
3192
987711
570525
716001
207852
191850
623675
117936
797178
475624
355083
553271
431300
469207
465887
290651
233720
184314
935742
673762
882943
382972
492304
491001
472277
150797
71204
993270
604165
468494
561461
608001
975412
29427
311951
867292
530975
286436
586464
318962
116535
727688
398042
221589
443825
679206
927700
638061
97769
510803
38322
136908
260746
982530
231394
686634
806835
610310
762443
485530
427714
352321
530441
407885
491875
621759
787102
467288
410156
616992
673914
198632
383108
226691
87918
142717
539488
315391
401649
680773
640241
24051
118330
310992
718608
830484
630314
85112
254517
506197
866941
330314
740243
778970
767380
970212
784328
464651
194710
728384
222052
66968
119383
248921
53294
360765
643395
700652
412397
271940
710897
745235
189703
446435
156648
843960
370692
260998
80613
754154
636237
670043
405187
723265
276222
205760
870942
327179
8870
652768
657430
119084
869354
403909
277540
256118
933862
270429
387010
53321
279035
567605
675164
977847
241746
626008
58573
941131
740496
488917
986262
872693
147212
448026
783264
466476
957046
242421
608708
679082
293800
199906
785317
29035
109891
335124
969092
997118
792315
435498
871134
860118
769859
463880
17952
103746
631842
185914
342287
155242
214954
790430
233384
552159
92312
412829
43823
821028
907634
894250
949407
278099
37474
813406
489301
684072
135731
813348
75508
185708
217229
511999
253944
259445
70902
833162
523770
435597
958191
423797
77338
426485
748541
933732
909980
907770
871412
325554
367063
609530
723034
55286
345137
562080
456149
918572
44667
311254
402280
592405
383752
668861
728614
419088
925403
96251
315375
776919
445364
132384
254575
461221
73118
372545
817372
859694
275655
379820
214744
347635
821705
568657
985021
251467
263595
538339
381844
933080
404529
553902
707387
32875
681002
873016
138263
675959
383236
399571
225268
493849
160939
708196
913207
643080
317333
828641
623305
612520
981344
304971
668248
502756
365970
951687
28701
633794
970304
417438
310182
791397
763309
136643
520445
157754
99382
500378
160101
988761
358905
110066
2954
398050
81391
791018
857587
187014
664487
637565
548042
520416
539039
737539
328924
388760
98556
381047
959112
221499
560838
496982
698249
719189
370210
780443
561489
958124
710685
475198
270540
87512
193587
57559
472786
487178
807529
131519
965349
82824
774352
689718
857228
626252
41518
520786
830182
139568
759613
950843
917825
395206
243048
295402
512441
257743
592694
367649
630302
948810
371103
140068
818828
813012
464150
188577
472703
960617
537303
861843
741115
241881
300450
213152
654559
368228
132067
608204
577197
637090
481721
579407
599546
640098
869291
935750
26320
538373
229960
357029
685516
974049
815950
702207
387401
453759
859128
43889
495828
87638
723032
4395
239346
896548
328527
313611
85877
510533
224210
634811
232256
973137
790865
611831
18717
539076
718653
779483
868459
806839
76420
448809
173709
263154
4390
929750
402239
332860
304702
486045
582074
325565
978629
230632
237193
249587
65029
764564
793274
324017
971435
738434
450114
161342
857413
672507
526119
15929
529180
310255
320300
197760
735174
499712
608513
736174
714167
98040
993208
644948
340672
676916
459740
687940
236828
869852
657351
373576
775579
47248
619195
16847
986919
631002
863342
99067
997093
767668
75471
828492
780101
267705
864002
759028
681489
688001
399711
559562
386323
185913
104422
543094
746436
305231
937117
362686
156409
167982
240906
360324
973456
640709
560537
415178
813256
919831
317682
779321
421966
637926
740036
311818
224056
31246
980293
726222
576273
928512
932341
951838
219936
321990
854588
475724
416965
64118
544087
580273
779428
796370
470193
720284
858068
561836
972754
893812
142184
678919
357394
752672
241407
360810
479217
371332
669323
253857
196324
47022
829554
537698
895796
239253
516836
480967
147359
773528
488782
378643
423725
731877
438442
610570
741639
31965
3431
155404
23954
556863
284310
270230
960613
839164
713081
203306
155163
726004
12042
745865
383517
155621
413953
148665
862925
161453
276337
429898
531687
486379
715935
383347
473904
737549
913734
659132
788623
841350
296643
134111
399004
668423
888838
414985
524696
90227
743915
724396
799367
401509
518445
608742
305418
997144
928166
876213
119138
427141
39964
924491
312174
470245
95978
149788
738891
664379
840539
442396
354323
811309
126363
868618
253631
333227
913293
514950
101575
594
641081
127598
129272
473391
357082
618889
415549
302058
910435
731875
741505
519746
986178
155395
909421
724102
745943
164078
50952
594657
366277
421272
114569
121009
821288
927588
418521
427311
843253
223727
883111
970215
112967
863503
314867
60227
381045
861427
905260
110587
402030
288954
927856
753083
275101
444487
470384
976851
28319
54423
921952
744039
57771
776039
850692
115334
338627
867726
853426
778684
162068
268041
936441
16168
520158
482317
995294
566792
160196
613986
1579
547126
760718
597565
575885
577017
643245
191163
728722
524229
927030
568661
684958
829710
58478
415126
872381
204295
202579
273814
351260
597986
70594
519031
189335
734578
376409
736395
545447
177223
263395
480494
515065
844657
724250
349670
112254
133130
248240
68626
115150
315724
673407
801801
885840
688550
495716
233905
690527
12446
692811
48757
492202
159155
456914
313537
665541
512527
99624
932786
592571
598184
790724
774964
637660
619159
723826
294121
571687
60382
763556
470176
117790
291492
622170
673566
924872
145296
137891
623480
940084
778298
282930
953615
847801
730090
116068
25392
970143
989970
12831
535769
782869
52027
155716
155288
990536
394027
447581
901700
926079
550777
723232
205499
892525
969265
377401
655927
948336
130706
301718
229476
552910
3730
328965
397647
435073
753315
219777
886706
24909
771648
595160
19391
798101
519959
117580
507020
921954
374481
654057
280151
663594
655026
116605
446954
123345
281272
168520
750642
990117
49727
9455
960824
180628
353410
7841
478346
420604
276645
36172
59161
53642
389002
982818
970009
622182
235203
63428
77169
55110
471985
235681
339228
617767
838212
233030
925867
132705
661146
476266
716800
363315
399653
396126
248559
867471
804199
505854
271484
74654
633847
899519
955296
817534
512089
720066
438828
57791
426167
540501
857987
85989
578658
532238
205728
46606
785453
756615
378814
241872
380844
908669
548356
301835
638294
366747
554598
973136
44576
457152
371143
975255
375307
429945
809798
100517
411495
760198
544438
492966
309603
38396
220760
831213
91686
894355
888530
961694
457568
110942
243913
381280
137559
327028
201672
851999
302136
503553
130540
345639
124044
632206
679762
462314
448690
3168
500790
444613
670248
716514
325355
917709
333774
21295
799592
525900
687744
496971
193641
707289
396738
53792
607115
950878
890634
221887
573053
14140
374508
223226
26445
744158
352546
876292
448170
341717
629610
470218
621121
135286
145731
363297
842561
190585
671617
210186
625199
371507
347400
402814
889224
789426
282172
521878
398490
930483
948473
339015
726290
134208
903747
184119
349631
511893
449882
297962
565630
839426
202289
127170
799655
436796
181601
386793
532041
555328
963907
115095
508698
333687
629537
875881
120649
955021
735772
725566
838516
240134
305461
555377
370197
545367
871359
943487
773458
498914
945121
707526
99873
805583
890223
934864
272557
77547
69699
386182
807321
407438
312423
817309
675390
190140
195762
944914
75520
520969
377794
493604
134370
350440
228873
5116
586152
459604
310184
864707
296120
235013
826013
305526
87141
168612
36845
988636
704587
985441
761964
124562
912013
310784
523108
1606
648557
828462
584823
216873
898726
953248
132515
867848
426217
142932
95793
455524
805631
109323
672561
274512
249433
352553
438407
621211
572225
639320
36193
238045
260388
273229
832349
29918
22348
264207
599237
238476
383247
793998
237023
940417
857470
696020
783897
947989
983497
20419
480021
933025
37753
138949
448490
870210
557622
259325
635661
701017
898504
664999
13567
456595
925770
473860
688734
946102
599715
218119
484578
516355
650062
87696
768631
319376
756315
250730
781249
986280
651217
267331
488995
599145
346816
246534
33801
376916
246116
61394
178061
547039
247982
633525
756200
461468
79006
25839
34841
133811
993204
841107
56560
23844
668951
213954
496301
76232
602219
505212
294891
732258
546235
660081
350698
876494
579838
75350
848312
454778
200330
735956
382231
805515
431332
327465
893918
583242
312116
8571
582145
521561
292145
536533
369433
181942
992995
478475
211480
265594
519576
312790
521821
27479
3557
327408
250579
824739
344091
355499
703995
856201
174458
554184
20546
705293
927928
628172
329805
385628
502160
127718
11793
206665
428643
709137
147435
926268
642198
536117
204828
337672
915255
321373
241376
650237
772618
860733
418459
766583
234649
295509
423143
833075
50261
754083
470553
246315
175892
469891
920869
635187
132524
950547
186513
206208
530119
281637
527952
239291
487275
188745
540628
451758
893636
52568
620898
410294
463577
674509
465452
163738
311916
223939
706530
794003
345858
463342
114377
638091
112127
43861
408702
521064
864209
391285
612533
458026
521850
461330
54688
932552
883445
433082
581202
39699
921655
230769
271398
493607
243601
616572
970878
742906
829177
480976
251579
211525
974511
872182
988139
988175
962358
252411
600147
124709
357122
446467
151490
71681
979508
756698
920824
678897
554213
758564
761325
619376
743838
362268
553218
57053
783160
828495
319172
871754
210126
560043
120522
779344
253419
656212
681371
240643
281172
413070
797963
139606
341366
180291
982349
829436
231698
244004
462185
294697
725165
695184
612639
858177
547342
564353
131698
73155
452309
855938
786804
184889
276412
499396
358566
819559
162502
649277
486427
364567
242057
212661
481486
841001
938525
959966
813313
937237
712498
83895
900403
272079
507756
611352
38064
886479
376994
644410
782836
424811
766985
8999
879190
459835
725177
523726
862059
939882
853194
766313
797900
792496
177438
911407
237295
305625
232957
941067
343738
25683
563997
288008
336080
561151
533096
761741
836217
861120
800329
429024
448957
250019
85287
972567
917606
743010
856592
935761
496650
940872
407232
176193
762034
108926
368720
797030
939875
881425
93079
802884
976051
401005
488835
735564
991955
602228
835743
585142
475824
778876
822633
343079
544375
536604
553776
666670
876105
725706
551401
257869
465456
973158
845440
724586
176138
988784
86327
888854
182283
907284
242661
733775
777657
546046
852741
439976
706064
608061
987490
252311
120133
539942
51974
238864
511054
966944
303752
356834
468427
370058
498455
623658
927225
944667
386525
606803
638004
385899
879736
891907
956810
682757
582111
666517
692859
871232
37075
65448
674908
96059
481152
463826
901328
261402
114250
475173
624278
12696
897553
14426
484915
785028
672254
419578
864501
177850
955862
290650
945314
971482
117522
401021
585645
687787
759767
763657
4771
715552
41362
693576
446614
670521
364360
497936
444947
840710
318224
246402
48310
279525
24839
927011
379430
352377
60485
176522
201787
316908
944285
689280
745060
822599
777395
354936
901543
52441
993184
152866
47229
597534
335836
839952
164103
54857
123347
508411
644290
769166
570560
161656
142058
101829
448882
558702
106262
102644
641563
711428
173710
485021
216871
584045
432957
360651
486238
740398
678482
276630
140423
912286
166707
716220
963976
720760
58248
373822
816737
72397
684838
195391
540869
73850
14739
387466
202855
660511
207050
341119
612167
518882
943183
691570
371738
297346
302855
539849
810145
546263
312333
199838
21342
305888
934232
702147
895046
769386
191044
685734
459335
988263
318663
238805
76742
158808
331544
712477
36123
630702
147688
523826
864780
412717
469571
489369
248826
615487
946153
285692
794465
967599
751522
220849
988883
268816
607298
618317
626636
403013
448768
764705
655915
323460
388847
553102
868793
244366
369300
665820
110528
125140
905246
383493
715232
417615
626857
881887
688691
961523
901217
183440
753837
859786
677695
767474
750363
142745
841779
211178
37197
39223
785146
132870
485011
712363
603892
139730
365695
389473
322136
444090
946682
917646
804879
305532
880232
910712
571801
480477
541290
818116
552788
416593
312228
442618
936379
16275
438761
661230
653841
411600
488582
362603
714516
342607
632702
904130
562134
411363
939222
713294
857145
696249
620255
10347
606747
954015
704912
13194
362106
911603
924775
400382
281404
955371
692976
254406
217651
862293
934007
185056
631861
85852
178588
841341
54990
508771
776407
560550
26161
505380
299284
474309
920052
618349
208261
994026
842921
147650
640366
231903
824587
474064
734277
578746
862804
995182
258827
356076
986796
138776
434276
187593
398338
36576
743489
493833
921621
90914
218669
303897
447222
847343
158972
399419
790872
298264
485353
658475
404304
985758
971186
350936
673327
46223
400698
51792
117352
645108
301974
785275
664977
86904
277268
990144
321806
253765
110581
905279
969566
925515
770946
14778
739646
964469
149591
263042
389580
310412
870107
852848
377543
224249
793005
573250
877846
243233
899501
769116
809445
866375
84096
260470
59896
75515
11507
747300
478753
415741
600718
494289
887249
508207
887402
379989
305252
549111
985704
716217
831770
560484
621312
596010
131942
901602
240032
912258
281265
824263
9496
604174
796926
660830
126397
135050
46459
570833
717622
682288
865527
640131
280850
29482
139528
526002
48692
690362
307765
772235
880166
365708
234325
380169
284261
436890
656376
214834
962595
833436
468467
349725
821631
277138
430506
509424
749646
601426
497437
356195
579642
572326
860259
484841
566566
396091
960855
639518
395753
888619
197230
846891
209169
103103
771074
871880
387040
64830
146206
645484
854677
145920
884266
88499
497780
527745
203168
60679
864215
145137
464136
1774
706279
483973
934769
199035
74628
612558
598443
515206
613594
867226
484424
841694
427276
683913
978462
503485
386813
169943
840193
335588
31457
144113
201565
175162
279534
538150
649589
69172
10119
248946
607056
584311
202223
758479
616488
224112
725516
97142
805429
107576
65085
16240
765276
744302
232462
556681
311211
953028
866116
553457
107413
713650
56846
999280
939527
17215
746988
605775
495549
584009
647054
346947
876556
656836
489429
247139
700364
944681
95961
184519
584039
191423
174744
21161
995272
774888
981155
942075
947986
203458
979144
488071
784167
370628
421032
401155
331731
952305
327532
66163
57348
387301
694436
28662
443520
468398
878404
796644
710782
689538
21488
892380
178752
144056
62528
910788
13877
949620
353271
161997
847054
887356
148040
328306
760902
185901
268013
449540
444344
155458
54636
465830
891217
682640
321442
493144
880021
433793
389499
984432
613476
982642
448954
938039
319460
977522
427621
355066
318947
894135
267255
218678
51957
881662
9184
370854
819118
703254
373138
795907
544279
796299
576646
985114
692738
33578
987048
253080
589981
853286
824195
104039
777442
44095
539087
5026
714639
620833
682224
212939
91138
907017
45123
623785
247168
152399
609482
964934
718287
756846
370649
35001
717364
446284
415566
111027
446250
552102
730067
88892
489841
882340
86396
400453
186855
541113
19025
259699
794508
452194
335343
330203
468328
273276
827495
477520
563759
849402
852656
872639
532762
347196
231215
346437
736501
735923
475850
560111
824270
337112
709187
252836
939219
751343
753714
555463
902980
589007
784855
117835
704196
81229
626579
587354
70026
827819
238639
797721
635062
651044
195532
879292
238699
767151
989475
386309
179834
262009
803195
451283
836903
162893
993016
923108
921581
235333
898761
423010
776087
2156
754152
261239
546902
381204
409918
197445
771787
768931
301510
98966
902340
358961
594329
653793
550962
977868
721576
428782
798911
744844
593321
728690
731258
417598
600113
907943
474898
373729
160436
14543
407365
794989
968519
904344
877064
771261
287517
253932
729626
721750
602785
221670
170441
742782
700951
858975
10044
234788
772711
757705
136849
435461
450768
834562
140860
291720
789034
599714
372314
440050
65217
734365
360839
932954
946124
310809
443521
748639
993494
528528
654433
51745
707905
411192
413470
634851
309270
511951
318978
963615
234659
308201
396499
772860
897684
632060
485067
216570
598367
179040
52811
161648
598447
864988
625277
333503
284242
560125
182674
670899
27720
519057
336387
428189
826115
646935
830450
274958
51420
594469
930250
886288
673324
558278
558608
291226
132608
578129
618482
552755
636772
68881
801869
189431
25623
302486
326114
117060
511791
564215
461656
788158
539606
747300
419369
637639
725500
221444
150987
905064
344087
913263
882716
396964
106275
670423
749983
777160
39268
146353
730367
528651
123019
638645
182134
817592
963687
541839
687356
108004
191874
334035
571492
525307
461890
306851
425376
647412
898027
569512
190932
614024
584791
210404
888516
187989
230281
883212
861657
676902
445363
499799
494059
428884
176031
158285
714080
953334
702316
912296
243501
585644
274315
496175
470263
14245
894430
660969
28937
919059
974583
347279
658048
432319
598186
523651
669983
125876
898857
152901
417052
753563
631354
413877
466382
32802
354919
2404
806674
336598
775207
62716
301450
285194
698200
59463
776273
876098
737990
690424
581524
971847
390012
761336
207671
676780
332337
796804
546563
377284
849796
45038
690143
994346
89257
449185
737060
302955
449023
104353
938038
9785
781369
696925
652421
648749
244417
431564
11209
253454
578030
991356
885970
196228
298159
147821
748378
545316
805018
740054
271727
784992
682714
876057
73622
767776
531425
374363
828136
323572
517948
660338
86118
37491
456413
559068
533866
326266
638192
685582
93309
92582
818497
423121
220878
917323
736903
801530
997646
961636
299998
940335
119885
493876
86583
104883
697062
230925
149343
838948
843381
489032
181609
83515
409341
476225
993838
668958
841382
926536
901631
76664
80524
675664
65610
906145
615041
708394
43201
55008
287521
669983
813330
221677
223299
826886
317277
974533
295084
986640
122413
296219
867710
942348
160264
208097
177286
594141
616323
807428
590624
18162
956258
808598
163681
403017
761653
469774
371851
954322
518125
607660
620279
579853
749640
255556
158997
411022
925104
403719
325514
990768
376748
176052
616597
263639
64558
743453
951343
340762
397012
251685
629223
380535
475552
50419
909651
825325
68763
550129
843716
665082
341900
104844
974092
360727
868414
421246
785691
553313
732351
128446
337554
709383
593955
307773
335487
408608
435558
978209
15380
66707
330808
760658
598699
504814
987490
203003
754507
925860
2716
537953
456473
539223
738944
966979
858688
286796
480293
916170
330687
866790
60819
93617
589944
526013
469928
593007
949211
897016
34795
734351
56404
493419
655661
810352
146372
344898
227084
415679
746694
652712
816720
576466
983800
277342
392911
468646
121021
331685
893357
116252
726798
146463
209365
94632
919124
398867
223636
928531
461401
251164
384299
571328
95230
932891
423852
79200
387279
318403
738919
352820
540190
701014
635204
609213
71636
145559
111721
67683
931
513185
109413
186271
199262
495301
181437
668991
857400
768059
355914
379124
603903
684365
556645
240148
667141
757389
323289
183411
616087
557643
729695
210454
637672
545171
337603
677922
12588
788999
742609
984297
436811
487972
770291
940207
102656
700206
662620
237896
1109
712838
658247
600421
736191
39421
214986
387486
252552
119184
748792
662326
269009
410602
170761
982857
883675
721081
692152
470349
770351
295262
337157
30156
621265
396342
354124
951599
7806
857987
248166
497853
628780
358814
471564
511763
994783
977102
903093
509783
957676
920277
123383
213768
135714
191912
150661
979162
207765
358370
739672
118130
254118
507906
566337
687496
806780
956932
621644
913890
38703
251343
920541
62269
569301
535181
195027
219048
692651
414619
585397
157344
445188
32122
469576
179392
821245
183829
477667
589956
617692
962610
427360
244638
842995
589916
385547
438221
361385
811447
312469
250785
459420
474833
776961
353060
320081
681947
44814
187583
968639
214105
437025
388447
114889
765358
230664
280037
457931
887212
532321
303882
442565
447552
492577
262829
160417
837190
949652
343006
74318
119388
91390
976597
511022
810859
6929
742249
415216
7161
62918
664938
686876
121088
883842
473438
534367
589531
342010
601080
667302
522497
369975
974242
826008
417348
596639
923098
98559
742006
778026
870394
711685
402780
744664
806603
498481
855635
119778
943568
43651
894138
375926
353793
586187
952968
892485
848836
119665
102823
552334
827785
772002
780674
73325
335598
469329
698781
708605
111125
92752
306505
169583
975904
822132
640893
626299
517393
127592
395171
422206
654058
917346
558684
703814
334793
679513
37496
510408
321433
65944
251777
995006
730655
257705
824264
354958
770374
624680
123490
739067
895732
645899
606166
867823
431128
792500
614976
354345
557222
91884
531244
745819
445675
389438
956326
118736
239400
903320
901246
655918
522396
528147
801027
9329
900786
485025
538295
409883
325456
338225
560195
423936
826732
102884
603281
975871
402833
153498
502978
757183
906361
909539
57378
424667
906887
822408
939536
53811
672741
17016
208098
158214
611370
51660
53020
211835
735213
651436
31281
18077
978794
943300
196928
458234
482780
674990
210433
121510
282067
135360
724276
69816
187451
10300
84819
522786
34279
206240
664960
561911
886462
752361
947709
47427
230576
252982
817745
817568
672269
3182
386194
897017
156007
803582
73254
879885
269228
714311
603973
872228
763252
473512
34403
380153
25852
72389
918511
311733
874150
26592
250642
824455
701580
212888
873991
94659
708919
750384
632459
211376
676930
297191
661446
304227
496979
306250
862503
703497
465970
238169
787494
400250
173295
464237
869772
325304
659996
609420
183075
998129
414121
382955
683252
910192
681335
523311
193589
602019
516080
344576
231416
769201
976171
512990
141859
889810
872465
105146
903991
804159
525301
703524
405312
397582
50683
270338
942407
37865
801736
807312
198783
701196
724731
356817
975311
783995
554037
728939
504356
442669
966626
449369
265587
929366
44313
814620
839649
798991
650689
613947
485253
51224
619764
31391
805938
241048
974587
476800
84663
342206
746702
611205
607535
680297
351041
629831
572421
565647
885924
945097
983832
350855
174110
772339
272396
513865
838380
762550
245397
24654
213950
749321
374262
692103
440003
881253
355556
407329
643964
896458
343959
200767
734649
62375
248838
812474
954235
351974
10487
38632
4010
756530
827716
461952
255167
245496
895438
299650
283447
775588
329028
9885
725218
924097
601663
986049
242614
175476
1502
138002
206656
625659
327499
410339
559810
885143
285780
319987
203223
259715
822948
408921
168936
866827
938347
102501
783623
205939
354209
839925
7993
842799
790786
500506
144741
290426
492994
87951
147997
873722
85737
354580
838497
349925
797005
548357
431247
323793
581005
747856
916240
44179
697999
313767
997823
997826
863180
830246
494592
826530
163834
535430
329251
485416
562212
647615
496643
232945
950917
182119
688207
997361
408327
823552
572407
899619
513437
169190
83202
229488
322695
191396
452449
969307
885823
80486
137124
39036
983258
724178
238579
796550
104793
955733
488561
968756
557121
360130
385526
111943
987439
866077
604807
903891
540915
571417
377500
55609
331723
250426
135452
397179
900543
773757
353543
740025
855812
235254
185474
447045
951696
924568
185581
252367
442645
410517
136723
764134
672577
907320
763074
256522
506146
784347
896717
811346
390203
549731
488182
604930
545486
889166
703656
152521
31727
373466
235346
620405
203798
261890
866543
894937
382151
423012
279190
958101
397755
770872
69343
260776
39869
771353
944652
207765
334422
512244
118069
572715
11425
550137
983255
646449
481768
248310
259708
188790
136892
601964
929414
801830
809276
610648
451885
171707
787301
102465
940691
736284
865026
540579
212191
727734
525492
749827
875908
211896
505680
689659
926056
700350
671823
369412
615017
146533
345759
752847
742089
653793
966125
31142
874638
21157
242633
957007
433794
331672
767325
27283
23169
148529
383617
177407
856550
525799
482117
308313
649374
963448
791588
404854
878782
640387
164126
224503
888361
744704
315523
536142
916222
486783
474928
670887
758843
428885
422375
710457
448152
93888
448371
983263
15605
426189
356677
664393
144565
569416
749573
182896
271071
598423
484294
828245
483120
297155
370027
417565
389883
809315
886724
136230
984815
5375
950199
696614
410393
707312
522351
773290
447281
491561
171042
267678
496982
651026
521068
331137
804600
38598
905820
232710
677107
937461
428657
96197
492556
807592
73656
250999
366979
743201
467352
442099
448222
742459
386206
426811
939791
438708
128981
549389
122796
771465
428868
729319
840385
185872
667090
925092
136585
340840
767928
542477
277
978998
304465
444808
455045
565659
25060
192496
556946
539356
222452
889985
214788
533114
110564
550573
131279
723469
648484
203016
578455
543352
56780
58535
167100
355293
608213
932846
247368
323032
143053
775052
86672
642436
158671
593704
510862
496755
253677
290073
266086
586586
168848
909655
961204
851520
660213
605144
84441
48291
964100
167604
253012
179368
669593
327269
550719
376254
400797
151419
536071
733375
829412
773954
262272
761303
187614
379819
440452
582128
631815
837109
698808
725181
519870
620701
742857
397875
907393
703457
105806
404326
343322
904541
93068
463470
350478
779100
471242
538784
813823
509547
429434
933293
867261
415911
349552
326417
769246
641194
962284
633293
688128
287391
536726
552574
280081
778826
854182
935310
435621
511668
850447
655352
595121
911965
975920
490833
589439
869280
519175
636637
48620
138974
367174
859349
39872
713396
934084
979055
745361
350759
280700
316442
671089
420146
767764
979008
90006
972137
939013
376799
165666
476702
713584
155933
477170
983546
382419
817271
471789
554773
349634
647960
708588
695738
37331
235158
624509
167168
881136
754111
953818
125
883768
426862
862472
755087
765255
33198
320853
67429
350937
122075
231530
303788
472185
619584
353072
717284
319814
858646
116631
834297
886446
665955
18927
931464
861625
33301
393402
368810
102277
73263
10773
233375
591134
413347
140826
217445
617046
917998
419244
906475
763641
644545
106420
683996
176567
236938
99588
274290
494608
540287
365330
538358
776250
79541
296363
514650
730801
187239
864730
853268
571974
988137
342899
730846
851871
152610
794950
53013
704595
316061
501942
252321
31269
328204
978726
271781
292000
43904
263863
387578
735411
196399
719989
369296
92602
4023
668874
101957
989987
553228
803590
201389
594198
673471
469618
342928
292335
973703
587373
993183
532078
945508
200572
985565
298768
554547
377998
912520
90305
539840
470651
620856
665785
719479
531930
191315
290071
961751
45418
659497
674040
122232
972979
392463
319023
170277
535322
473844
514011
932425
67827
669986
805484
365585
756356
550657
362246
39484
50924
120051
291460
555706
79542
877312
627103
959733
440166
570531
408344
812787
335658
34125
992902
481837
134767
406760
509228
379010
91607
715444
141372
335740
136728
281130
761723
32336
364831
652178
279315
420258
87303
804209
955196
372239
92190
158407
851397
374486
59882
565007
526327
935570
919691
774724
66949
528167
300678
78069
556899
302726
129492
730993
119721
516187
858647
505042
747724
604259
770583
201137
229453
92352
296025
