999998 10000
353598
320918
24057
770797
791836
73755
497188
420640
2600
91123
841316
432785
380854
103049
42631
221794
578374
668609
425524
268684
350071
811803
929208
522169
561710
790535
145497
257993
994319
31718
34752
261857
526859
125808
73934
577420
256259
915747
958861
218095
122729
138083
882197
179833
648282
778173
839330
811786
467702
286717
376259
102776
433729
71469
686718
723659
212001
225825
990237
729189
446375
285096
678448
667716
771496
911606
803908
472991
177045
801392
103841
919624
486876
778086
900623
612188
6302
993711
901510
447699
712069
391439
132015
242165
712091
101966
980489
744159
85838
243040
605914
571799
631255
670729
766531
704280
490444
591411
463881
35073
103822
585055
664974
151121
451291
513203
764744
940839
78985
989178
381566
853483
981453
573394
540578
633373
11659
623232
292680
134739
124998
774827
341500
386397
428538
363162
306304
420206
703003
697281
835707
503222
792552
998977
905229
320713
16180
986199
281158
345648
544634
536504
313822
100016
508004
601246
935306
264307
451693
557787
979813
623716
642266
484855
719277
653083
639714
425312
812485
137352
498945
560902
702925
600271
940883
365185
868677
471297
842306
223689
227141
859143
433637
714443
428012
520141
665139
727369
729849
110552
304563
867642
648753
94198
463034
135979
592069
740260
411033
707878
245690
490809
742610
744248
570481
603625
173496
557404
881466
383076
517591
129309
632871
500305
676319
932996
212754
873708
796647
243503
262882
331653
106103
641219
782679
811622
316902
208405
550467
163435
906359
998761
200909
718945
27010
720246
634459
666544
277462
212978
302801
926101
73715
226875
313656
658360
900793
207815
229025
762613
295791
286428
892826
717411
15959
430258
617060
901288
479283
767852
580052
94000
230017
422471
345978
203441
877933
803442
1803
389440
687593
194775
525915
662812
752720
653550
652160
726564
480813
684623
673644
295834
934406
893622
342581
384166
427943
836737
265639
75907
662999
583717
968626
118023
599649
89549
110061
259333
208039
330662
160045
641156
221788
303110
229050
700572
23613
403006
630630
985996
833623
413629
192739
4473
442006
308927
294245
721092
830383
349784
96401
613133
159890
497240
463439
245039
769067
995972
622125
175049
20968
91680
697033
630266
66392
237652
876430
794211
848964
818592
113121
739344
967810
373937
945232
6793
334878
538212
233847
586481
916477
432589
357556
583103
232407
39667
678409
166839
701097
172575
899415
502448
365435
9877
270658
226354
11542
809342
469243
698560
201509
336493
377725
694697
281157
747964
916311
423258
995193
155038
546069
754033
944640
859322
53511
325979
755221
300414
751357
766254
490438
84462
285931
596859
539337
72911
828576
531311
936523
402306
546611
770996
830752
478895
898796
599329
608490
445854
480908
41574
100
356323
858976
609150
348861
302043
70850
179486
106820
45231
251227
875952
536510
280419
140906
407122
543852
513374
77940
700618
545113
685769
436572
823976
279566
97155
379177
123496
519536
879889
217176
231725
700830
268004
638740
95218
599051
167621
554306
456450
311114
84367
335318
287221
966307
292329
777281
515626
787540
239464
205126
14639
350944
575969
757053
227577
150796
864956
32427
994217
866770
988907
969964
111013
51799
500701
34368
909900
311396
684642
532745
672335
429032
890734
156505
8760
307248
784586
650183
428347
40447
515642
845453
199909
912844
448070
166848
262040
623859
21478
115047
379067
583266
512713
164294
959098
689707
955385
972429
951425
608708
240327
795134
22788
200127
468071
520470
775468
410028
953512
795400
114887
638205
893301
302919
423
320196
598080
366595
720301
221345
364558
708704
519968
730553
516494
368841
883035
262643
879036
501779
14875
730775
967447
16525
111174
934179
469105
792926
807234
621469
176763
517858
798516
936132
391426
19921
998924
928285
954760
349751
760536
825620
493858
752464
616973
796462
165235
109402
732317
9180
170312
388287
738477
894717
581233
134025
926114
652791
563720
56845
817725
207376
912754
330100
996207
13336
927263
296984
688194
343650
41541
903570
8699
945427
304024
325012
962059
242980
748129
932382
263909
587487
935210
959566
799890
405334
466295
972780
69027
480997
57118
519684
273176
25381
850063
140759
808679
626817
996978
262487
792341
659439
188436
360080
911059
232489
727854
176883
322915
304101
952996
718262
557291
154420
292733
199694
362495
15457
13529
121943
231668
288857
757984
170611
901175
447803
306851
693034
460431
415566
606325
92390
838091
940757
993959
597058
336740
248108
729462
512686
576730
33678
390692
245081
679495
694629
430550
93943
771682
536302
207041
60658
923667
583065
96650
687733
449460
534491
880276
253173
89789
354668
451307
479960
976072
960018
37033
289005
430262
479768
547438
23332
593984
603274
369527
1911
600145
599661
910666
223507
501143
697820
461052
534031
450067
648546
493259
595321
694701
455683
345904
548941
788935
459404
348842
355498
52109
182298
838905
408130
714077
607736
188019
168259
372235
850012
919678
252332
356495
497057
225078
610226
349157
259051
706816
179113
138865
940060
975929
671038
701291
164854
807123
958104
893955
739352
917427
856065
928510
686
75066
975316
441112
21664
168245
707660
419910
74431
67601
347913
468471
329456
601447
811315
884882
368471
729535
400867
818549
723803
48916
603163
330138
321567
94563
946899
524872
402488
507800
545210
55354
221636
37157
61105
197302
587191
509130
484709
390093
88332
360449
291682
603705
683696
58757
264086
144642
174347
755271
498156
545640
969006
810780
897823
997448
464327
415502
758517
375690
309288
383608
882695
291783
800317
344888
36671
754135
662544
978822
457789
964313
512635
640481
551608
492580
369918
712982
880683
578218
685089
287859
39710
582227
489541
322549
36211
683522
433429
253285
351575
754428
676831
152067
944221
977288
825965
907951
74795
171189
365140
585768
982716
986335
325227
69481
124076
93263
250664
332747
892798
245134
879598
195827
490107
623510
335521
225881
881823
191537
43814
516738
588593
873164
32899
444629
391158
253000
757236
137935
900847
148670
88185
321878
344966
845949
658813
403169
847362
6749
319979
144994
946407
260950
67623
49302
85751
275336
434898
611230
337674
656342
7916
939579
674473
388068
420077
847643
690266
632981
907557
410237
793758
629952
267281
155691
541904
112758
848770
515617
965112
141897
32517
890648
446490
493550
500106
706931
960842
781742
485070
136008
253533
303242
108518
729836
844973
189448
849859
83022
583429
825506
180476
775978
836995
654116
397021
275535
315008
419968
730999
173660
939817
630472
882635
130277
151761
509427
229539
152789
523362
2487
94479
392753
583145
456788
621601
469257
305187
441784
6744
438906
807373
804361
55016
923919
419543
458489
297597
582697
432096
598174
189774
61315
516288
992181
233502
799759
19394
769978
220315
583299
81043
640601
174215
527289
791459
799571
989195
262729
418015
873771
202344
450327
63399
130125
821025
392373
986880
831183
631395
434579
219555
59155
955594
54190
35138
549712
396195
15943
299749
77789
709074
744141
717349
719913
579614
106891
511855
881003
742231
137685
142648
318352
579480
829871
237108
521464
64528
31116
41949
713634
669604
637871
344564
429658
653036
743900
996253
93777
958805
132318
881099
272927
815062
517170
417451
312600
1863
238451
453367
876111
673396
693527
723037
502765
566286
648342
868126
676417
403078
713308
396140
53141
308810
691707
847322
435187
98607
212483
872270
798147
365535
44672
884354
179225
400479
757328
444201
516720
109601
936639
557917
594328
259978
1032
626376
88575
580309
765429
869833
343685
471108
297402
670265
905407
337602
280836
423276
33797
848592
56811
172057
384693
745803
746759
507793
800576
180830
379556
964112
683753
940518
742070
407532
738276
336723
751770
731573
961718
982614
510368
499086
643923
155282
839058
45532
787074
953175
18779
955345
799878
996910
663006
754182
538424
993345
135963
121786
767217
85276
695714
923335
896139
542961
589467
881581
412560
18686
657518
767730
772537
281882
612605
575949
641025
79850
53062
264527
278265
527926
441001
296149
557946
222963
730854
390400
572528
95313
68960
613522
32023
866990
1488
173632
694819
867531
925824
63991
882555
874078
99674
2619
725822
588514
382464
953418
163418
341994
25233
882183
875124
626060
248068
300233
266433
89488
48217
579119
343407
711381
667385
981737
816792
963504
413312
848355
56773
908686
78572
400483
583195
347125
28670
181156
620850
318729
141805
237149
875345
497183
174342
766765
92350
270192
798815
106296
151473
590409
515450
608884
415722
2841
873494
181435
808538
607060
955272
988422
622558
96346
873741
105791
377764
430912
113386
713884
141424
148671
904696
755181
598159
794523
464024
850839
815745
457944
853508
669418
90694
948687
419813
871851
477426
711711
255826
218625
605776
184969
896032
418294
173849
937490
504126
820893
66682
590240
140565
115440
395909
218507
308067
777667
881611
662112
864695
132253
904742
928551
567012
543281
247008
664174
959885
427263
4808
489833
64874
495035
414812
849951
335735
871950
360977
907758
647449
520237
146296
934475
664229
693042
707275
586526
792385
986598
825137
442386
65460
925115
44953
179462
731948
912403
952395
811463
19982
814926
177530
477973
538741
402849
996036
380497
42930
368867
680469
593055
834524
668966
817670
640399
905086
484956
653135
933249
32309
195530
149149
377475
436035
360762
850703
732939
271865
874362
841697
587741
194564
118688
43664
134925
458810
169427
860205
291214
541476
839993
702584
81153
67423
630146
245371
625065
899954
448979
355783
515520
617359
319310
516325
844553
238653
138747
217573
652661
984399
972018
236406
110638
62654
279915
934734
316614
955405
952036
714737
193181
447460
3724
548856
603288
687638
321993
66261
468645
901167
900914
22232
370617
982580
593805
102894
841190
89985
527805
924936
310324
534436
975746
778451
466080
712253
660966
130756
605194
563456
182573
159998
404296
56114
491882
619632
425767
494244
125097
148285
587282
25993
203045
734258
770347
589203
45625
419930
720703
673049
616839
488494
402244
697282
915661
313989
6141
514750
858668
775272
888151
528162
162294
635589
809632
178723
225693
571610
991566
112064
39651
599259
655945
156046
702615
488432
925151
355313
211851
384636
177506
699127
815891
262825
215958
851822
363841
27194
896895
149338
767799
40394
187406
360658
906538
616641
971786
229543
41759
545376
311932
609837
92677
25660
281274
86702
920303
486166
938203
336508
109764
641640
482467
119679
607118
793914
146824
723684
966556
824044
916266
877429
894559
541843
738414
643675
239457
60097
491231
562715
568039
642950
607985
368375
995251
41418
924439
926514
988698
673748
9516
656569
456568
134275
968252
588255
545772
421695
464626
378408
226497
966113
501880
67067
920046
3982
319267
87207
138740
101007
616666
59178
349821
655317
202323
198731
49732
26698
73988
746620
340780
532380
890038
688120
139119
925877
764684
172409
511176
132592
330173
464604
534998
954359
48918
967343
513738
174864
829797
834175
330340
998812
105373
963582
225704
39972
660616
710366
306989
136696
668695
480166
648390
118221
585757
483293
933650
271068
784088
315618
207697
662054
61900
707118
454266
662912
457965
732807
396963
991264
120673
16088
133201
333637
333562
971205
953571
148456
183214
929305
973622
560423
770420
71711
10715
352423
311802
454393
475496
937048
956648
49189
915727
847098
652471
650201
249606
722863
932864
697885
656381
993721
72509
558711
553986
452579
656725
564865
86566
703895
246747
166309
69197
29500
486952
876649
392757
561173
696544
304561
478828
774881
715754
454179
492658
228846
535381
650664
671647
156056
28566
901289
307457
991577
924960
237729
631800
165995
19991
601834
99072
528541
495725
135036
333465
576939
144866
310617
313813
265727
235699
208437
206369
540789
733358
373303
623857
905064
601556
121049
988570
258874
948982
860437
107940
978016
855826
984405
32918
693791
818471
150752
762684
521310
884141
320202
383592
545941
712373
748914
785952
222456
996427
242827
189128
967436
905321
372857
323643
632702
465957
22793
268335
736027
94836
595860
621337
295101
810154
441252
895515
861712
7615
578543
772191
885321
67072
595752
121388
848676
472172
675911
502489
712877
571436
67367
196126
85221
586768
954621
686266
180433
984177
609385
910905
84347
861513
905623
530393
48817
579338
767693
924387
547633
463561
887328
621548
605433
42280
93017
390528
475080
944299
84466
276467
83701
283082
855182
454117
793564
77440
17782
886882
931189
19048
419541
430475
226569
686915
889733
200563
774107
130221
695724
735683
377843
593488
301337
729855
175790
41816
318882
883781
251639
58983
125341
729125
536863
637471
473556
117323
682198
357041
570845
432529
734707
457239
520357
487697
395128
349309
724557
493494
349911
184199
835582
451625
673339
195966
103826
817332
577354
673617
523949
300240
850181
579492
6612
228383
169569
28562
914594
987153
102455
70594
693545
663103
10060
475859
482
171908
265942
515180
687235
830496
164209
46317
231405
545241
646111
571308
723990
531296
505445
313115
320703
752543
46662
774991
143086
77313
264330
692266
975884
481934
488557
763790
748764
502337
98202
59058
713276
533355
342203
537084
430094
506022
529053
684378
166898
935089
845436
881923
73876
322140
847284
744829
551673
424103
229958
343389
555712
952618
829002
910549
191163
856635
928905
368344
844443
458776
864504
764628
269978
365424
588169
501495
505062
251146
345613
58037
220998
329983
854160
762665
135298
569305
409528
53974
407596
476333
160654
584191
521000
593110
386828
465534
10984
672597
987367
937339
545499
876753
551293
740607
282866
236863
312946
526663
138081
47034
19212
697909
573536
823719
234996
181188
796752
957260
895811
768060
795584
205874
979829
821351
470430
738181
16471
343601
233373
517255
774569
630585
835735
437367
880394
991877
858427
774011
304286
310460
253523
188426
624368
534667
560901
739805
726805
548294
940330
101477
134281
248493
957287
451820
467851
76124
139869
316286
642060
689491
684499
973868
269181
949965
329758
909459
405667
896768
340514
193024
212369
928235
748604
597110
319828
978144
481708
726183
690889
78285
778630
424411
555143
332178
337056
252946
553161
989916
968984
883417
573225
10404
149336
841244
889209
224789
734889
150587
115543
973660
303515
82102
183596
880662
17794
385399
13615
246433
652457
99958
807281
399320
441676
281469
918194
223119
700106
754934
71066
997134
750655
311576
295136
630105
552326
603468
313284
347149
563082
358005
285571
897583
795518
433716
744375
391598
727239
669608
278057
944995
713198
442126
21029
413757
813828
336995
290364
634022
500685
367599
772525
748042
530393
727259
508544
393022
388047
149627
551947
757262
92833
569639
580948
766818
831468
926831
934914
955927
839167
633529
514836
895751
183199
442297
738492
408513
620698
190241
273255
177895
500232
172116
582939
781609
755748
699926
419820
618348
401870
743537
268944
678830
581097
415063
409064
619501
136340
459139
693006
137415
886305
841910
370021
216192
266606
993425
273624
415412
766064
251345
480681
9651
635545
578247
110942
448364
675730
680481
280990
304144
520632
243470
352511
604388
725202
116474
522040
200222
138296
929279
487821
616563
496297
803930
399108
648475
908108
536531
544265
821536
918782
867310
266203
717709
136943
231565
407187
83243
990218
689747
179781
581442
33291
571880
736663
30653
374763
739673
869266
976630
211854
269068
203692
488458
166111
786676
982060
138529
98602
655433
18430
229579
349703
697978
700674
465596
896433
170687
973136
428442
749374
256943
79652
418341
21598
435130
472486
443882
493593
695036
699940
406030
171049
725724
273909
810620
286459
878619
488347
665152
430856
921472
910596
568196
18584
342004
799773
383547
85869
234493
19851
306273
503060
608161
109842
574113
40756
293218
49424
555217
371624
488495
915608
451988
12597
394097
64503
400862
416206
303092
691982
319116
905175
988235
627996
452355
911005
212840
1547
210109
25121
719356
976780
542009
700252
104844
105400
803306
50085
579504
966568
786041
86813
722513
672702
350931
909063
998891
508038
885132
806790
981763
436564
632266
985061
936286
466902
793691
625282
664705
893948
183741
300238
286369
250551
136739
338451
932258
397231
309841
593688
170438
553945
3327
217060
347060
235081
628750
452019
926895
987398
995373
176630
348116
550312
156626
902882
867892
558918
660853
209379
368563
192377
184414
131609
118571
233753
690221
863100
37972
852133
451114
231113
105284
43808
504991
802125
160589
76567
367400
145213
509205
469579
117370
735545
410927
11111
293494
215533
751746
67269
389862
247826
938102
967213
125217
992130
328175
563734
73730
316994
320336
162833
692104
218017
555847
891925
255242
555535
561016
233488
721501
147731
553454
889476
88602
459164
67737
361542
372549
610101
517697
633087
944456
198629
805709
121365
593955
475367
613790
631382
352911
739702
66953
388030
809466
436832
46201
348867
369938
326505
546692
907213
684944
267162
126037
783670
246093
613343
668332
373932
980950
959527
401475
71705
526446
980188
348443
117799
744750
413723
167652
339922
960633
816971
643160
742434
345637
577428
922414
281298
851931
811847
967383
316694
107485
202759
584338
174223
724267
528579
828217
965382
542439
628275
539419
318940
436064
808208
264021
957086
439647
246596
832850
113698
119835
780148
430501
636801
312938
567777
72277
243263
576422
517887
25245
801002
961353
38608
858956
702460
2795
624422
492096
362814
146440
27992
813203
627388
182320
282614
196782
404935
640210
638548
510552
156965
516385
555591
15207
967977
147675
254615
895028
797479
526313
972377
25800
171872
857852
986789
985933
12766
704451
683889
247344
518008
627164
423170
944559
12708
843346
724465
613676
469737
49128
347468
817229
962681
221924
164082
626669
658934
914237
334110
521079
86621
277559
186414
378915
316235
813954
380539
888980
386365
642959
377881
887489
772637
892708
986819
840011
949915
676755
762869
930230
130100
1813
342734
991886
71289
866723
370243
825918
448810
759205
532525
281742
654616
734517
366345
849775
48760
268913
917421
411701
625120
120848
39595
225683
773313
504159
106119
185595
319668
979988
171895
886532
312391
608005
173380
53286
79515
62532
581950
444098
932948
615446
36878
428960
517926
115300
875689
59863
214395
350855
152480
599823
185314
477302
688938
158183
636622
504691
938095
291588
604556
200666
957491
173205
118272
143371
586260
207177
899148
75432
999744
770946
852935
156219
175613
105028
486842
187126
447050
237935
40903
393388
241417
233421
561442
886014
306942
977824
364160
498672
215273
187234
335393
296944
694392
307381
302242
691108
394207
503518
265835
748688
16250
993267
636641
999275
349258
562320
736769
751673
644026
220996
741404
702198
933744
609147
919999
403031
360177
937498
507581
980763
301350
965473
787500
347860
113041
758683
999175
33543
594205
743706
497869
675598
865587
883410
188258
160959
211092
633021
629520
380427
573128
705279
366911
571655
815953
572451
983273
264616
575164
63632
83627
915018
496853
377663
927001
413688
936496
325196
701858
793737
735547
637805
504977
622345
522784
737745
928341
760312
97807
448847
784600
400037
845695
747216
908870
551410
804679
799814
163129
435088
962794
219659
739172
563988
594808
678311
607106
646288
967351
759446
488534
827084
538001
211767
47110
200853
853195
565140
83843
973171
710177
410776
400498
127665
789802
514423
651702
963000
889866
330968
944799
404684
92737
419500
166260
567824
686399
719798
14405
649459
424643
644380
500433
862914
759974
464664
243231
791632
11910
525438
228157
236272
43716
408772
825976
356335
912179
286669
775336
666449
127925
351130
520673
237402
617856
391038
767143
273373
216637
297102
365154
89292
530774
519335
669321
396094
316676
275912
330104
716634
93171
617930
71155
701351
569345
291513
381357
90289
610124
706855
207756
76868
884906
223223
674090
868859
48625
389596
569321
313285
290019
742532
851565
554518
348418
256022
695031
828631
648285
562498
671085
662101
29785
619839
499226
939247
664055
586117
429813
530336
133418
281994
727531
431059
329656
770103
913119
654138
777541
261411
390583
435111
226197
770448
838094
666860
867439
684496
273008
861271
338111
686205
14909
351421
742542
274788
865316
894001
291574
467869
698659
309205
796236
134181
316364
304114
176986
806789
854358
165644
353537
757113
254042
580408
365640
571990
307734
441389
341802
469140
571842
135103
980756
110841
4481
467977
539622
731283
528966
86959
933027
979946
850635
976893
439063
1576
761621
376018
680835
922685
856716
240950
6396
95202
53176
213838
125296
159806
558297
896871
876491
234633
960814
123158
300285
309467
935662
827998
766016
231185
646352
70873
767601
503146
305201
736023
140610
489377
508879
448250
877431
513811
905205
280654
421168
775521
466869
902269
304258
962775
148712
916120
264421
941935
987429
272014
518384
921618
766062
803411
702936
48190
210323
134004
103214
475613
309822
427188
179724
570796
764457
710386
78462
65028
744728
796227
762582
642738
124447
143879
639431
670736
95304
356348
73351
514258
604958
393394
972528
160534
373826
994695
717230
676305
340443
254222
57171
362565
261261
764309
247305
338039
847963
256697
614231
682261
263869
207867
949459
199816
20719
447255
611189
329217
318094
409521
982801
713042
649977
305771
984144
470386
66424
153729
660796
268321
823026
303108
486833
876016
276865
819983
908220
3278
794826
852757
826826
874730
128682
892346
179126
171495
181014
660497
499046
684154
337077
212706
370963
263938
569906
725966
976772
433499
339440
356645
519997
324295
901177
500056
170281
444510
15852
760835
313215
149632
208841
952037
313284
587178
666480
480869
701836
317768
576222
550319
687316
776627
218520
708425
151615
232776
400547
410752
844235
927586
885362
426680
315073
630023
314831
116373
236979
932842
750609
832872
160830
232140
364703
962511
418752
482090
999622
406919
845172
497353
287835
631149
220778
787578
771247
755005
861038
651549
993624
548455
568796
532966
852370
607027
249559
445517
590793
429384
848438
611786
687969
596829
909315
328741
560549
763256
979654
471927
429305
704112
288470
981175
922979
244231
610341
132545
992927
486930
994929
394385
494322
400555
89330
189797
353126
483687
109693
943483
582774
926529
128880
377821
540510
413528
238542
141247
720496
471058
316853
501350
69353
54047
587227
15839
279462
886728
888708
806382
766367
925195
595314
303524
68826
193289
419481
105300
223560
158320
913837
897795
261436
759468
345903
222861
347838
179224
761919
246321
247181
457004
478817
579446
730003
84158
947520
637110
260807
790822
916037
977989
805796
837654
87461
565297
881859
259251
15830
910983
31664
671098
811884
621975
754423
448183
341145
953975
547881
310957
988304
596456
124301
613094
734780
61955
51696
915566
250417
733385
41291
752818
935610
835041
853159
849373
366798
336102
324223
428993
396057
69874
336278
673553
234678
157667
636407
835075
210946
163120
298172
981907
533922
270947
269147
868836
317911
183495
888868
960931
326389
359172
480989
212242
379494
678708
124403
802982
135823
618376
490338
672630
7108
533741
195878
351435
293427
713114
469123
289070
237015
446865
47143
606743
584274
476870
135150
957849
418473
839792
943736
972301
479730
298569
790807
580945
924203
268387
5767
369026
491021
386580
905778
991437
343355
650324
927370
597556
429111
351634
591410
159720
67091
876117
355413
576974
606055
800061
564414
434466
426988
619906
650088
338966
262967
878736
447527
822204
796370
416426
70
906317
759775
963166
504813
559454
314763
320556
114872
434645
311906
930100
159250
481303
145611
715846
967075
246302
309067
706087
890260
940335
427405
88452
307072
635311
501274
33375
358840
279823
328400
832854
923004
572285
587284
644562
857948
115087
865055
405795
868510
688204
990590
287412
435805
926925
394370
394818
130987
165973
858133
291228
289761
721019
940261
317834
462987
418662
566887
616203
278390
757236
764144
220101
349416
683330
273473
577142
649462
602708
839872
385046
333201
909350
291961
682974
331460
12621
143186
725314
172062
570130
335011
283449
386285
392599
915842
670468
549067
277144
903520
964434
470810
846606
314556
617732
309604
325174
359911
883209
404943
64257
104939
262192
447446
547675
470248
485176
193858
551460
310568
372861
312555
111161
450307
293381
102030
958277
977355
831009
763278
127527
800773
712249
626763
507930
463362
997167
235602
213211
466721
36964
468835
780846
914232
723216
952120
374093
106531
109865
847939
357641
834375
575956
743351
845053
505391
315292
760565
74972
914085
88575
204098
763083
418554
854279
27980
898139
522722
106413
157472
802861
379498
490489
231969
664356
528137
543431
649256
153695
258148
208820
885986
200600
352482
115796
945258
466747
604310
478072
439371
569930
424560
868980
254314
651433
61487
59077
962300
450196
438891
564787
149588
649918
386220
549721
609108
899044
81619
244705
910838
568595
858112
108238
207653
9108
133443
536000
260293
795480
115702
46199
572376
207317
109721
516954
214806
982401
703330
232595
388707
202205
847891
207644
26932
20905
864163
500428
766481
833139
702381
2687
437591
390789
364527
497198
810014
325373
257159
612341
712972
510148
384710
670724
802497
704828
716078
328372
188339
965863
761385
331665
852372
376505
381165
681104
291377
753425
116817
984186
99328
120448
879032
804037
267765
905000
660001
366149
827595
9144
45538
72467
81599
134648
694898
890244
84179
282
628878
832483
213348
379604
120917
427467
649688
208779
221251
286776
327980
366511
460796
624357
459432
111957
79251
853648
35930
581532
201056
195378
822420
191808
743158
565631
219555
273236
480162
881878
35932
768229
615271
324131
647732
367162
409562
19017
243315
27147
907438
76489
851268
420977
562756
902064
632666
497428
617947
231874
481762
999124
417548
393492
324042
480497
447937
882418
626587
95875
786645
462248
542872
186549
817470
645989
802642
485687
521748
596631
927214
581275
391434
197014
601531
129774
26308
282167
66526
197008
775429
801758
208831
17799
362079
985891
619589
412187
291792
424468
270098
73589
984652
338448
609259
953052
995918
220777
826265
3787
393104
455413
741686
621473
343031
484793
291106
218336
228930
589242
847669
502823
165563
366259
693393
201712
609408
553248
793798
157796
871302
924206
656433
963811
730564
609027
461038
552082
22449
333496
837622
449382
24875
758724
638416
727797
705765
310666
800671
34934
408883
633555
929461
470585
353945
75475
543176
492012
405871
419982
19059
476294
928378
414568
152174
45739
178753
514963
898376
771120
623456
663651
310348
407555
758338
851661
895507
389151
502586
674596
625530
911030
2126
87039
609505
561193
726056
83874
6171
129680
68788
92738
95448
918795
280922
448727
555422
605685
443491
440640
898199
467381
373052
67477
706487
568406
799213
824533
782521
332389
891514
550396
571906
771624
229227
609273
257188
532330
605433
457516
729423
828394
635885
948860
240772
282666
3493
569817
917091
672426
310870
164825
466738
584418
936237
610168
360279
24898
992080
326340
475517
101414
471312
480456
703227
995608
932280
223456
291216
580070
621826
331284
767815
197369
764699
174871
130605
315624
857971
30665
612195
2557
200716
361643
742060
418727
562058
848102
611949
820714
844793
628247
222094
886285
837144
420470
536414
526118
661818
942384
407154
730477
329372
316108
842860
414217
882001
954946
188327
669842
974219
763514
661139
315843
378496
351555
346613
136341
826777
361066
191496
748107
802890
937060
756424
602311
386239
834161
488176
230886
13725
644426
54967
481208
74748
156191
851491
147794
583204
909393
125165
106044
780751
599750
301003
780568
417242
102333
989762
539437
627031
534487
852483
395749
774013
958705
964295
219159
373561
38009
571292
512587
216155
199504
166556
693110
115345
636238
624848
731053
281779
783125
730227
947614
185394
739627
806839
748890
909456
480041
320330
82938
423001
591655
255826
446587
902317
711704
798151
339952
217465
795977
340904
169197
966440
845065
133299
731830
987423
738680
937069
583895
108670
384140
910550
784691
5949
471999
562953
742189
429030
750006
29134
141111
731572
875949
103582
225690
592886
590649
442126
30374
55366
164239
90807
504341
518009
812060
33588
859407
124283
50903
764078
886022
61706
771995
981129
428276
650862
144040
384198
686422
743159
327796
201528
524171
869500
383067
522737
498103
786149
679681
727090
897767
549405
585901
299734
687644
17301
200920
110373
875881
724425
422473
792372
499786
405017
696286
204964
114330
49881
380975
87261
397472
274252
780198
919940
244883
946572
543250
698998
516700
482291
315968
795681
420235
942105
235737
327647
365085
90676
107533
498694
10892
869718
872362
177814
143044
318447
285119
583095
957875
834725
555803
311954
316501
811850
76197
116409
535160
108775
253509
760582
320033
515668
903177
17350
525747
362045
614906
362030
519347
681332
999221
203227
65280
893556
746177
554421
812005
796968
983592
894642
657101
769745
509028
592501
495299
474537
87944
675129
112669
31457
159852
912002
280183
579222
974955
153396
421236
379516
395687
614172
580168
136219
340714
325816
802688
999032
123383
293151
454088
800096
742271
986843
447460
432590
518382
678829
831642
921858
341744
784984
697430
662491
189509
817858
900616
498894
508403
772007
671700
812189
516197
765457
784694
542953
470129
543020
591163
127092
474534
10692
890766
651301
455661
315096
305773
144870
518553
107855
554634
816226
19021
542089
778420
215442
333163
236625
864028
758039
487553
913299
529309
780780
525125
663659
787829
316727
724948
833644
294760
74707
568495
328256
990423
687425
650689
732994
404331
152821
570911
24777
960068
534846
207305
802327
630171
412726
677169
904447
330203
271839
716846
4354
512499
14711
176456
269222
522590
37231
817990
456285
415139
863033
629671
880362
91205
158095
425180
532369
814994
57967
583235
254361
395770
131618
401201
283890
579372
978780
685789
668916
483860
411719
884606
24261
235078
407775
274194
851558
310454
535560
463390
176867
483172
355575
745235
573627
673867
375135
636327
733325
463294
497787
279439
622234
496957
549062
253369
919820
521475
383220
733412
872872
332508
279756
876519
919153
485330
823802
767094
435329
221712
231131
252577
746180
700539
126354
522350
95557
284633
111983
339176
624283
332537
76377
419300
526168
671581
80222
575501
460542
687292
834010
886785
988185
754293
233102
339108
267246
555108
152321
93386
496739
685819
718598
780250
627422
831334
578068
995402
673335
708037
253103
475098
552017
917904
545114
268183
757372
835691
80588
589294
326409
659598
520624
937236
499547
795855
658389
493211
193881
818945
614223
775502
909825
351750
604764
20351
973735
343664
310258
783220
82609
389786
693401
810266
961693
930553
233323
316768
571780
398772
930006
427432
710238
639733
107211
682902
38258
220176
996147
197456
536558
563151
317430
264802
142742
198344
595495
952046
855745
801252
737469
496307
906281
109600
487636
124132
686908
251720
728937
250775
11343
499109
244592
884557
929850
964202
475755
460959
766021
304432
15220
261738
259983
64913
62554
36301
704055
894665
832637
435700
739104
505037
957420
394064
43298
904074
249838
647904
489729
136821
809162
170696
475311
489128
338648
418251
30609
871279
719247
929841
8725
887845
337176
10696
121096
921401
398562
933394
839027
410343
480927
338854
212022
384777
869160
292018
467440
239521
802719
753021
850736
669553
621143
61515
541532
670755
936574
400006
637960
517608
384840
101474
140236
669535
210725
97189
584121
628865
928443
762588
475909
875935
564907
912199
962815
140651
541241
719049
236108
434831
77089
889632
9055
465997
112627
512437
37733
280765
134785
616208
59971
244802
967021
623498
716189
756373
536128
565774
985599
411741
864868
138220
422226
693272
55841
415555
7435
634857
829874
324615
749114
334316
261266
775070
252400
628718
712628
686618
362810
726130
613621
19108
639867
96046
650769
311496
857772
460827
139619
166182
949427
301748
835857
577191
811071
895808
208625
993850
167018
533221
247098
535979
257472
230566
200497
832330
457112
950866
262088
540884
58123
69378
99264
727800
358576
582703
304723
931219
885518
348820
297809
916790
51899
466994
940442
843689
797389
758979
148706
803090
795416
196788
78942
465437
622183
37298
46367
878547
878198
370279
194544
295466
628778
763939
75651
279198
687260
700906
724345
230814
203096
537578
512108
918108
736746
791075
54332
543917
504272
660548
708991
386341
756739
823433
753591
67543
323028
712211
156213
63469
189371
673587
966791
153720
614920
639496
746390
129015
689862
198169
125083
223047
431095
243483
533137
416243
480171
702175
385575
970817
219239
190959
516764
299704
652895
839459
459548
546336
717354
929833
242542
57936
773087
450306
739548
271858
913020
137342
246671
402734
375639
89983
885534
717536
790817
579924
635139
116386
205893
252171
280224
198801
840537
513687
330601
988290
301126
541196
13798
12566
548864
4375
772439
492355
260585
296949
308118
978671
347167
795726
105180
896588
301705
426421
540614
102972
738065
605147
140399
746282
950182
445735
278000
428473
573418
975595
627279
912201
461550
986607
979975
390921
706408
62583
616988
645181
321926
271120
283056
245260
490354
985207
956019
328540
425566
308735
24714
379348
846932
620109
193651
869710
776900
819430
417956
581359
876437
967277
438697
922499
814700
136886
36521
577256
232769
466588
950680
381385
706034
595619
520830
404755
735768
894005
500610
839250
207664
155963
164870
440183
943589
716330
786497
949958
942540
270818
794143
144630
657738
33416
438785
887192
189060
248064
594855
845814
583454
486760
400832
340941
530731
612543
804488
122052
618081
763355
719618
743062
963912
221526
423925
604754
490077
573741
31820
663300
311265
137558
361271
265833
721340
233135
280420
567201
38606
512605
667535
506458
135484
224556
446996
377294
822780
987390
774319
613531
384734
372853
334862
528973
468235
359832
893692
400316
218092
508540
688198
462473
19947
526508
990376
97614
463432
750345
182339
742344
170349
951011
986421
811894
946180
785376
70378
245839
307922
163153
108521
116784
817233
775813
521228
111615
805110
42879
538121
594333
12777
771040
934317
390153
393206
892826
774481
392447
818657
754100
766056
587310
721864
553423
370842
114901
761953
701410
653248
542403
450914
64432
953860
610347
302433
284618
868582
332227
472102
626851
686459
476705
46512
93522
393385
142430
108447
869076
584263
347357
456404
508946
142772
297634
388842
671222
345757
275554
277097
604492
128358
891711
745572
51527
606338
783420
153828
706067
593689
709634
732406
868727
776418
391988
162698
488087
407550
382290
610905
344322
873716
698652
227095
735275
250291
965675
902616
658632
9920
318452
642571
148953
378351
385873
254806
124544
441857
255597
182841
826731
2123
441224
217383
692875
347336
521631
509552
294506
562308
303083
778676
793237
735813
66644
858477
219676
439934
706593
757711
764319
154045
339945
224794
184469
885182
272855
400661
377495
96880
46592
520114
148303
200181
653923
779104
207660
283344
916193
423893
478074
460921
442008
837763
855198
208174
550379
901907
675284
313454
34324
189377
272995
628970
665359
614433
178915
629525
894956
4356
702401
899098
295964
686794
872951
56798
905172
592883
972042
306527
777574
564930
177460
748830
743585
527111
163392
828728
572363
928645
852136
809948
487559
401129
897019
963819
256227
885188
891216
240190
877284
576323
743392
548093
232846
915824
138667
415463
933905
509820
512178
720090
991243
298054
502557
388070
873132
513649
423919
441375
973287
976142
897518
542773
505719
42288
417997
234169
367510
102587
294199
393540
566237
856246
100808
46001
395671
723232
504620
556130
661524
659341
88025
401523
908462
328626
582338
181682
780242
57324
744886
251654
356757
244325
966320
386460
554931
935516
578386
180213
454825
82771
747443
462899
717974
603098
785302
878179
101898
729422
686508
907132
442875
301732
709940
45761
378511
585765
862702
548130
512260
926147
215517
132405
684016
41892
81386
313625
504005
54360
223094
574920
331674
401284
420132
417972
436894
635184
921944
443865
167736
730458
541909
7100
567227
930685
405281
658352
30919
356137
654332
545711
277760
561227
735250
179432
118673
982599
243866
481887
250411
750788
691081
842209
576668
651863
963907
974254
364114
120178
704315
736847
877877
19357
305632
716869
9245
625829
735011
298622
807687
667745
930539
146973
760019
491811
92839
517169
121432
431547
793566
570780
596256
232730
456962
925100
190757
955225
435716
992449
115941
115161
598617
276121
205216
957378
75070
681400
429972
655277
560298
72832
745517
923720
375119
763127
680496
325
295457
354345
794813
201474
19303
368667
374259
291614
22609
403891
504451
717858
470666
127879
972356
356662
797769
286562
280582
795309
545550
41688
427799
328159
59118
377352
8037
786106
680206
18462
612309
37410
147797
289643
477883
499042
19252
609657
823730
279909
58750
864311
335052
640811
704876
729902
815482
300696
925513
129582
112461
744759
995686
396681
39446
97166
992852
391816
168028
309651
94116
774759
43709
386965
81171
867371
590981
121126
811303
60513
216544
338660
796573
515693
393876
978481
448328
991324
318066
412804
990509
983796
556726
299443
522729
15189
490938
911083
222895
822292
739650
325597
219206
405703
691558
81182
232616
383120
730445
901106
693408
857572
733119
875030
669326
59131
943484
47400
607715
347815
381956
708089
590445
775689
536361
806475
527920
297803
198580
817336
477250
894445
960670
75467
59723
321299
64806
65587
773992
939433
13336
405151
853934
93657
588391
289838
203921
805649
704905
985029
859298
127321
826575
541261
366130
360277
511189
287655
451840
488805
19935
814524
367134
596698
824686
94856
319654
742288
277968
114081
491088
751463
672171
878514
232016
654988
407794
955099
162532
44362
14865
758545
71755
449477
327396
646669
705603
951769
197598
510757
759765
638086
754799
954959
653581
173399
363358
347220
950579
724557
114598
993974
612715
702644
899641
441815
627905
308103
853232
441562
934199
660642
233012
423629
979032
375027
604423
428346
698229
804238
538268
310824
177012
813056
896181
697212
764039
867985
178629
607662
949524
433555
340768
881029
889819
150351
943346
537337
63324
36765
499059
996249
176429
4282
399143
633256
103196
305229
860667
500045
338804
142278
921897
161447
174296
560560
631274
508642
558972
916145
224956
96726
406809
668707
268545
24498
924572
981565
450514
625307
391817
628880
958055
269993
706797
7657
140431
396484
927285
631279
470619
475277
981657
341672
652927
996063
703078
618793
92437
717942
348468
788983
841535
364181
803904
637829
569464
662164
749480
918536
62732
130191
159101
513410
257401
294982
644549
553893
828650
87242
318162
633715
918728
7355
44746
360053
671272
279240
180918
879213
858169
617676
158831
686186
34526
422815
561277
981540
338008
185377
656484
74449
260674
636982
713416
847286
464657
712290
802202
95028
987404
703122
199362
631841
987880
79426
963766
417573
522044
327967
726827
598454
704085
816819
249190
279184
9283
132220
836245
47678
405085
554095
276059
759087
458822
337487
565882
852326
563738
249426
327147
520174
949353
374165
473949
383132
197872
544518
396249
927563
575280
882943
646617
860244
603894
843292
878099
704316
952577
832583
570830
415711
901500
961920
906315
534493
350197
726619
841
402142
580892
447862
593249
273688
763437
121650
197365
732656
493890
915571
675662
677197
495667
929865
168253
287312
980374
996507
320135
805992
64826
228474
789606
671158
71438
751143
92105
520640
501085
548683
936220
859063
960672
640583
342448
723327
352105
866887
281
512482
184984
405482
515514
258158
962270
770720
427208
3309
206352
449903
132503
629862
842316
522637
147554
429993
335935
577777
454117
951088
195762
993667
33873
161042
191920
179616
76365
778422
918543
690000
761448
691096
132545
217142
963452
747302
638259
345069
701807
844721
355676
603484
671637
165975
609437
799778
727911
613069
606356
826600
767984
978652
531222
143531
59938
158571
683735
913577
697899
758031
603895
338722
530552
772817
188784
83475
605369
637320
390632
801341
898587
822778
204194
686361
859802
341943
300898
660351
90023
970523
847875
276192
293381
731068
761902
668494
495186
201599
891458
915206
402828
509114
394497
987181
701063
447209
885205
57478
19497
17404
759947
318121
287644
835373
480730
609288
201693
266111
493964
104354
567195
856199
892947
13974
353128
616650
894411
773328
395375
976442
692643
458907
821416
774688
279096
244688
433085
488495
371084
552256
480518
3911
680046
175437
487983
628975
368061
67203
51040
720713
690675
665112
814546
252054
504786
601250
162291
879962
532254
393640
501598
592700
13033
248287
410009
811999
656083
414529
326211
904973
601943
631068
913658
421027
447779
76050
702874
10543
253895
891767
127206
905043
850077
793067
606855
42579
690844
488242
907283
407477
970560
642167
600639
920169
702541
893694
92639
260677
990716
2751
342373
338427
778030
547362
98794
731427
942735
716744
205202
309438
731843
653902
281792
428615
170447
489570
886418
539206
266285
679130
74967
783242
540808
505063
135320
175756
661225
639760
152626
260911
722347
476956
978693
713544
32794
534811
124552
216947
96966
609615
72816
89340
852400
516331
515238
554327
121519
190668
60898
254729
667459
647094
31759
594546
205556
788187
64856
760391
215260
342934
374178
821602
421649
275083
690336
137326
371361
847359
92408
409242
614714
153358
173883
110162
623921
336116
243421
691628
726713
900891
551174
927712
15386
499351
852723
987576
403161
313394
975205
345945
742923
699027
433994
438535
197844
64202
563359
48506
859010
49256
70794
770452
942138
954559
402241
539960
763595
17200
814261
139679
95356
577047
589195
796910
429227
392192
400682
473089
142514
364822
439420
212143
550562
720746
542864
962540
355925
249303
237567
616959
59651
555097
299195
623864
487039
398981
162745
416852
698423
112942
274320
80520
204918
762005
265832
125674
589759
196026
655311
982072
347760
385183
628001
833473
998575
465237
337272
717655
303889
732082
79360
393121
724302
419860
642255
334581
88589
472858
106626
360930
816196
678657
385404
822230
933227
468486
828729
976375
552859
410414
292243
171407
453029
922052
169244
716107
877388
11622
20999
869295
709957
919735
604585
207396
729564
378951
293872
740181
737057
834176
116837
536173
966470
374159
891166
292096
340705
312855
230151
234808
812972
329110
512171
979534
247159
824152
259596
484812
33432
688538
756719
42408
909808
983740
151392
319579
266097
138234
731307
831383
543532
133970
543407
862363
211543
816295
33706
779772
202591
898904
924842
884616
616594
455103
119948
432119
968426
687650
24006
219863
245116
551678
307607
189646
563796
368653
803081
818261
277101
914078
919280
682712
959656
587609
688790
476998
827430
181486
320173
930448
791166
451648
917873
531695
525744
165650
853687
697712
649265
552440
126275
43959
348807
111326
928936
709526
564187
550893
560955
270249
146786
223392
764075
633162
247344
796087
543221
447207
554843
58267
539365
988011
907983
701110
62491
178616
231444
627321
963867
393415
711006
848437
629406
959137
614803
309903
509682
814596
192376
47533
767172
619979
638854
923665
817640
716859
198517
817310
770063
731662
100163
549825
28335
288208
166091
16108
607978
249034
617195
961035
42430
140545
808589
591861
105962
933685
373315
749497
964123
149596
526122
675088
777596
338928
84971
503005
231687
343728
104821
487385
941163
392494
886423
626539
188986
1814
522261
788050
997494
862101
72450
657098
101885
370301
925301
831529
998410
239054
890439
169411
873441
659624
96768
58304
884649
825030
823250
620178
961797
230153
977362
991911
22198
57207
54276
728516
254680
127793
59215
64719
915934
356886
56096
240246
904411
379421
717496
345145
229478
36778
494133
173695
377325
708302
796470
388948
490162
52091
886720
894648
221520
579647
16424
687269
108033
630590
712979
618135
306834
736463
17852
434063
587779
66784
909926
184681
540954
635853
109323
585586
62502
215383
950195
208688
315571
445935
35426
434595
528227
469198
941807
946614
186477
513510
331204
171906
408066
256636
441368
482583
541523
462658
79473
157983
324946
343932
922119
79109
260333
334417
137454
877195
211784
477302
88241
790560
619684
427680
149098
797421
138048
150141
476811
687051
948458
751494
909531
607631
481587
530448
38829
286394
786083
248899
898009
556123
324639
833622
640714
41782
548339
202467
45810
862066
202935
675792
677677
982844
954479
481707
55442
422987
586795
192819
240381
857748
719531
542473
837597
290896
723121
960160
526284
373989
265709
338547
882248
639663
717203
998717
437088
385538
456837
555558
630287
196334
983235
401842
553679
123984
609686
827365
162133
359033
442450
368660
929989
821348
286136
845098
769685
474093
97786
678850
397158
322214
620063
518979
228058
995098
863975
894061
319431
532834
182870
603107
833483
496469
781978
821094
993170
804864
641546
443345
523791
764263
996667
22031
130414
601386
713190
758468
647890
436838
126643
406452
118364
42880
169869
614741
200619
918038
905133
190900
996225
180792
897755
4060
589422
535556
220829
760754
340794
96355
264417
685843
249211
167137
937613
219657
502211
172328
298189
202793
671848
807262
122047
661669
881273
135303
433517
230720
666646
796990
557552
451288
189719
716235
826192
672555
918287
689593
674171
46502
884893
26853
492373
156727
158585
974658
272831
150028
220190
999613
775309
850055
518468
133300
672998
223892
602693
488840
893666
745307
876615
747151
162651
652508
199406
880723
575358
833585
271140
633774
879459
89416
983487
309813
30806
821699
690731
231161
502081
772820
661895
829687
769507
304674
811648
703977
380493
845108
175848
135432
13843
553555
496992
494194
984248
961481
715498
685599
714015
328662
124651
288781
797570
722874
440246
321293
418030
378458
60320
627107
40199
718305
346079
730045
500624
534172
842011
620705
842878
211820
971349
352139
505047
560351
892460
508059
756409
759183
882405
577023
601608
171486
825826
17072
723158
289479
130470
327492
416879
874868
665100
757863
889946
436767
121177
379272
737483
549837
536627
118561
891201
156956
588178
13682
842350
923575
658142
386742
481300
915059
612212
851011
467366
353600
686730
69170
645000
977965
877062
962288
656312
577117
743127
632498
564859
597912
603789
607077
1996
337389
678741
137585
74559
121786
854656
194981
31495
47267
401829
490083
477043
311433
148151
318477
739406
900063
329219
279954
856354
410116
576510
954777
523009
87886
279987
432573
262102
740290
867153
184338
23260
37639
377497
144067
395455
867836
79428
23694
625504
824788
776209
823556
675560
617929
878082
220270
623834
175107
279659
14944
815304
477678
574857
106815
302982
714510
166024
520922
285321
170700
379619
863134
441663
377158
787669
201831
295145
438800
552432
782758
991274
131987
761092
172058
170430
315881
397968
392213
933844
437808
813661
366595
255117
429272
293682
520553
573165
87140
603569
700451
717490
113613
193133
666792
762985
348939
79384
293533
888994
372456
295882
262923
826181
570362
195634
483697
14738
972744
825354
680144
168823
647742
50802
600583
544592
207311
106075
75977
843026
26914
764163
722919
343770
110576
381704
429921
562494
143062
657850
891941
451823
162581
65240
365298
924682
460228
560567
503583
268930
766515
362837
604952
843452
520657
299351
852092
298411
34911
462617
158450
446161
664115
695785
47732
824352
669636
729890
588449
939056
327356
633082
781231
153263
970859
600194
953883
194915
83878
10426
657616
298659
260143
111550
277618
66805
834131
651000
72109
237493
252810
267348
636247
681900
806336
480080
850731
117317
164747
671268
219671
219232
278066
539628
128271
43107
588805
125637
958114
925301
178748
655773
186273
322643
425942
134635
564254
371453
983240
825588
223708
299343
406274
503754
88099
206908
556647
639584
282980
151479
985189
476913
332276
911377
860514
306299
803914
286662
649671
102638
725398
301148
680580
95422
528401
210509
920008
770719
501143
792564
786220
265827
728343
998404
582019
110736
280725
676783
181755
794950
979555
749244
934977
693873
406399
909747
359765
475891
954284
650096
90363
229425
623655
171249
716589
198672
955004
530653
606631
197393
959775
197007
540132
482029
162132
36411
995121
108590
896379
637663
230171
572175
818333
799459
882279
833650
183647
948600
661293
674914
822068
235796
863354
692357
893856
64484
848624
137527
453032
848085
332711
244685
561889
862450
326525
646833
202150
162741
825929
974982
510382
667824
900375
759829
928784
680261
658829
310671
707149
306291
681638
333317
817802
467716
898599
666901
752559
456424
566334
668927
859169
272284
952169
458541
844512
306465
567100
439932
822718
284760
306983
270927
818667
769280
658976
716278
950757
931933
209341
630767
611588
759382
49079
654218
841163
326728
315452
68612
744453
285931
30330
666971
243625
255046
600365
414298
674994
365628
829378
142798
741690
828185
59926
516762
115314
9392
108878
26911
543269
179750
990922
829651
663244
786738
34291
833626
852255
835975
884573
554106
344895
721759
65351
905148
543923
638343
218508
280161
916053
524619
882356
983410
116744
347425
682416
318126
20090
412459
107445
411371
143294
306838
622489
161390
550032
23631
731015
530171
692902
796223
739847
772038
812448
179158
403429
88557
448689
952164
328073
630683
340810
495327
2181
730980
491670
385939
585044
741934
455989
101329
134667
880775
974557
877018
784179
36889
921539
965842
486716
584829
157931
771212
340298
864077
291422
586472
177048
136142
531438
962377
55215
510236
797829
45949
527806
540680
992658
586585
78245
942354
876771
688995
911317
144945
306314
807663
366766
212360
679067
923760
583251
990649
316469
323005
682002
215885
164410
901744
662315
712910
634368
468572
405181
746493
626158
80093
666657
48367
774590
51972
709214
36786
744500
920198
267123
269633
962150
292546
871073
227803
515667
226486
167533
112480
83224
497345
760001
458093
654833
879314
272118
12165
502146
351918
786724
513899
320365
965877
550298
715313
717327
954812
848819
231836
257084
563030
258928
583750
78762
974695
57390
95481
706184
675932
432193
156694
39782
559002
280218
717276
679471
86424
799295
787728
665698
873013
786522
147154
445578
115035
540095
422927
371997
398270
528515
199292
325814
550533
538852
836586
114750
369240
844883
238397
147291
250927
46245
890921
505889
977125
621368
116930
951008
169819
909794
636169
575998
219736
193584
204684
802526
812013
782876
317485
157288
526320
527258
702103
802901
372302
972463
605045
109410
536270
461012
678770
647531
61314
835751
613766
860744
660597
46877
528451
330571
372344
885839
529031
987854
305096
273673
782121
842576
293077
16603
904854
805734
884090
708421
470355
959019
716088
506934
950867
191513
3679
840941
476513
467353
552052
714486
374540
114286
443382
166792
572108
430264
299554
619095
595056
593704
815087
293710
75777
332771
75409
626028
395224
60002
28218
606704
327245
210841
359396
289210
327853
338107
940024
276956
417707
109158
957322
864596
442988
728487
819879
649697
868022
465713
936308
853829
152413
907399
506537
296200
196122
270873
536210
948360
297825
619187
387204
265054
565061
98579
311090
34174
739095
383295
577368
317880
953082
357327
4625
167270
29014
688635
930276
184628
537141
358601
913373
680077
990924
397993
754963
123633
231263
50400
741804
828933
265663
335097
371758
321572
571156
513523
202992
642806
144203
277029
884142
918479
386488
568272
868880
883401
252404
824629
795894
692982
952219
89210
24027
276808
904290
873535
352419
692910
560414
875662
526738
426863
190242
658541
735155
346434
703928
175581
931486
70353
116526
593902
487986
838888
313374
210465
376535
584246
362561
382263
804548
790439
738788
298958
990660
905086
472319
114855
555346
519749
417379
426805
822881
270717
546290
335621
183583
428798
418790
360815
549118
444488
750387
291929
848608
294014
309268
654484
459660
332097
208222
844519
445891
498868
26141
142938
481373
151235
93152
759354
382431
493102
704026
774848
238529
564176
986488
354022
236501
13726
644156
878984
406195
433476
818300
721345
680634
852956
868248
213049
860053
110940
957192
2854
296771
208248
948303
392458
376584
420004
265486
434795
162452
899570
53764
546722
887508
741698
186196
139296
336981
989090
407408
301082
542394
864341
178205
883385
626457
588420
591420
431061
83339
507122
66066
278491
256577
888576
395010
787581
285625
677730
120809
143088
332130
697814
145017
340308
468270
274184
938176
1156
212070
22493
710879
436873
328357
591025
430691
939084
179090
476129
625398
625642
603074
640012
499959
293703
32596
551787
12685
639662
313348
445501
205617
894083
483983
42973
264705
389478
592998
724640
497325
829761
483132
148178
657827
62438
357292
612555
826220
968054
855021
44239
350777
676172
314844
342669
202229
693109
875362
963663
455414
683887
76723
42324
513647
589356
664179
61075
121718
479133
366708
53841
175396
42010
526208
603945
828411
897705
586582
441205
422360
977282
617056
272754
320611
64334
240370
592503
814205
214959
564008
605750
885926
181815
971440
78284
768100
156002
920382
873453
910393
110242
216350
175997
185727
777827
582360
918064
905670
833996
729377
720664
491004
159917
547182
742938
448887
164144
481607
191939
644917
12423
641615
887269
726563
273914
688513
197712
953872
930418
99607
871156
623989
914883
969908
764417
737968
346451
118028
246189
551498
411560
896202
94197
175602
404055
769408
36731
449008
781998
424844
699085
890816
224881
900569
607036
660263
582100
980879
72348
99774
292100
896073
239368
618167
321277
185505
307171
382805
922725
435381
958272
532620
547117
486558
322808
398388
51533
622623
386162
522261
946707
194811
608389
105505
799213
117907
665369
881534
62279
680001
644503
310765
547423
149053
731817
424464
468834
730500
412754
606690
493387
532663
475479
96569
511394
330522
653408
17600
906716
83445
572764
296301
949536
358774
781310
919467
561087
40673
26007
597430
106884
962469
620226
50173
63438
390723
695194
813770
373187
610594
365754
676566
53356
214554
357099
597665
156662
80346
436974
234714
495288
439073
76987
13623
634245
880641
126979
9785
536245
621267
928022
778527
897413
866601
212466
671928
651657
644018
343561
109804
341232
48927
932512
734591
52024
452513
637465
372986
394282
852065
996718
251668
573036
210141
477611
970041
937128
325064
532864
319876
521800
502796
347734
159902
6971
59047
134238
202781
201842
470481
282770
752593
636168
815186
416786
142871
89542
995133
412862
868351
922239
117093
746248
178087
884644
323565
101164
203162
677049
311536
45431
529213
907515
754428
710622
492109
252807
851387
841785
374536
565797
268115
284878
111946
392536
804699
965419
78178
863113
228494
678445
14292
202678
843827
557733
188509
172482
535396
921331
430865
595485
218498
300813
773054
747103
856742
853245
42152
798853
466736
27743
906277
691153
819234
312555
550930
781259
867543
123998
376685
363276
286513
415152
852031
689453
889249
380068
929617
435391
103676
708374
239777
646563
137437
205469
612164
79504
937080
235148
344467
508262
556342
364305
36589
5160
88318
793503
739350
424677
887640
642522
628686
320200
411294
926615
409461
305657
640525
107036
177460
437476
711283
428539
523749
537098
76987
866854
252550
500186
254897
400781
201896
545953
966190
496385
305791
48475
269859
144869
217224
61590
111864
531065
523327
899970
563483
426079
827116
171162
906610
695473
744680
466894
638787
893476
172334
516636
417035
774076
15178
982425
937117
691412
936660
231142
753604
284783
588157
358951
86215
547658
208257
462299
729138
365439
443330
650877
282616
873315
734151
580165
59848
533432
637741
344641
187299
659650
9259
417488
612819
228566
55707
948598
963479
207040
891343
139886
453848
299347
374148
605427
335464
971150
683320
593636
699539
842857
309720
699707
797475
61530
874321
228719
427570
58349
464156
683345
351325
177757
980910
944773
149028
24738
334212
591473
401891
18310
179863
457621
596725
562140
302634
971514
689254
447309
673928
34015
833398
587602
676554
198031
386433
954284
981953
692277
933704
625203
89711
396051
741615
192135
594799
216456
743909
380658
834910
445496
893783
628430
688450
581699
473182
540601
943122
789390
740650
595203
835714
638462
120399
206687
75643
18491
987813
272408
907923
153227
990367
624685
545692
455013
758018
390182
608047
553383
803363
118702
35889
208079
389456
685077
326624
973932
151911
390710
827985
423582
301994
395411
261906
453658
308688
595518
611281
701094
60234
330909
995636
378436
639474
851356
186112
900481
12328
301767
965859
519330
125050
96223
628833
810892
133437
942319
528167
263126
745948
450154
734685
404761
952750
214445
546803
882976
733965
493562
804974
649496
692966
125892
707001
946786
944335
121818
94940
99493
1142
448645
989999
211030
852490
886217
488749
741152
899825
472526
2107
597623
929279
981488
218002
813528
837358
79159
99254
101523
398592
290008
690163
577294
966278
671471
498406
726713
631260
142873
743322
254661
28707
743872
817269
798221
679163
707984
893693
612910
477649
128284
733688
247838
703437
165302
392257
914202
713087
201164
706134
721177
300694
79433
156951
204315
561794
586683
946695
603746
981156
629687
896814
162959
379775
141218
87984
313682
302612
607791
994499
988339
406215
254309
235350
458801
414106
343383
963545
38614
247881
751241
345816
705627
13259
967464
546830
202905
622841
932401
125148
458049
971134
673959
772603
224518
742449
534580
884449
693270
128545
889543
534500
449028
960459
649362
47703
552691
17721
511879
511954
719888
568218
883758
251655
535409
513239
626444
497411
394215
864803
298251
229451
391956
666107
362080
446739
701409
881041
907400
919434
65962
224934
795438
819261
917267
386299
778162
490506
281383
598074
64465
23799
76240
56956
11082
225458
622951
260653
101096
37143
194494
935468
139524
453679
207511
860391
643299
511355
226434
558920
732074
974655
293894
526121
436637
936302
227335
385985
233299
663645
428977
132909
785506
673842
444758
401189
327995
200965
977606
527689
864185
930048
311379
25388
364091
116271
134011
969311
447885
981899
561918
711365
619370
589244
762399
286914
973927
224825
946796
853453
447153
698102
664348
510527
93219
857522
265196
890093
586103
57324
120695
977802
122184
270441
690177
728221
169315
36001
805540
170796
55297
454360
608492
868415
217840
998232
420044
786694
48383
995442
447778
859677
653801
256942
643675
796390
532841
473182
213764
962782
118256
682565
250545
494822
370938
327659
710163
151090
128968
157965
488508
796988
712341
512490
663888
827722
363234
321021
68675
283513
462035
499898
228270
888014
100937
286282
362987
749716
519790
454294
586913
6160
112960
287083
657527
262050
201326
640790
630863
274931
530143
429546
559197
975836
501337
385037
931726
577401
477917
999864
903449
218195
108529
150802
483408
319565
511783
16269
760699
590089
332831
551686
935126
402767
138790
967106
389095
91361
354929
363396
288344
564843
960170
926400
231290
522703
458285
852967
280300
468884
220277
488337
302878
668442
153794
991351
926765
168519
797002
212059
570152
14052
357238
365768
946708
828638
918805
518180
164829
2305
29689
858239
41506
830446
143527
228428
533419
81967
941026
406691
251372
639770
384147
189822
868867
52931
466704
415056
861638
67510
16618
674792
422150
461714
577959
628761
581574
801148
354960
498639
541469
51213
435578
542012
968368
336223
28757
45751
536699
518619
247407
653294
318957
686676
48212
645977
716751
85417
299743
135473
502341
502965
591922
992569
197503
633352
322783
736920
455038
476870
802526
543087
327955
410291
600259
980063
312357
161882
125381
94693
832268
559869
483445
973760
398117
588089
975427
975218
15337
978836
219669
405922
545488
300455
767392
541425
629563
256008
255497
532764
471604
699419
594496
925868
250469
696729
424750
231119
178601
812700
90811
223749
258826
686744
681494
430198
603743
877218
262430
561190
776941
899405
288178
489220
991289
360050
322604
736313
156765
100095
619059
337299
708751
297311
816005
374550
867472
551796
989090
442017
480212
79876
567266
789570
880176
275692
168404
923070
259351
64847
238955
991249
897428
670724
492567
377405
214835
641670
534148
532074
25163
245997
728755
232248
550726
631809
328743
133395
734743
469948
108002
692428
134580
150885
268685
282933
212760
990182
183687
598415
155867
312183
617249
244936
446250
727876
426399
761464
287386
400432
387540
174416
640971
600668
715364
592275
72332
394778
45365
276842
820417
877924
136557
89584
509662
969829
317641
204720
703201
422307
747683
505079
60416
353709
891484
132453
206487
321533
220170
251056
547663
672008
39138
200890
173106
664238
518327
867214
672715
656534
453911
272976
170028
463850
25836
113006
120265
847785
832255
191897
455840
984384
779723
501940
475113
670040
987169
983141
464885
972053
721966
844243
423138
7972
528056
691870
405718
546614
128906
614293
959157
163698
392216
797012
821543
756342
628600
209229
574342
323162
763111
393486
210275
50557
466291
415134
645852
910766
160568
583956
51893
173583
928134
647214
501317
461154
738075
771521
840738
234076
83349
780362
880859
887047
72326
794766
970405
953605
254948
636526
769281
272048
980169
96545
568901
348396
879192
445281
821094
567310
148113
367943
631707
348160
663942
844012
851037
820988
609563
358787
50411
105887
206057
234120
112739
819363
354912
796134
384571
2534
477983
559642
338187
268564
609678
602144
474451
600504
843711
824714
760656
895779
565817
852720
242304
49816
514246
916262
593748
98869
601382
168357
279839
700887
602743
548339
689211
23288
273682
478570
69548
927821
189476
394512
346178
195216
621095
351338
937529
416112
56782
724703
494499
89813
558687
328945
85483
418675
4149
112893
724807
263502
402807
961649
299518
734100
903602
32094
887981
929174
809798
480559
183438
411049
905534
402994
236672
103243
663992
301149
14157
432685
455149
412684
331522
703438
700142
798799
566906
885056
29672
169872
184764
226250
895439
47783
507877
363332
756468
12989
363836
882934
916287
465097
201971
619799
322255
537593
27675
322973
154976
550540
33307
707520
833533
659484
118344
323917
141423
164461
586134
123576
538412
279924
180654
76492
365117
34559
283817
705774
569987
369379
532427
943894
792457
433164
333550
286748
121402
536186
758070
824172
614600
216392
74445
359354
712790
396547
748098
494603
11008
666583
76668
257252
460211
312261
757282
566970
963837
829430
589253
604604
506771
312605
204066
932647
408312
287204
184283
38776
26061
266753
183910
826398
254276
559478
695068
459957
458084
623161
919220
887790
64030
572770
795986
311597
887816
282309
618518
849143
421659
890486
821648
645588
726572
419210
467509
728901
278965
644599
673029
976061
106306
322097
724701
659347
813193
360444
908241
175739
647041
563687
144234
727562
581685
116051
365586
918731
507545
71434
198578
458536
8627
727423
916556
423682
879437
913176
823746
819330
489050
901149
196432
501184
334865
864578
659694
873211
645229
545782
410141
159352
687924
74781
8546
462649
520648
683363
561020
271472
279951
396669
983321
550094
746680
652523
700161
59631
848879
198144
569796
95430
967138
544544
43965
398230
392782
720834
574176
599027
55863
63808
57592
191289
687786
302626
679231
689275
912492
254021
851937
327447
370485
30440
81534
383532
871568
781631
491812
966576
745037
639642
432486
901367
10153
717844
62962
161891
725082
726510
55756
159026
889093
10640
595605
71485
570642
590152
663819
324011
513094
88197
192121
263188
330161
270292
46220
58689
544764
285129
956567
866650
147843
597312
452248
331831
57783
32953
573665
576563
846436
320984
640656
926991
364347
6171
634920
760922
445632
634270
819090
26627
702055
665397
59529
178234
526223
658617
945891
500876
815380
888917
207731
57583
600182
707137
116907
779885
716894
634098
534257
545455
896821
392094
9998
438601
163398
820049
879539
773228
225179
893093
609860
872943
632112
872939
746330
49234
822801
952381
685852
696231
832079
625385
159390
929301
351061
413667
745466
734816
35946
511305
955904
169684
447191
370863
436094
751788
767279
247650
604272
816280
493163
243163
617767
277678
628552
444425
898947
934049
511584
342848
579497
177066
304991
834392
128959
730530
348769
752245
121898
829992
29408
63873
567793
77377
555135
576229
478739
57086
43195
236060
382269
683803
623074
886680
300067
167308
838626
648222
308092
425852
492478
925307
169589
757224
217626
414240
689713
585397
484043
381235
378937
140707
452167
913855
732172
2779
70542
809766
931492
537983
81440
260045
62566
396975
146187
508729
998417
402911
130964
225936
948808
357230
704273
418803
299559
517427
788790
322657
773331
760031
83233
864247
131861
732037
823949
969532
609389
615345
191268
200418
17971
481273
282308
948033
997619
596025
369716
684503
197667
453022
244988
580891
270506
754286
805307
135858
434785
40631
684494
327765
22431
179163
651463
202365
862289
456689
703725
738887
572930
598851
268799
299218
838143
637408
693009
958088
520845
181839
244987
536533
34648
316484
190326
216603
737007
40741
104129
202199
233891
897370
479874
9061
393114
192732
865797
616372
551961
2855
214133
893087
874458
980488
863913
424019
64606
830849
594581
103886
674162
207557
485596
641911
56962
695299
896227
425256
616578
492034
740161
26486
370027
381118
371102
8396
7499
592480
818404
578979
566537
192059
815888
79956
558853
709969
52344
254220
888888
820417
338809
730694
185526
20178
935574
189520
231769
417479
110974
226183
21971
939425
114368
20039
602166
493633
137301
530947
256263
878562
509720
97048
789379
527015
332195
987453
629251
488626
980452
675493
217727
409644
435133
341343
696471
652158
187553
387261
204580
109901
551300
554337
200466
724094
569917
566562
96385
180310
352457
96195
151183
776139
591615
243821
5340
989475
223167
657147
462084
848515
670877
874506
119364
807127
887565
472208
239648
463016
450929
119276
808041
121154
301801
698774
73906
901249
322841
241871
997163
815534
847337
538902
927671
1985
360552
941147
534557
88077
110235
47695
472116
481516
78213
683654
519834
236879
781602
819184
966365
30932
670027
853175
820727
694393
464346
991122
28736
694219
642708
283622
248662
938033
421399
260088
897313
281088
756
991708
116240
156206
550564
848318
27485
818436
394666
175785
149252
798677
121143
613660
124125
294350
892263
797266
975926
390189
57499
744063
956046
198561
283279
311034
666022
236225
804708
728007
550412
613249
77376
361243
42455
899836
61467
542278
614740
858108
605720
508923
738103
578420
915400
248498
284164
943580
886308
307780
220435
759384
165927
439808
541606
336161
163176
294619
256645
783573
869851
229124
908526
789686
279649
710780
541922
195386
394820
720355
253883
246495
295799
20998
463529
8473
515812
154009
818993
62398
10258
546095
223339
265939
339816
168574
805907
59335
296545
775907
791487
523936
93850
869089
127002
159634
414066
178856
413795
137572
61472
644321
163405
605790
703936
574572
645624
478025
202960
923930
629934
19650
329787
385967
134812
459787
244287
317059
894200
804929
973718
337173
626350
6919
270074
823719
347522
646949
647532
413749
911459
337257
105667
60419
675324
113519
29431
151564
693717
193438
23483
691400
124662
610850
986324
570751
594896
399684
558804
506919
116534
198422
191882
321162
773164
373228
470158
839970
800638
16706
533
855703
876314
469304
129448
262839
400231
331641
987521
697979
302664
288597
876987
754934
444742
449785
815204
120635
992295
326061
126595
783249
237796
8029
335736
800819
221281
590016
255911
986912
158312
391803
90300
269152
121565
70426
567079
407196
642321
285651
615039
218631
899134
185265
852966
454405
943168
610115
213844
989859
973163
583877
354064
53051
17751
348801
108164
799012
508764
936242
141236
656714
136456
19562
123974
524950
66012
587038
209456
74003
64436
793680
326079
121874
337905
203430
817709
297018
911902
516974
259899
973946
199895
795467
860203
773718
1079
136725
710891
758261
543672
738015
304040
815609
347469
288331
141767
632595
617840
673110
978520
82150
603103
45598
217665
814325
848144
421662
251219
333283
559416
88575
79429
866927
359911
283398
376006
891508
557414
792829
275150
260462
675356
353951
548149
504882
402777
994085
510126
22459
308405
738015
951674
552381
633575
432115
625407
545593
229702
787461
334125
782999
238228
127805
465063
868569
424451
743315
893886
30019
171385
197280
542348
996617
15740
410521
515223
591837
265374
857027
664903
78010
676025
744387
636194
220769
384867
623883
929173
503003
299403
477609
284595
911223
922439
963832
744163
241599
157360
166798
67088
928668
982656
893489
794726
986557
10618
287407
146669
770780
852358
288190
104513
918043
899770
255966
493646
2193
604798
900596
608746
156326
587331
508522
945255
154252
935279
343707
896987
218935
873879
14211
859100
131167
575959
542210
36029
48672
260937
852848
395557
813991
887472
406041
633097
428901
683250
735450
714297
803817
475029
730092
549494
852500
283118
596601
620096
495596
926641
573962
924854
160906
449432
637554
443073
923997
21141
625643
422162
519635
594087
448995
188531
72706
3643
303077
853694
546709
388402
92354
241532
588561
776098
597459
598030
660365
432236
268585
161393
91957
100618
912211
468310
962485
578420
953314
351230
524891
163198
401534
941862
224130
385194
127262
637724
228087
95519
562434
911396
789594
419284
480852
46266
688585
302469
84128
367879
465380
382286
221902
306619
149205
693049
208757
675288
710511
283002
365318
874280
521301
162314
107279
347358
694576
128405
133678
502675
292205
922010
24480
486518
39914
855859
347633
651357
368758
527559
