1000000 10000
1
1000000
10460
339148
907343
501342
514792
679540
94204
314950
989828
554032
800273
339347
89311
286022
131990
771664
337548
293368
821677
916374
71425
235591
726280
14863
423918
771541
179883
387976
403592
100389
930743
322731
172399
983250
957065
799419
953206
998399
800465
851597
608838
369949
182035
79041
826005
828030
573176
592466
10355
607931
81807
458929
452978
876303
484318
538054
64056
584472
484590
451797
985929
992043
313628
314247
695734
878414
596867
762993
786845
765469
10875
779880
478705
311627
627215
766526
46246
405615
998420
348739
782941
387722
979515
424031
815637
256955
998255
37709
74654
684454
988226
775563
989263
146667
481165
494954
26488
516196
418360
381149
20281
3927
85684
512050
348477
432902
202828
341977
406536
442643
604492
773974
499921
371963
139802
780152
231081
249036
385912
850843
692339
529364
522764
905911
292603
965470
248167
685333
843657
266544
925880
51209
610905
11946
254045
79659
393779
619372
617373
298579
342619
36659
943633
936046
141716
225633
323535
584178
392272
437024
872780
254569
514402
737449
316051
403916
253904
242578
554939
142303
927376
35023
45274
501585
868351
801177
154047
337656
147479
808118
792121
167885
531390
959866
526096
3815
817717
321691
61240
29259
137865
681858
457058
795197
554454
432061
688104
455443
296981
291013
194818
450819
277085
170043
882691
964628
103901
785218
622760
418489
680352
457440
682405
255160
602814
910096
672685
263732
9452
773305
536887
742662
226624
934418
824695
867340
548098
836374
997394
731497
748426
318665
791709
665475
479690
620084
733374
599482
529904
718098
736270
436210
31743
266573
348908
624739
101835
11792
617295
386436
63746
716075
721684
333619
361838
298999
514425
543013
508589
118119
837139
498580
924518
54272
27628
702105
327727
340926
340440
164934
409189
882746
99719
440573
890232
145421
278952
335375
700297
566983
859448
943356
935889
840264
757861
191187
465728
346786
332809
650735
532498
484306
481589
979037
468139
623398
120240
979387
687531
952871
403680
942269
454479
529476
387347
621136
524298
434282
957790
925594
658851
56259
766833
173316
182798
173021
592463
532089
203872
679336
19274
104630
855378
525949
582318
961408
935690
674405
550397
310439
617392
647972
338339
908115
477806
564454
132527
761366
962984
373572
689890
149040
538873
389751
427850
999133
206181
110610
861135
698572
759610
742049
161149
483530
157427
812799
114513
660782
633999
754433
39675
44427
735726
347258
283913
157300
289921
488185
767805
942735
426558
823554
670228
959835
164375
408101
754140
294220
745702
700634
21918
706259
858460
887649
358708
860075
119149
738064
573260
829150
707244
935375
777920
458162
839237
107965
362931
575703
849714
583980
914942
498827
7180
234064
305575
747924
833926
633448
833133
399188
622145
174264
739028
41997
42534
689656
640206
879816
227026
613140
419838
115750
473859
689856
900778
397705
771078
780757
189747
763103
663625
356438
924949
219435
599564
864238
785788
824429
782555
270395
530581
888445
730575
728466
516655
711711
194954
505868
126922
90316
829173
12333
778005
677426
13452
17204
217242
169964
539020
916954
629331
206034
435058
219923
668129
804666
81646
252238
905097
157000
893677
456993
343099
586803
283508
558222
582746
538254
314260
291832
948192
520250
441008
367590
380285
38975
3719
819435
187187
684301
683614
925762
806056
700631
963793
437037
574114
569041
745242
934977
133395
355171
660998
765713
500707
836073
304070
138766
22796
709260
538827
664324
406454
508511
300915
813226
764262
203498
807355
527221
148908
844130
896351
481496
362486
25490
295405
307099
921906
395596
976717
417849
937529
905701
400433
954424
319363
11671
369163
757802
163636
574996
421283
214826
392284
783304
175905
280644
718865
12758
808974
975872
796662
188518
887835
180806
968167
864511
120676
604621
379914
939986
187647
394453
352584
657938
712020
967371
803507
289218
602628
297733
207224
696210
452916
73000
49435
791257
417283
843070
980662
757521
2018
531311
908208
783790
505938
449907
78415
979754
425006
267785
795996
84583
995483
216319
803177
559162
191833
186149
498597
661142
918412
267892
114433
141988
838093
720166
689877
276514
266314
310273
180140
37920
825671
466050
322340
365128
103970
701803
943107
634292
387832
336919
237495
642581
654216
612639
174744
639939
393897
930681
593653
203279
513729
86762
738839
37600
518672
52778
958836
109843
409882
73295
38006
873793
251776
585167
166433
728173
158840
743516
865466
265059
532037
142972
281279
312095
735041
659987
134829
249475
42102
210195
273789
591475
612224
614207
210512
362357
448418
695903
249833
367732
786156
199178
811464
65049
121748
102283
333979
370626
139221
433307
710855
405702
123369
745995
553780
880264
57018
2052
704375
540962
492115
724199
322757
868189
457139
933697
569803
997457
117414
566693
369722
661495
640256
775686
990515
802006
733487
765539
212123
383852
623714
587910
665564
859435
819853
623614
521036
677352
867743
319359
79008
206936
443298
113460
975484
459090
554476
384533
651135
23842
326478
687865
453732
716373
829916
506037
244237
525752
678294
233570
659210
594477
669014
139754
245595
121889
571202
609506
528724
280850
274003
48999
700333
464625
900618
460976
20612
439663
166161
844077
216793
270046
211576
251178
130501
200632
381148
553629
617081
38492
927783
701484
232315
955996
428071
544189
555458
53963
768236
81879
92205
469577
922449
354356
577218
291299
386564
42959
153039
51811
53210
259977
340707
110045
518235
930906
937120
804669
293902
636761
975154
863903
170794
776839
664790
190368
18254
436715
796957
804677
642295
401945
436561
427782
930252
344829
857085
909627
403061
329806
576453
470452
468889
432393
42250
511115
125958
447319
984171
570110
597740
373366
702515
857480
400314
605616
593795
679622
639519
540209
27978
984023
914649
602398
286630
199245
65773
545566
647197
523022
143380
237079
855874
820124
401881
46222
170019
331677
822639
380156
870763
468916
657489
875736
647458
66894
750380
248201
537847
607456
942567
822149
171278
85816
695918
325892
907054
391380
179227
617182
85951
300999
454057
626479
20195
441588
69450
953329
535630
869153
328975
232103
849574
232478
728912
595245
318802
842340
583004
305356
124348
350842
647016
901841
273276
160544
635481
13515
392308
129335
883340
325494
664164
614519
46806
56826
914718
408425
660606
704771
297502
657813
572881
742270
241890
430725
764369
417080
332183
196887
825080
794201
567134
121621
409557
707647
12843
738226
320893
343268
206746
260092
484022
761240
796363
521350
960430
785031
803693
293640
329263
333022
594652
516633
213907
449667
102643
801222
468485
4964
106342
416835
555300
274184
394007
858114
942123
384213
460085
1255
927299
918539
974640
806575
161025
809812
642074
501410
272739
17076
222861
186264
437413
384202
430477
847139
417646
506680
135451
828273
603807
395887
809413
922060
841070
223064
424278
366713
380052
449689
85139
207256
116847
206581
520212
671744
398612
870976
177110
442122
62463
408989
81987
957957
48282
200302
806550
181266
880153
742549
857655
572021
546475
844828
555211
376372
825420
662884
996303
713492
900249
202963
16960
361934
188101
726990
157683
592699
666215
828606
514862
873769
621162
817823
17405
779604
669496
451413
106403
979204
102356
976844
15361
747550
91883
919484
849524
47860
63922
35948
445027
865803
589354
380886
552108
141927
475458
490178
231305
344787
349105
270405
477587
454837
915147
302629
994553
887924
246248
917949
729322
677250
914474
582939
248478
53990
510342
844995
286401
419250
111603
330798
829518
583879
561902
65493
913537
67657
998560
685854
905400
195693
929050
957633
417698
707376
297389
375433
160514
602065
404458
522877
974129
985666
250426
301494
5755
753613
852747
98673
494439
48251
359857
458193
910507
562434
328492
841237
259389
926184
361708
621494
204406
609551
414987
544833
289050
2346
469435
502217
946553
590210
943941
613941
172979
436520
172249
303926
709823
500938
506240
254727
333076
677912
123361
877078
377929
822269
413943
202211
941777
444052
903278
910827
302907
201042
23678
549561
968234
794970
693321
853890
420660
386176
581568
495890
75142
181547
144510
505890
172232
421832
999870
78988
338876
596967
976990
470571
328462
351869
225468
209376
15577
210147
95133
912303
65679
939495
110379
572108
825860
110083
253487
307268
890085
156016
944430
212704
480798
39997
558721
130751
258492
442611
60265
873639
421821
250193
342729
671930
993064
999007
170831
397787
997216
848544
192038
417572
837725
602988
349502
765229
547854
277490
168692
696048
753879
714623
813004
579819
124820
796482
507754
523066
803110
869143
917289
71939
811599
98758
326586
840537
714514
612345
26512
933822
873465
441360
131072
589965
484317
482452
165280
553869
206738
917310
153925
311788
605433
792328
614318
466359
810569
748838
810251
212056
774631
215947
859710
82951
253892
730573
805511
887868
174950
433033
555875
22403
360220
201607
681046
152963
681031
335772
412432
604890
582927
175334
832322
654880
585016
551504
165110
327355
793679
505965
285044
225084
690674
285297
40861
386268
456666
220643
764305
153476
873407
736315
377326
564228
411299
396042
841915
828681
453790
591886
306823
46798
736012
208371
197078
435530
982316
353166
664999
985978
415847
35689
275564
651133
282977
496322
534309
876738
786463
741422
882536
530963
853359
723130
82485
62997
977228
518018
494191
26339
968904
804890
606134
939465
826053
919605
323364
824730
88978
773573
939641
665761
988623
962604
424257
454281
412427
464110
639512
459195
214683
423160
371454
843958
680257
661710
604340
782635
14028
710336
298358
780741
573103
358136
40522
993865
184867
943942
330236
955241
301142
870831
933901
272829
927200
115931
697001
537176
234110
828804
437491
893178
513880
464257
60904
472094
669066
279182
835421
154521
742008
438099
844288
940750
83581
418338
993283
541791
637316
883362
592556
672561
471983
701494
455013
928124
134198
327366
657512
54518
612339
334712
596487
887667
704048
491614
736239
226983
361806
403175
495957
434716
154551
411559
50650
607770
328035
139669
431520
755586
72598
792276
202898
535912
514252
87162
165744
749629
633460
478933
991768
976529
785702
159399
427629
445803
748910
170984
725236
478195
255092
853416
252043
611187
776905
758973
814331
824213
934702
117867
86805
117870
265533
912869
683470
69206
252811
631088
827558
884602
453837
800834
282416
902435
282095
492799
190598
459614
502207
67327
735009
529234
777669
583333
83805
561032
674970
449452
909842
511984
372399
94330
885844
141265
947856
660459
948023
262030
527174
984778
793783
791792
762976
419301
33189
123938
83767
366305
649290
554748
903988
755156
938926
243510
517956
71656
903561
457714
714089
965813
138741
660954
240563
910228
631137
338123
129503
858845
513765
320616
544050
364588
752769
773676
251113
154449
943320
938696
42351
731881
877479
185192
426900
178891
313515
920325
701583
964022
423988
428278
67837
227431
729038
767436
809287
710592
931650
440250
669901
225658
963278
668824
479873
318333
721059
758679
764858
568127
431952
213798
543912
791157
314484
978003
772473
263215
225389
420839
918928
964572
276285
460585
976808
763091
984618
522665
809363
398426
383471
868636
99258
107715
656431
199114
333352
741882
286550
333402
190987
261766
412561
199241
423978
574534
70830
328036
817413
773416
268151
544054
102660
977556
378336
560535
757406
133837
184647
751270
472318
338803
479
453178
689851
466368
692291
773522
27999
145765
101655
24850
590231
424239
317361
591407
132586
770284
483916
242663
809891
425749
349314
652788
755274
498932
552876
159292
60635
605827
732992
599753
820457
312968
895005
402411
777315
112859
121044
974640
764679
171769
626470
832656
581062
629701
371723
846537
149315
803649
923672
436511
815829
247779
27210
549650
426635
257968
395653
770517
380885
73183
557630
974965
206895
722440
208500
523230
331932
193668
405900
106592
624138
359546
121937
11312
973485
885453
118586
744212
648330
165950
848233
676176
415191
188738
97910
603021
441510
108847
393593
897587
814723
230842
760068
232584
105605
43114
292193
690619
779921
925866
135014
446007
419554
163206
893009
102389
652826
929782
192875
200825
413418
993681
109594
374961
648272
979875
432132
123024
877116
172263
292966
190826
69681
997409
514751
115590
151448
529359
137763
567376
74726
582465
983399
742999
799063
217930
781812
216770
713523
779822
345912
333062
3028
897614
509278
437594
211990
244806
62158
987509
790651
227026
717547
854731
723047
188006
218481
942741
430221
168125
57997
573844
18307
727775
924838
972144
598311
856559
910811
566873
842910
529399
719830
771374
165310
41900
604002
354959
906167
859867
518751
518020
696837
351665
36782
305198
730652
437127
889827
47052
18688
883041
617453
107630
832425
702748
693796
333453
442982
876206
675973
248877
955013
396886
371990
223457
503155
473171
761337
548822
329827
564468
418063
605781
295458
816025
483949
76747
185662
371487
818544
464269
774624
988516
813132
13339
979937
360335
497343
503352
601345
554852
989932
274953
74332
23054
49391
287727
389232
699641
465374
966556
827480
821438
298552
87664
448901
222872
524328
979754
327362
32875
464980
871347
376854
893845
505133
302296
236079
50835
977056
135657
86789
917948
775151
855484
469637
18921
213087
516797
131029
520208
872389
925871
685411
927384
707899
372171
409693
899495
473359
507669
799949
551005
609498
774926
615288
57304
97323
122274
9759
857248
420944
612551
10362
255018
707090
931298
37750
763609
312601
730953
385891
103555
616506
209534
577974
373038
539916
315412
298040
539303
364810
494251
161321
66365
751883
949809
930966
190257
467998
977220
914844
80626
225353
45560
183314
886261
207364
955889
937341
452190
310336
581633
826061
317252
865359
410104
263873
453608
621464
347073
829367
93433
68938
20789
641865
903075
760763
127435
206092
711257
150550
196983
591452
975423
606889
526531
969631
179149
686915
927648
472711
393540
455994
364900
53714
306857
625760
524652
532457
129133
549368
846404
291855
912346
660656
573331
153246
991733
773015
934360
804076
450143
764126
657039
777237
734851
564322
628605
388575
815034
39169
672087
227585
558192
310986
84919
766003
325018
299362
799490
400010
134833
777328
768186
773986
137432
37696
449910
547195
542266
343186
80730
859570
602148
694299
748218
628679
726225
90511
157200
467228
305746
383203
374067
448900
376185
22847
767437
170092
810576
488321
824899
556035
341460
952835
518714
642073
342611
788772
417771
124301
966788
842904
798761
818512
931994
23724
596431
292378
976320
634307
150980
843024
760193
56909
360023
680594
784915
849650
23256
648200
717664
50962
879851
59545
365649
504083
81767
267808
425933
311746
620597
392799
52444
110293
531211
228159
228000
712812
532397
726336
906722
812477
132838
616293
900967
860158
130192
647394
526991
934423
861712
672636
94809
407441
526742
285355
430272
476886
394594
5794
751181
181788
735734
77356
384266
349386
869861
777133
6179
30382
811368
771251
319175
371611
610868
452798
330943
547965
640838
388606
698082
329559
754149
970839
914035
95412
456113
120368
474787
621590
973880
421089
539472
769546
381422
377864
18024
279539
743989
585453
464340
234338
582857
471802
630940
400039
829343
936276
49880
573651
836481
641906
544770
271231
947399
940421
149964
575690
581379
409863
515592
729990
791731
766741
510859
109307
774017
478228
403075
534846
858847
744580
686194
502321
110361
647943
360138
789746
769694
170974
221026
82007
432122
477124
512403
703807
27253
314201
108917
287912
383555
653789
256373
222237
401645
711331
775931
17160
635220
305155
555220
313555
384140
107450
95448
112383
241096
716187
861110
948283
401484
634190
187713
152461
945468
180039
542945
54266
731946
75244
8017
956208
505985
953048
948459
983762
314493
316511
977417
459161
349303
536941
479550
277476
892496
328520
159913
873643
125714
760901
309761
760685
183382
278811
739966
292240
979161
386165
622826
256607
15624
621906
804287
144855
599063
205790
501173
452180
624491
264539
681788
169497
370336
862262
843299
701402
547952
153802
345604
806958
188035
855587
938918
801380
814147
885855
631100
179534
753005
464538
580799
26267
361829
182865
273757
63953
414965
553697
842182
954214
885181
335824
20853
518653
879411
488965
898697
872518
544422
960903
320839
75581
344771
634180
523677
796109
233597
667006
344323
656659
886191
151509
135785
384534
346968
482168
340561
625078
152373
78274
527849
292599
235403
136462
583367
631570
691873
902853
655821
739819
794178
549066
410342
165831
475256
112329
116756
333835
873591
117156
109335
973226
429522
434532
194729
432962
453798
654264
656040
746953
51202
747139
603587
583005
775277
75774
556631
755814
414543
876476
305448
813519
866326
179207
299348
317751
141169
758692
33848
828660
159000
116942
168937
279296
147643
685952
400450
377783
134893
409045
427845
911110
237328
610312
714205
340945
192174
593850
118091
879739
852947
727921
891902
314472
175283
863955
987699
205776
556262
816222
88972
731738
258692
285287
295622
368555
51267
46795
929492
804322
126129
446886
499035
967553
817311
246502
464267
818692
636696
639080
76940
600650
668539
829600
235910
573579
419251
907691
993949
869398
806085
873458
79821
993189
86498
581937
558185
671470
179399
60554
539978
201411
10157
123683
677184
190426
223124
459398
28438
592192
848652
395701
765724
242966
285932
367038
107452
681208
268697
696586
809464
893825
317718
685811
523118
774012
552197
160003
338320
498455
631565
556984
869459
735805
29877
365895
313477
583670
806882
223957
11836
397977
533035
261331
181939
226390
50122
347665
648612
386602
304826
738643
602524
840650
579490
246856
639968
408004
62489
468497
597225
533037
850037
785887
982766
276592
151919
835576
131815
436695
685562
882694
560387
220084
985996
74512
379632
684063
633715
859601
46433
247299
208061
953731
172427
928513
110710
109621
591204
613667
271972
604871
392201
575019
152060
800901
169861
669612
380119
345422
307916
130037
835736
591970
721173
626961
970823
592243
111007
330740
694152
580449
455761
28542
196518
213630
153586
963766
681393
957873
962745
956127
84119
917561
643252
533643
512081
93290
993692
261867
318991
523805
798414
191028
438294
18284
52786
358389
843918
217527
718022
580942
780940
536083
172106
352696
714481
132066
469633
521135
781987
427411
500943
559045
902253
858519
149692
670755
593971
475733
588042
675936
987209
729815
919965
599456
473173
284556
485677
162390
930771
976904
273995
917130
492873
109435
54485
598660
370883
104751
37521
374387
343097
177353
97938
66535
130527
85758
856742
93969
33256
216114
205377
834391
881081
218296
178346
343232
564080
166422
432511
882146
151939
747992
975201
507863
885263
299286
198281
51281
127777
599422
721626
176991
705216
211424
27006
855074
924896
815885
372132
499832
969340
421309
14706
234208
288027
554889
347555
224050
73222
538521
148514
792908
899022
737025
782477
75966
127165
229054
858088
300769
738816
695882
537847
392783
838447
449247
427913
495418
194097
426649
732705
166985
827733
670976
149424
471185
850054
281067
798916
913056
446031
70783
341831
188916
160638
206396
312821
16690
408601
905586
620567
892111
437730
876036
107707
476635
812231
547633
42267
464516
850625
309469
421017
199331
352280
901344
5171
14351
377231
829177
80180
256508
805891
174719
33870
220307
898401
452192
980995
765879
97792
227942
827297
224484
876801
63932
362457
305109
515077
971866
198867
107424
311709
971983
631936
19198
887382
539005
787676
230386
911170
687478
744622
831444
798864
199710
669659
980033
672899
31732
391128
418133
148380
246189
247624
700671
315337
915799
497176
857130
624282
316997
49058
849217
250287
390581
789250
110499
910228
884696
310615
658030
38501
815179
430149
751340
688417
879298
478196
840774
519667
241113
978315
594974
756656
670185
1515
126475
58157
360087
174872
144647
825664
879128
52078
656909
595985
612946
312263
11903
813018
747095
43460
532498
454345
307481
188398
721783
700148
27471
82800
41851
75165
842739
900218
563006
268786
628373
732409
360128
144057
387506
980585
393296
283285
476707
710415
751359
786094
610594
632397
559993
935193
326608
409330
559897
775796
310612
63837
346124
616514
484954
361463
526143
952758
42870
178672
602083
338041
676569
30067
211713
284295
91064
125490
473065
359178
521809
555153
569191
266543
381409
459796
382433
845658
349156
332843
941638
605393
186870
922869
681154
621557
315499
557202
26998
368686
719154
91281
623470
332017
56748
103429
592573
51063
956108
400992
578957
583073
341435
381329
974706
242880
302189
299928
641132
875009
449966
37968
648849
844599
929661
532932
42758
395629
252175
638410
405148
18046
898170
813023
38011
989868
205835
703456
914725
315963
400360
382837
161658
872126
748792
733281
721797
681246
731178
220182
25407
897762
807359
95876
946791
257278
828534
891602
61583
460121
393652
909207
235623
200767
482964
307852
874288
329529
514496
295991
740277
938489
563960
885205
108195
645
864588
640000
165859
559351
860610
866475
995149
364578
26542
722793
169271
283170
384227
805690
988706
772185
150496
869794
644666
197586
230591
470297
146789
804943
335924
484605
680840
704497
349501
664816
172605
319812
188319
600481
225711
367452
819246
729849
273984
584491
273393
327848
743057
101368
473700
720351
251289
569469
441455
326800
396647
896023
979653
517066
474071
713290
244629
683452
546940
514686
712072
375033
656597
727417
919557
819079
595502
859328
24913
663077
592439
257131
658250
310931
462290
943795
765179
798179
258253
464835
139748
753639
230974
666363
127838
628644
946924
852208
545228
40115
747439
823073
199293
769958
340216
887578
529240
690853
206630
53261
787043
647260
681108
254953
869706
110536
12902
658680
383191
248313
455935
791090
769355
900858
449013
487625
359456
840900
246533
427027
31233
608466
938940
325467
741358
158541
662508
700472
580962
536925
939654
483006
159214
808432
513811
655466
58392
501620
747024
524035
823604
905534
633754
195711
451307
656489
750995
323545
622984
186684
12646
207989
993842
771509
925208
897952
691072
108672
152183
22059
802261
589827
586208
698771
41684
684161
800762
23454
970766
143451
707406
311131
118669
59372
479877
485573
99971
156402
322935
748550
358603
87430
461736
937478
480723
914238
806581
785357
113890
401293
108278
633809
405909
228853
60918
18195
533938
740149
731734
943207
332907
377460
901829
597977
252056
533203
386880
721673
869343
144654
173547
823733
975732
994759
255163
987247
804811
346484
379385
39737
327955
234492
530826
462430
661199
465414
863310
527322
537220
136833
969218
800747
484300
275093
827518
332791
823892
13353
507415
563861
849338
583845
721152
222833
580575
282077
617342
265642
303089
475772
785347
208847
694140
677608
301514
49592
715237
678383
789732
331579
607074
745991
891591
816051
261627
935662
245555
647484
965805
628200
59873
865562
12075
515464
630598
608209
953655
386182
703905
374830
345384
230165
411011
274618
656086
375332
614351
271658
664227
599455
895260
56751
55887
417338
86282
325283
132553
34198
205299
921129
505957
777273
884045
518504
408167
170245
900171
256817
777352
198859
219865
18026
593149
731121
37151
841638
30239
501807
656329
309405
874766
548491
705618
599959
305422
495133
92929
313015
579520
619301
318792
93445
384089
210355
246792
547446
613012
328516
198511
936187
113448
708487
287779
656720
508259
216346
238183
575623
545891
964732
538091
867753
555126
918873
679089
130637
489360
584775
396550
194460
733532
160990
285179
228267
316555
356585
897705
454903
423084
930552
451524
30401
130661
891638
565917
417900
111796
212638
31583
891897
635220
859463
474593
645495
576550
912856
918432
341507
305840
569409
670705
847692
257945
848560
665119
327026
711365
903560
374767
815874
802214
936925
679297
916065
82184
854680
616418
251284
992839
958749
777298
893869
473326
173111
215765
55016
544535
526919
132792
949557
119997
876525
270657
895877
482258
138428
905201
392225
833219
626435
560025
122565
77889
438858
83013
588291
533227
225376
523461
336542
567252
78225
327162
561504
268272
738650
727181
192027
120126
787116
849617
447014
316500
994560
976540
239496
785900
551988
612357
740916
218554
467026
485246
879121
387533
18574
381864
536671
838555
794488
761426
740526
586475
502269
424308
189810
801124
439013
120718
55287
591201
234427
876571
102328
902094
239501
986522
838576
232018
723459
78276
568176
340575
862909
387583
946349
374801
359649
399965
871252
870026
407378
313060
324492
896312
642583
352584
77302
215988
661196
835225
16332
693763
660112
13448
211141
358134
771486
159968
744913
451270
697743
53819
760583
524297
326525
15244
136444
135866
107364
903267
698516
994131
105608
37638
901332
445722
814226
835966
464490
60051
361
67182
539201
683229
91061
14087
597266
743131
861404
510604
384301
775612
478267
773430
959694
111588
274280
183149
57719
415710
979055
686474
747353
299531
518545
289128
642798
545602
908462
187974
722347
573618
213932
451365
150160
655715
25143
798284
363667
45285
407497
949684
88754
622083
824845
229556
875520
876202
105647
578598
209328
54409
124466
909956
245042
74601
504960
784358
736727
377585
315614
711081
790791
230151
425705
991515
657432
119332
916564
913710
893430
785027
701965
279149
878740
126603
301521
697054
850003
688820
532265
816935
325994
683426
736098
686661
43223
534963
44628
721177
294271
752822
97913
346135
867159
526313
579941
240995
620923
815467
911212
247821
100743
867558
447561
434797
495401
27754
574427
507611
670494
432092
157045
747212
972737
671900
909565
919030
993876
801030
379933
146620
507119
120774
412351
571765
344684
21999
145474
733460
71947
790080
832012
989773
931872
685385
24199
979441
682782
800571
959629
74155
633227
165673
303267
7850
389597
322930
753943
385915
575296
125542
407470
575072
54730
827999
183534
553799
971
630382
69808
663516
482954
714988
414278
842338
116138
470866
5553
846079
720059
40335
220984
165268
856799
541261
93687
832308
586363
319873
752119
79486
768074
371107
319640
856431
761552
626946
26530
544680
436476
157948
983222
817389
987254
459153
791060
483815
166891
898744
925657
331051
203762
96358
617985
429605
845644
467640
779632
104744
687302
422623
371148
792150
181066
737738
496261
294275
504255
434737
419723
532876
762980
94538
652870
753586
848748
909978
228504
279948
632492
938687
295509
337212
80006
955772
203621
170302
303507
25716
320107
665679
525879
413908
922600
953465
427376
740394
646163
14022
368954
341962
127667
142295
542065
653383
686882
233559
181652
44587
111194
245835
597281
957830
869671
867088
926713
377320
372220
369395
196929
633558
210894
867663
489490
295575
672915
717051
750330
436517
198790
581099
58437
871466
873930
781703
973594
61148
488467
902369
920222
251122
177511
257848
432563
73308
162872
766044
485843
275145
657307
962228
68713
461434
563654
380936
614185
734881
203751
297506
899453
903575
945805
869102
549391
487137
263953
44131
334186
97966
460013
219354
38482
900026
4981
515543
797577
754803
216609
715448
445617
352579
779451
361877
601410
96856
435028
249096
929395
760779
22338
557323
256445
966596
932689
177960
999627
352695
957900
356296
665689
887484
457191
638785
19954
165337
745625
253573
890479
677077
615746
475833
472744
985928
944120
233552
430789
459611
405741
194759
52661
710212
421830
843798
211159
175710
600342
602102
905311
340483
93505
878011
713662
936892
493054
40541
577377
95973
111316
703607
949313
822513
755121
380065
494651
358269
389532
519022
209317
966805
409699
175226
34356
424397
591655
75947
787575
33688
176687
648620
508185
290255
958930
651601
115850
426973
692139
410761
622442
937024
609126
306238
2990
833653
356142
76502
231705
843231
184504
711021
919633
947905
813096
188145
452417
695118
977867
81421
519780
473481
318270
105430
452799
517967
915612
1313
840657
752134
494569
772519
485511
701038
26679
172904
872265
615741
233392
522161
979442
638790
276305
377666
438028
309770
743511
327179
757065
961012
893496
183421
577941
585757
1861
159443
693733
574560
571116
182738
875627
310448
110156
366480
385349
989315
167502
797796
420713
189257
311229
225883
640795
651054
788510
936871
347919
451696
669012
87663
865539
253860
378905
37608
144284
596443
666057
764719
652826
254756
201988
282217
165920
543694
222500
81569
148849
63190
836377
19773
55704
792458
890389
741495
8315
628054
568848
680761
3324
430454
227258
922276
6817
394876
312136
719020
39070
94263
602882
260643
626402
855844
426604
366260
802784
227395
943093
135631
180756
165326
74694
234281
479384
233920
164586
410974
296405
543535
987055
50082
842345
375329
304598
46698
816345
440995
769261
58986
596571
508277
599390
240077
442497
686469
128022
880956
462040
10856
15418
6101
683397
91004
645799
855261
689646
495070
987114
357614
923541
230741
982726
158623
950637
153157
365175
495281
680763
381163
634739
232038
791047
835418
829267
667534
368084
825423
626836
301394
92548
207205
269052
610660
126408
9407
770350
27065
231111
582734
887450
729185
544501
266204
363165
567622
874888
283368
30027
426706
332632
82626
461765
592828
612722
618035
994430
247336
266302
130429
104026
31068
854694
833431
323769
737907
966456
534914
111665
586373
696102
631668
337853
191102
332590
103540
351240
310185
686298
103019
906187
679653
695158
487217
582618
763040
693764
171429
716631
41780
3680
496936
273807
551299
308858
900424
543638
728019
616969
48388
11074
274102
475621
257102
269968
669587
511869
457229
383229
165700
294049
181842
665787
578461
976923
57650
469017
968306
184254
61394
179058
339304
107367
366906
306487
820643
853898
953013
241128
403413
667863
268463
973273
197325
760327
157279
841425
344832
139379
936408
156679
184247
8790
987273
375158
988794
16608
473802
342473
625117
878170
831754
17934
772646
672353
487602
1311
924309
415619
860004
131208
249416
355268
72835
401674
541182
791510
965990
452444
894165
137370
928664
928248
461017
356105
799499
73931
623305
877722
579010
34636
177738
589361
981903
464125
687014
518703
920376
209317
973573
385256
854223
35447
844923
281252
569550
583755
530794
362070
355118
12433
985212
575524
733816
61567
160722
139997
876492
604141
597299
693327
576353
97652
185127
777522
194347
734734
758246
598775
299463
506189
255189
807947
822550
836121
543066
383551
418295
926415
643178
567493
387173
456591
19065
203186
947707
825084
792013
756359
869053
689327
234400
760764
474945
164509
657841
424172
812237
674706
860975
654456
340764
115102
630805
821211
845963
680306
401874
155295
401683
441323
69163
806826
117834
512512
123441
231588
95997
439919
731891
756454
485845
263632
122209
886381
786224
559393
644954
158632
566914
648431
186794
124380
600641
79582
186379
343423
989573
433989
364939
114731
246548
480268
425299
33656
448487
716782
395849
366074
517943
377712
122
660391
408438
50908
417976
980259
470239
158038
70975
633999
555443
681344
612420
301159
484699
686352
131590
12292
342665
386162
692083
524956
695228
720516
715777
257085
228764
681584
396753
88330
500199
908481
283650
20598
456341
393814
404257
900939
131942
498078
822753
153122
468156
851526
317855
738609
506582
138183
949251
373340
308738
202927
640015
363637
826858
400157
544338
292705
609080
611297
892737
188610
660595
898467
211014
735304
2051
332921
294583
550148
467472
139397
86400
544583
66190
931307
654556
908977
796758
476750
794729
318370
145541
131598
393001
542742
628659
803458
576190
763579
643178
69101
849670
547961
581935
857990
876760
612013
636082
935812
289121
217526
960451
274482
934199
288669
909025
278864
263594
110166
861310
755480
145353
773955
755115
454802
243525
378264
817222
996214
249921
351214
140661
993576
675866
170447
695777
239298
615854
180980
82010
876180
880339
175352
828268
588775
161522
893351
332024
979829
443818
622963
590724
462406
699830
639902
723831
194577
22957
309950
909806
811101
739414
296538
769535
965302
715252
465385
416231
984419
28098
758688
361511
262938
408672
523270
218369
371024
373741
520258
673971
238885
770024
118265
518676
193015
527660
977738
612429
66482
782211
871024
545618
83025
165761
150877
408748
723466
990532
779559
523741
323013
252544
761325
209399
719313
868181
283019
654548
873633
323144
860658
754612
21370
961114
314305
330828
573103
468551
449183
496057
683689
722415
907918
57109
134478
59174
776933
750729
932458
196348
179457
798879
820226
491908
268261
738665
711949
962225
743154
733232
923015
495849
261431
602191
944878
998261
883879
623608
431625
781829
4625
754311
11091
375569
49996
291259
510884
70903
599758
153924
198475
942446
483491
906130
674536
786981
835522
355519
130011
409115
53777
69777
779945
948717
101045
430994
420859
493077
611574
913005
223547
45855
821598
111270
69400
35216
429278
680866
965954
935150
107733
745339
336124
246841
544228
527683
265609
41047
559270
924423
114286
497789
71263
494748
249908
396267
415536
868883
46225
305770
800992
893357
702699
307441
493261
925543
889251
437101
650174
565839
697037
680979
603542
773078
885019
278980
780613
747222
952148
294298
389279
183138
136283
893466
452984
500216
43456
547588
774482
434837
244947
413316
931979
946141
844621
481259
466869
730300
715303
689837
9202
764482
830473
94234
205150
208882
876388
352906
960199
683713
119749
248242
692407
407755
327335
693317
2038
936043
386553
693257
406980
266492
159657
27616
567849
898756
19424
999258
732257
23316
460340
455568
964720
394787
156939
429453
96781
600665
849670
170420
231368
375190
478746
40123
66080
327742
57701
732127
261975
956172
880930
542250
577624
97679
793254
963665
512612
33323
414631
710080
760308
307007
409371
380633
856652
945720
116809
371778
29891
175060
119122
314252
405565
912551
612067
267331
401762
290975
765669
137956
361522
214916
614438
308856
212477
485962
400500
257714
218203
345462
708037
28470
691437
378473
173736
776233
876213
598513
35498
248875
74148
189949
290413
991214
489520
823341
773086
261821
198436
678784
36653
137810
109314
313246
521396
49594
775055
290180
129625
35434
441703
53090
990556
334692
774064
869532
895203
549091
285635
797951
608819
492842
618407
537010
27233
25377
467473
705545
933470
614521
126077
570988
932301
113297
338615
495084
992947
250123
392296
397985
913926
630079
152570
355207
939075
623944
53090
36764
700072
382120
887896
73661
638329
352129
621686
594253
67889
101223
333406
111375
81037
949751
839132
660934
569591
906297
502047
593587
737405
662159
230543
703377
613373
950655
689865
440684
239302
405770
308374
801545
403276
165081
746446
111404
16688
853447
114144
328557
491911
256817
373265
681058
767601
949634
39995
420541
949936
374623
516318
227438
890608
390388
121516
334251
406204
100077
169475
747053
258622
853475
243214
40092
462481
675256
154931
74358
963003
13684
948056
648213
236649
626968
697187
526628
906830
628511
792481
515331
38283
197687
856946
247136
376272
229380
438289
129929
430533
243338
141346
469297
968947
203542
922816
123496
182192
508102
856924
174415
508183
301821
798792
5461
863878
436395
21731
865713
822090
857356
85308
469475
92217
932163
902988
431285
516339
250503
221271
368701
675947
725672
496703
318637
119564
405039
462775
707765
167850
257925
515646
493464
230294
350842
415791
249028
576400
242887
702097
905326
544306
138189
645570
580829
241060
317651
531763
432882
891332
638838
554175
745367
125112
440717
625280
531323
659994
19041
967552
773863
29934
948536
433698
54681
239902
919653
123539
726668
484642
430472
14360
975652
359805
628491
2212
85972
314977
832340
963584
975606
450703
780092
190002
598773
145368
448681
822548
127422
412835
368037
718950
917747
338067
713920
522784
143820
415434
104992
572543
637703
123261
952578
687691
913837
608171
415616
799512
575250
924071
498675
856480
300109
873189
597513
427013
389349
130337
844502
946938
419608
996621
935351
614587
890407
825111
728896
523439
880502
888522
803343
740312
635560
217744
325197
686587
697779
730099
41208
360552
657807
787490
939019
650922
860301
177157
138802
234709
426652
391522
876018
327068
771949
998668
14551
856379
387906
841274
389787
474755
39503
779360
422854
182331
680310
701009
870051
243097
329914
565241
275612
500698
876633
312527
681317
164555
269644
580963
413030
629802
846903
299908
312127
918973
608699
397930
608862
889012
91416
58208
745076
434109
122041
182051
845248
533037
141206
980008
207754
139047
971011
900062
142291
591074
873597
423720
714760
436918
497439
613299
477550
302198
840524
677563
60950
713328
673085
237846
580587
588418
957263
423114
176079
446887
677070
399964
637736
256797
149226
452328
980
238267
323952
265692
192237
872042
804487
641955
295451
824177
315113
473544
774912
490969
129682
439244
38001
392676
536096
549196
50515
700255
756960
362839
327601
766213
872565
431079
514935
648884
199609
272792
947619
268820
267531
985774
28390
16675
4050
413569
2067
343846
992512
642120
719776
110331
695823
483991
284343
238654
355274
522951
47335
528383
867248
237984
288607
322674
316813
703345
50779
86452
4395
370061
23950
855225
740234
474316
80045
944236
901033
689448
41522
269516
244186
740839
535829
125624
757214
836736
334759
289222
883500
933121
407054
873336
310137
46996
22879
444047
129701
60026
640432
529515
594961
713238
977801
800687
874036
783547
627271
883653
183218
754132
804637
975582
425681
643256
342693
179281
996481
39901
835912
745883
727786
809614
922408
220806
42942
380282
49687
825025
264006
995056
712207
271924
674567
828463
71712
619319
378182
401763
75326
686997
212464
304913
671794
31968
979827
835023
492848
466810
38148
794998
414510
630920
858062
361080
742278
180111
498325
624298
374447
746947
76683
138390
189474
942340
220887
565521
76101
318373
172986
301183
479067
392957
689745
780941
68611
548856
133027
24235
158535
862772
176178
854235
795473
694612
365968
147766
21101
172680
374332
415659
669391
547517
150156
991355
202581
755214
338555
114442
512426
430466
273609
235797
317365
40318
570189
942321
771598
771409
841547
1789
168682
296753
351508
162113
170091
572467
473637
504370
818288
370524
674433
345239
704225
340541
363604
912003
50759
11761
361700
272101
146353
295805
923856
289220
517524
731437
228117
699219
463825
924501
987803
751729
95808
379342
379593
247030
814192
192447
792493
212887
247635
884714
997561
912269
26799
985644
214252
350459
414044
850940
206484
958821
730916
594411
979963
672543
729686
945718
872083
190960
540585
307443
826652
811599
592943
278108
427941
862885
956309
432194
832032
425466
876739
203859
78149
728444
893764
308001
388663
334276
815190
250427
973647
984972
999683
128353
544386
772183
851255
103093
209913
115130
165058
638707
681681
882800
980539
843580
743655
880672
895836
26256
758613
837257
376410
882579
576174
972018
451245
568064
584019
203786
331577
277592
801040
67576
909919
853968
849587
447738
801303
377492
363740
306681
573975
650656
891494
690933
83388
985216
630968
430090
371201
723316
404252
109266
420087
479987
117191
91913
165497
181287
579419
597451
557132
590479
966165
96908
135751
164090
391828
579834
544990
760326
35051
567028
633283
934266
6003
96157
317529
297386
678789
291140
178021
693416
525405
541204
833253
748160
582374
761814
503572
687853
557161
687214
814241
188778
238717
653095
811333
420275
314957
867980
367973
373960
919720
743152
643807
33859
232719
453537
27171
935347
238233
535726
37276
185185
311758
994341
992845
70618
648556
84275
863986
972402
674037
663850
615661
414805
483122
772721
524007
735032
44200
878420
400823
35190
373047
56704
396916
791824
133034
223399
71600
741216
150170
419260
713463
433065
145021
64355
476672
150803
578266
44818
757378
733755
882617
472322
376436
204476
511074
965425
557471
4043
169944
341981
393440
68719
324801
683103
480188
943345
568519
831678
662095
619954
722755
522261
382769
814538
607710
504187
962826
950551
259771
216036
237177
204642
2542
797127
375810
588286
184076
480504
384938
188395
581533
701928
739464
370637
444254
580642
833069
961130
897207
780271
448845
165333
958972
141956
251229
257351
741943
896889
379100
878571
497112
711694
580266
121428
41810
297649
969142
442284
765979
823519
412306
846805
851053
911813
750692
721892
555227
569582
552543
150135
419883
7389
857858
535923
34173
933885
422892
896746
558221
578477
302399
228922
550144
390829
217646
943841
768065
93514
49821
489049
525519
522886
971318
917844
867123
483329
181489
351771
301121
661264
948795
992290
76375
497908
677881
581058
23616
803497
17985
982683
794227
810782
608152
869488
924577
311856
915098
324698
529892
499936
761177
548669
588860
146490
562726
752167
718682
784159
3207
751376
59961
637201
850870
741229
391843
143721
897306
216821
880004
47758
541078
37068
923605
204303
369732
180456
412013
436665
203851
829629
328097
13075
458398
39715
42130
568278
349458
394738
828780
585832
428591
737098
109436
878184
162343
267012
673064
854090
791094
52017
661024
746747
499248
260979
414757
391059
7866
242792
379983
584723
61241
906807
137002
545383
920442
730218
283959
484862
899780
117058
338366
861567
186202
764096
41934
443385
666980
150856
454727
915995
257681
264148
6886
405262
270239
191894
239627
947437
690051
276717
311992
637181
841380
106673
475734
910956
811952
738648
628023
182124
180460
199388
740078
834133
44826
489772
429583
399455
84404
29858
195718
604490
405896
725395
867863
844418
220634
610917
632494
567046
979964
330185
597554
990966
455818
551664
229510
560891
395172
784888
155577
551814
799931
962980
762030
273694
587888
587251
739291
399627
375758
191724
225410
43049
391873
378587
481830
343251
74011
700003
98756
483571
736882
217357
572230
262893
804205
655935
720932
568631
491856
691210
817999
358154
501458
52300
501604
45664
237868
808852
497784
512819
299366
419494
939953
313923
505968
863183
601801
30317
529111
449187
673724
143618
265092
707081
807670
243758
454959
95093
31270
865321
695188
133254
789326
754437
906302
967257
809238
908559
530714
299569
706646
302732
216404
86270
248561
818488
509669
391250
973472
525298
128003
313808
431409
129573
713306
961365
651652
102445
575926
25916
571755
725157
831690
641004
68794
49630
506879
845428
922212
561845
640255
160545
507358
156958
146558
499940
269804
887598
222513
873432
62755
830599
374246
121738
243311
332448
724075
223858
18118
840024
115050
556086
904867
500738
673143
849763
333379
724977
909931
494286
348443
943794
152620
262550
96333
866073
73690
497909
277894
641936
359001
294934
33321
472950
101052
230607
787208
374736
333206
758321
427215
993856
231028
463910
815624
608419
898495
1131
40332
700597
329685
673426
268
779332
90643
309458
889962
452746
501503
291821
898977
102367
615508
341495
974138
895012
89455
935030
805946
283260
119169
37109
295335
591692
973983
168052
632870
763661
305778
693980
779722
852091
331019
626788
578238
377892
188287
151722
939648
250836
259204
562288
557420
550286
7201
275367
377010
96973
936468
123833
616226
412026
602519
179642
475154
355775
216123
947253
800568
466384
274022
885434
876971
777137
822626
864892
204902
681267
415052
349852
596847
234495
557169
803616
172100
137974
454950
61287
864115
528154
173255
187282
867395
615075
895304
640887
45668
156943
832407
410064
699082
736317
475166
141841
245399
812096
300177
197055
308603
561459
750389
987890
428108
597271
292605
918530
102694
748947
622245
742459
165545
228605
633288
174305
550236
669334
600484
149832
352235
718727
131208
214570
716474
98351
835978
139752
488756
298612
339488
13625
757260
368532
208117
736887
380109
581207
605218
62905
345968
108308
2108
66527
346846
220715
70515
199724
255752
947467
961342
897961
296614
571458
534978
38115
569787
817888
749965
416899
253767
100215
339681
818202
242160
728462
110836
168381
194697
555945
682871
740488
982067
143098
254009
361554
286555
150805
27522
101477
683963
340726
260896
977735
877004
256365
510911
797030
876338
386196
539285
373169
832668
368920
516348
9870
911749
590991
614341
317873
73931
347825
817254
147626
870800
592649
790775
661994
403741
180736
953701
347847
402688
431805
471320
71063
978079
779675
751607
116361
975003
255759
166666
521580
15744
561831
144718
915418
255418
527478
482033
498302
595115
818989
709546
767994
597935
868935
615513
84674
635543
129504
573407
194688
856337
917690
153350
387784
411035
316718
605739
49593
997512
825629
197319
989262
193873
707741
52819
71570
237294
278749
109340
363524
875842
696482
26077
217320
671483
166922
408514
454770
664710
864849
504131
92651
624699
282511
605706
854139
203621
166029
758712
48377
189731
676774
10848
268427
711059
923736
364639
757213
680027
552950
798124
221784
989030
651350
203995
338110
967990
824922
864176
181778
397137
944852
124654
344413
931734
720391
264497
551249
140184
953445
163331
182259
482957
57438
263169
217353
466974
181791
493299
775618
898581
73396
281099
599201
627962
627749
506930
544379
428825
934944
277911
385498
689409
509537
693222
11898
404359
308304
352644
403595
551705
86212
220466
608403
315205
618482
598421
311354
769500
325379
384207
486671
584024
876428
496244
53235
21327
422038
330653
416374
6469
203042
383064
272004
326337
422473
715699
73511
81237
428917
779288
117489
355836
457081
209711
291322
702493
398743
610882
143761
437262
336067
8228
89101
937313
859259
611217
236169
98254
511889
758749
545303
860805
59674
437823
759626
248495
662376
563742
831358
671568
443453
289208
369555
346947
398415
970051
972597
560140
60385
56881
176895
152169
850120
104847
152700
53086
577829
297768
208586
903358
135380
368271
628057
805405
20045
562138
354923
29765
964710
342954
568477
63878
614531
862230
245201
736155
886288
830529
390614
274046
374246
316715
743046
61959
925101
175331
400556
553453
294652
256157
2842
261773
620104
285415
811943
3821
294466
324630
278660
604872
713289
11058
456062
84804
279026
362649
927102
941372
994585
790904
750282
521986
955193
106560
295451
632728
56476
725896
741277
471781
276676
989563
436546
694194
962266
491172
289406
915875
648700
579509
841788
246921
81879
746055
710691
507890
270918
438633
633671
627336
599106
952319
442763
344900
247475
440385
909266
751478
444210
760871
551217
386484
343126
828501
176036
581916
655786
377002
142757
493945
514317
553483
71414
794941
425797
564389
1552
312369
594142
671647
807537
995657
331667
197967
15198
468176
760072
841871
32546
78649
509373
525857
206704
804813
663359
205235
49851
581872
771402
550494
438899
629254
349043
182681
586784
131423
923515
189114
107669
191959
345441
975859
554023
324853
784203
123748
390435
872948
552044
806317
487221
650665
660741
500898
866267
796647
804717
178194
612217
291672
285768
891030
574054
848164
247115
699557
725256
909856
468263
168053
825130
313645
887217
247559
329621
760386
962863
218940
336752
617375
967890
512563
720072
732466
311397
643641
502858
878278
30376
206383
956512
164645
660559
855448
868491
258459
799629
469809
918278
532268
809627
241967
124312
326473
270385
264573
880469
354709
992123
296861
187588
907940
622894
784897
303707
920053
145330
882502
186084
146202
847201
173799
778752
674873
671571
33709
411250
745639
204893
79295
317364
376765
945151
962717
557108
620337
907218
835673
430829
357296
68875
175530
811267
420731
638475
304972
687540
493024
634041
859826
614434
660909
803591
663844
691064
732235
487823
954560
154868
419206
628780
670943
670071
275072
761942
561427
914155
834770
494208
199995
121560
754689
666538
608336
830724
872736
127546
73719
198764
17113
803141
925057
897498
80670
537338
483742
785160
347443
657
141197
260111
308952
815077
531666
445974
240067
928268
66650
132059
617730
184910
676451
698599
60530
989157
464698
93232
843126
929859
123264
293332
196729
248957
377899
588203
545329
73474
438949
445819
547082
402844
416928
690693
311253
945838
929279
212643
443327
35161
672530
450620
634392
12797
563146
451435
355606
675500
160732
390132
844550
597356
478838
56928
977497
405127
961478
965033
810088
372126
357568
414360
538649
17679
460842
58010
385353
751735
199409
261624
442660
988019
356969
820064
825934
564109
286788
401585
577884
753166
339913
426555
644422
629527
370693
955949
898797
59207
605511
564259
629301
126363
364766
102117
125591
378088
613467
715860
999655
872411
82413
484409
659648
648205
749789
558264
918330
900708
802103
741072
62553
842683
803740
41148
836208
958756
696017
838478
696299
119270
419466
962163
390257
810051
407185
153921
372348
555727
932439
105175
828013
466829
310286
498416
107187
724653
250894
257968
181136
732928
241252
520901
332060
611612
692400
675806
660717
685673
730846
185261
154507
630509
935727
807266
996976
975703
27357
261571
519386
740086
498162
348741
696014
73626
443584
22964
367024
915465
398440
944027
436279
842425
813243
589536
136153
478645
915432
95395
77391
64510
91979
610687
209295
41839
602759
102557
3991
802333
388119
227315
148242
67585
969475
95934
777274
721464
958330
505254
817295
299517
486992
480622
316849
755031
953344
781376
741916
567708
832391
357476
85591
738446
948894
613759
300448
722494
528272
737714
144
893304
547024
277322
596558
700683
389315
617437
39725
289379
582932
996337
110067
978056
435695
228487
775885
663604
722499
355232
473810
912065
183511
32039
295889
224963
485658
579076
974198
728634
472383
271335
242369
324182
980759
625163
623124
156973
240381
149973
941900
117137
885096
277100
898874
966305
906433
952140
845164
600881
456741
682803
503713
908417
270373
671221
751356
651198
612844
27803
735769
819947
90785
963164
539486
940586
359557
285284
322914
888289
750799
491028
379228
865582
108741
234237
816261
335062
671993
977106
643993
862327
666606
187152
890956
21005
386562
529038
998851
739291
929445
118657
151908
726243
427903
56314
385984
906042
571611
136487
292129
109804
449783
843579
880322
626989
260912
486226
701317
602304
234234
597146
637997
678991
186548
531186
872366
735708
498339
531111
410309
41740
934786
398873
203432
664064
660068
309499
345819
499831
997490
235401
43230
879131
973305
910823
53262
285416
448693
259306
77218
374788
692245
731482
147905
140350
574352
56128
402303
764150
175300
494391
754032
426750
490441
805188
887760
103282
88671
779256
686194
164845
34549
379962
669985
425428
119751
240896
281893
127054
466126
513457
878763
239650
860515
832024
108342
367171
760549
469996
942698
497798
771042
596887
15977
813586
532145
914816
71458
783700
383334
852176
261353
805434
871346
922889
762499
728498
155592
821610
672107
700580
631118
318370
429918
906011
637090
40597
76619
934353
947829
786079
503094
712065
853824
97390
471045
157926
31709
446423
592775
981655
75074
527125
646369
335261
512058
835161
572262
347888
371045
925169
248137
927509
872361
479429
671350
596575
621744
596168
491520
543783
760456
511414
930684
520410
887236
305203
4372
687208
208932
11103
614182
26619
299461
947475
520934
475151
50891
19492
427180
501995
885739
202906
398842
462543
66241
413684
637968
689231
984139
492069
182089
947189
643681
85263
450351
578442
160861
799865
682613
385986
993518
113358
224911
67799
789790
183329
303146
800945
196494
873810
396622
397165
704375
29999
573998
303924
623758
275832
186464
608656
581990
383231
126426
118987
513158
567587
454705
538019
970936
900880
575238
731280
736989
402071
293496
90741
120238
263748
33299
41349
46377
104730
206451
806793
22394
100207
230589
653788
327436
334188
972849
967916
329230
743403
460469
679137
654356
577525
544125
751351
51021
387441
825815
677928
174598
171486
570311
183932
199033
458977
507673
625789
111324
791034
404070
900430
781640
270591
29091
28512
418235
596665
679992
960066
814172
272380
736785
565992
871974
481872
816796
225101
252660
468158
973303
893935
637246
112179
40107
55398
11616
812671
662323
482258
589803
697147
773456
322878
476023
656240
279766
619070
932471
686751
495162
999756
167676
553235
433363
959151
889356
833551
408748
824488
476046
783
523339
245830
513390
312043
524554
799309
613806
924122
206865
85173
892384
836611
203
523295
207184
975001
638949
901380
288727
969484
837566
614826
181310
959538
712397
452308
997901
60093
283897
727385
850685
961940
769527
534010
960965
507255
534780
912579
374961
980490
508271
753220
416153
285565
586557
334298
990161
142206
55337
496660
124765
927428
335886
587914
675516
812590
429080
476107
956484
402113
274082
128426
166059
166848
864729
478101
869291
583260
373907
561468
471146
39019
724650
197212
569124
246219
16460
801062
309047
115394
966279
281776
384444
786651
55820
348052
117772
788642
390389
970992
140864
101786
369104
193103
552293
239048
142352
952298
70993
325745
489593
98182
628298
559276
189046
317937
44655
360331
170583
260420
922661
989041
744062
749597
654630
392702
977620
612272
490761
576127
863878
310057
943099
841323
256767
261869
410814
830133
687639
470730
803911
421614
76570
827478
115383
185368
43220
254011
345860
272686
991372
669970
920210
339285
392205
619343
752116
336586
723633
277205
410528
782885
336464
471901
420965
431450
112916
304239
595021
89470
158956
922798
423014
709967
929183
23263
987568
778173
121442
679726
560026
444568
398080
187173
26948
818655
491745
696940
560529
330741
535838
560684
494650
93390
523218
463477
197362
749881
641475
622894
840945
383929
859081
558537
362317
683075
543931
195195
579380
697566
84281
352908
383025
217241
451812
998453
159849
795
397525
985367
117248
835016
503386
393345
980398
675974
626152
992944
609736
929797
364488
807780
447915
267610
56496
223962
346793
237357
472001
605288
247873
334646
802391
912762
393726
125424
770562
398302
233263
475190
684485
45013
950318
932645
40138
60227
592897
840058
843011
392518
109486
798323
162156
940209
209220
701567
556673
846422
854287
674357
921814
34508
365789
893961
990303
927730
578415
460766
194248
118380
214584
191897
843953
604025
665364
456225
612206
92376
663300
943375
126061
791325
911385
565004
62879
46964
592776
523538
523365
169951
827431
951721
611557
799380
564727
425735
90214
193335
105204
85325
699759
906617
429915
56267
229929
418660
782503
363694
715490
408445
496940
549197
190873
538252
892989
760278
283291
804397
171787
167668
549893
740618
635557
184171
871728
18588
228301
108096
405772
280040
348446
495042
565987
356313
119729
773671
255377
383639
823261
364305
103220
706298
991504
833564
775123
874800
744052
423959
518303
492532
305412
634241
980437
141880
286613
394485
997672
129573
235309
779301
485872
331095
163150
133220
788870
985242
244535
944233
838516
892494
647485
794603
263490
104608
505191
242507
147369
857930
365941
543709
481140
199169
69426
709399
481324
479934
889074
514471
852120
655141
952893
719963
758436
110389
409395
954000
746430
564753
540542
407549
99105
447923
40258
744403
146802
34460
974880
399277
865849
532923
521051
743516
693380
273980
436886
434874
862319
119069
363859
635945
717728
220058
479708
685278
414213
300304
726744
235837
113811
698868
825321
837418
304734
522143
548813
432767
143604
380953
284290
261572
787265
356225
732217
222170
524993
32615
708796
827713
147911
667014
406243
511707
399620
817657
139080
187251
540559
49564
558657
644975
28320
653391
553473
586567
67113
667237
569446
833976
311827
874803
882148
528761
325575
868300
432127
941741
484383
710802
194768
850006
898604
210295
697774
306516
577919
326435
222176
26923
505228
771087
426908
548927
504464
435000
622290
781378
788363
875507
684432
553513
854425
733942
650351
299113
960781
616484
362742
66053
758421
668450
143690
628609
782204
799581
368181
598071
410296
276658
981165
76597
590166
189838
455994
579949
98991
120357
427419
666616
357300
189829
248938
954036
846916
555119
22128
977023
997716
327833
224703
649163
2490
843748
924386
924875
395113
185039
707296
627982
384500
866962
872380
312066
875294
640680
147554
448519
825928
435206
168528
200151
95730
564000
227936
531353
214917
455504
350211
430237
574837
331978
576748
573837
380522
457268
456282
854376
333612
801686
126961
802752
420903
230953
49488
94837
372300
616223
404781
6809
321621
583473
404968
897689
954735
973094
283119
540402
961689
464291
524990
397080
923011
233974
985128
740025
855036
966069
890071
856633
515153
4739
372948
444748
225036
953808
106647
704360
408428
564680
806835
562166
259772
326372
861439
927499
960959
773808
109814
871227
645670
164294
842684
143683
874305
837154
423017
503341
727177
267791
538376
914842
749650
554965
986868
793183
890130
838881
71676
120253
260266
937715
133260
440589
16481
311500
483653
455136
912905
314819
23896
174952
108017
583552
123503
371209
620777
315977
919931
363534
426757
154768
56414
25600
560764
354038
18088
255088
749654
924298
649217
54529
37536
488297
138395
800200
585280
651947
743997
238169
327216
797132
798703
239760
450145
336933
79810
373079
723260
638882
461137
902971
552294
18117
872659
918631
257194
429882
985645
906292
479853
749566
713896
233825
816883
818549
575790
694726
742181
755388
197201
470909
634971
384433
751948
616869
261267
17731
934289
442199
370157
241141
137070
975109
161047
801851
869509
26512
253967
172033
90159
242395
452290
872168
53493
931623
25664
177602
472619
386974
460704
403195
285996
879133
627966
563441
82636
496508
95929
839268
288103
528186
886227
947707
542747
142973
309062
206972
313948
704405
643726
816982
675746
179750
336383
634167
362101
750481
75736
509446
654094
912308
576926
79528
396783
64814
155011
754260
457975
833895
201554
526500
239066
144596
491372
146068
427180
367633
841204
145578
38209
699773
18019
183530
941937
306433
951945
178810
483291
654261
247246
750779
517880
892122
704513
550446
165295
100843
68216
170726
850294
725210
495979
457614
749801
526150
309432
209098
592790
946680
431201
444960
870442
872118
538586
658140
905584
383225
371720
717125
903280
250348
822421
378864
58510
597323
399763
693000
32263
375761
419277
930765
623951
33577
794994
55631
265906
35960
626969
167908
44824
702703
871680
801708
315372
162701
258655
430288
612782
94584
273927
44527
494090
321887
469356
209374
141796
261801
576644
574344
49076
688481
905771
416741
872254
265037
289880
430009
584119
822755
402056
634698
390763
421765
614208
985810
484971
814269
694223
977813
600780
49627
544796
307416
506713
610000
875802
444247
29244
645910
171831
780826
933449
593016
567439
885808
4370
694522
274950
268241
970479
728108
23070
975609
489744
541878
559331
294755
279113
840782
645349
802271
609892
33101
131107
19781
814279
846018
632958
969541
152472
849944
59749
997098
375087
993206
732480
330261
582241
741840
125087
977460
528496
443666
317478
733575
351965
91486
96613
257633
816246
747143
267443
414286
545416
506363
142731
329799
405215
33706
369255
903278
137617
377610
217610
835215
591345
987446
213837
587891
407499
597642
523283
76041
817306
918370
810626
301171
288109
877932
394671
589236
114052
498918
392553
568901
689545
358356
205168
536439
126413
981492
134152
393301
79756
449510
140451
913734
132896
963408
755487
702330
858377
99405
938180
835198
719846
15687
234531
843471
308749
925943
941223
394163
20111
742070
100658
750929
163283
906584
62083
856065
676390
84688
31920
665125
67315
566614
506175
186818
939395
942774
728732
533408
476626
857406
351605
170591
561008
420834
286664
470892
773768
166101
333116
620918
392567
272679
540954
910305
638356
148091
427851
439032
848457
357722
105431
319784
956486
323736
90588
523339
645140
175955
78484
617506
804429
630699
236113
783923
475809
798006
638748
662052
291771
373323
316376
766013
530790
756671
3143
447438
299131
260435
90092
636293
23878
716361
469951
881692
395639
473013
932440
535976
134740
986826
519558
277900
471313
953092
782523
554546
27554
197599
195537
936618
869498
355335
76238
828071
856042
699548
238722
448563
54525
352667
262211
515996
915040
509941
696924
596483
99740
237381
748464
660318
348775
867445
982956
985119
531064
9121
377462
181057
75999
713444
603615
778158
311240
391151
777190
511925
842139
666109
32276
171091
999921
466305
185937
630091
558609
303591
447767
478871
374759
874050
598414
483968
339463
822783
312165
967295
48642
760032
330896
72907
895516
390026
10175
806996
868252
919547
353012
682720
196116
750179
22760
778963
129085
826315
983862
30926
558703
910458
357652
610500
892088
487983
800104
325640
576324
965452
209434
70515
937094
319752
853678
491994
543257
379712
71819
203056
138168
477541
546813
70016
288893
294336
774794
327998
296073
342080
761981
537854
580049
673939
169301
687793
712957
95369
94447
64265
501842
360429
432076
869170
44467
580869
285079
944272
477316
349983
213335
378721
214414
888864
201071
221889
835936
859638
99952
1249
427153
358386
962231
253828
91150
999903
116773
819804
562841
937104
60497
218089
337132
119783
238745
26310
490727
90606
570335
821348
424896
140653
136498
901683
85622
702444
797672
709032
827923
445349
628045
594349
982714
656389
965026
332009
357451
138917
559251
576071
355882
42265
780482
273778
137599
747403
85734
903992
254666
176800
988177
292085
500473
671100
578851
667790
285045
880877
247950
578857
711405
958662
628417
250868
669182
704599
941804
992363
684498
218477
864834
284470
969299
41584
754850
265514
98609
733722
573260
423635
10821
323878
128380
444204
573957
97494
322495
323904
789970
738903
932724
59597
819476
934433
81231
447663
400933
159855
957557
788267
911107
525231
544327
579059
267800
230932
67303
604106
111149
400446
641753
176371
216387
798831
119293
675886
888859
220019
452881
940746
171133
131888
992339
514404
52432
504901
998757
230226
512209
618296
323379
123105
152525
37207
635024
197939
378003
884788
799839
156079
567489
995281
18147
783393
448129
527195
105384
337370
930455
140101
867599
935756
992133
894295
866705
645459
808435
619418
996664
698041
219029
616346
198997
16873
793596
206039
334504
31096
212842
819718
697788
572789
416850
36657
912166
506310
989300
219023
974778
622560
543946
167638
35164
245934
458846
528164
85335
948064
164182
514173
115306
739931
331106
881685
445315
122782
731923
989192
884417
418262
245986
207854
84855
869513
471069
908454
962618
107500
666551
744867
336792
710622
302629
978223
3806
750701
318839
141588
307383
414748
305562
431923
891013
19414
213759
834227
726953
993856
871034
132192
704273
696758
536253
640369
28156
254558
960257
704734
433678
960457
936849
761748
749482
157589
126055
20370
660262
944746
10781
637186
611687
489370
208327
591713
677380
210050
999828
337096
864783
599536
863546
700852
775230
999353
2021
440951
753258
208359
338468
324461
661181
410146
224385
589137
197173
537961
148195
172744
238561
860877
63864
150587
36804
271218
568750
408609
216555
480795
51589
697604
438471
92278
104326
863493
273886
302108
945646
229283
309218
812582
339365
816232
748912
383352
507496
334930
818004
336304
835607
651384
78815
242874
747210
738897
371051
969112
984294
963420
460530
231352
672665
918227
639013
824162
973661
923180
456067
722236
827872
734519
483624
329226
281875
973002
514891
249034
155574
271427
881467
88856
355594
166934
636010
968343
969291
319186
192544
605503
384274
722429
642427
77525
69946
197580
371280
613485
330415
599941
790613
65946
292249
858759
967629
29722
625865
176811
687665
928676
15980
461305
15942
775127
194373
331863
738791
721561
427336
856955
159236
970578
710519
507113
597789
86565
565493
681397
606548
261369
255197
562995
343171
626298
439543
990528
770997
274038
777796
493508
352596
256638
750960
633595
686240
459500
25239
317698
98253
916335
6754
804618
548959
826362
848041
713877
335870
262527
58465
463502
985046
318357
43528
212981
409984
231057
352155
568248
887135
839778
146393
17481
648151
590507
424558
309662
921140
182831
826726
762247
66732
868848
430540
789979
49458
360813
805693
783775
860922
281619
737021
836793
668490
101020
448997
714184
401676
540539
868530
893721
208138
501283
448305
466385
712191
671449
339531
179179
290930
104054
250773
926827
646591
220513
158693
554704
798435
891933
146838
922239
243486
477555
40242
794212
442623
958556
176433
276760
977046
595466
607574
195600
689825
858738
263775
25861
878257
734562
124262
726101
134943
891781
240888
103489
749009
610824
537629
142803
673585
821861
670012
68806
941678
76904
870042
779724
69755
789391
625065
688961
426853
614818
243068
942868
766777
417265
842297
444271
121864
869226
69673
104648
39100
365903
900310
272246
702774
600210
199598
339102
832637
840981
339585
116843
372484
684444
53082
689295
891299
807781
881686
99368
307609
43682
28081
408315
17379
916033
158286
377420
756788
629455
716142
265276
563445
389192
610179
8300
13068
842880
712091
357724
503392
382020
466430
383274
733040
18511
52684
121867
680316
560413
963818
49110
325364
851108
569384
482015
78858
907353
216735
983283
381352
894247
690416
330656
219686
8902
397692
639266
370257
509684
477264
780561
23762
324149
138582
328307
71930
896357
930748
880333
744048
193011
312877
754096
469498
77953
851866
734798
812320
585783
608889
766732
74721
977939
792524
221649
698735
848372
554272
652402
908682
960955
881341
745753
131808
947089
901906
525161
610471
469491
559661
722518
276460
966929
537335
637238
396509
634742
512945
731733
717794
867229
317901
674265
843185
990556
332691
533286
348247
748627
503733
351833
715446
669367
694038
386166
505783
135207
690760
879791
314000
709039
84215
362151
960780
25761
405887
110681
63801
349513
366986
595601
599264
718047
774497
438727
316453
448164
718254
660741
900155
659978
920439
765779
589202
392786
717972
517864
554166
831622
8658
100617
713168
141095
633519
719845
822035
411937
90610
608026
613477
265668
179710
820371
479716
734142
162644
174042
693940
133218
290574
175307
448215
783625
97474
803779
48947
597117
688073
578591
455706
742302
358933
418248
975226
832068
282915
424070
329592
333329
660133
866560
506122
189831
692614
334678
766169
970074
975211
219936
941053
204920
411951
450377
675542
963261
564802
663922
592804
129162
421005
816244
449456
290172
925407
555209
225314
624036
265890
562133
749698
679847
822798
459478
904597
489693
897378
815301
664721
18156
819635
236667
235486
559564
802538
537416
332147
326666
957433
490070
206819
139465
214572
727350
374816
819209
503046
945670
117749
620098
435992
681153
748017
790047
919821
578115
307827
141866
560286
250635
845584
337555
473581
549747
663506
440892
127254
291941
962483
177319
133584
279086
123742
255169
497140
745543
461570
48547
678632
205169
657319
919727
978741
39038
242170
467726
168464
64168
434587
29735
996637
754172
358125
833398
190611
744673
166242
300443
832702
749495
882974
135989
542849
38059
831823
2865
727043
180043
369927
776580
261423
850342
270567
604118
373547
105460
504274
248530
155193
691927
357296
491311
95158
627977
795902
685869
255847
511649
735973
907907
234076
751625
409564
532346
844356
191532
333595
481444
542005
404126
480557
835058
963819
268647
127082
971541
605621
312836
513481
916550
578841
700496
885804
117078
592419
676161
711709
429312
791631
740320
862419
711473
852083
821857
335248
46556
774938
238731
654670
284948
158547
293609
434633
293194
332023
938091
710787
22693
627891
57296
558517
270928
243779
576025
201177
797848
597248
768361
282608
281335
813194
864488
229031
448186
999852
291676
657618
600884
267292
660785
602520
675422
21406
915320
923869
911765
926709
896958
641230
196052
72916
949671
90221
142454
303071
83933
739493
22613
365144
653217
224973
721906
534319
456848
659276
4290
619847
676497
556397
501297
818143
77960
775274
5767
702947
465577
730559
847210
753683
463535
744872
353223
214796
316459
824086
660173
751646
551136
325627
426395
322691
21845
959527
322462
923002
73711
312930
525591
370786
301649
620979
829067
106413
656879
820501
392589
52577
458665
17615
605735
944550
205835
376376
14295
181095
950809
92794
767981
169459
398273
557041
588096
341973
821318
26383
825003
507121
349728
132365
777798
964553
178343
327970
82368
861379
767753
944001
639051
596161
165313
868608
247412
687375
161332
989896
843187
414743
113492
448759
991232
714652
921934
437571
78356
264988
818138
750080
471200
430094
342621
538839
756880
753108
129656
768727
67880
980842
891607
668597
407727
185432
301166
77807
840283
407347
306677
960365
383005
385962
783883
516663
453334
366723
326884
261221
757394
678060
411716
154624
581491
756550
127908
378784
549418
565409
166504
626893
42392
899288
777504
842918
643452
897409
965270
190215
164461
197447
277433
654788
41392
554171
160933
95998
142355
419687
8291
745946
322872
936256
697849
128528
384187
27987
643626
120098
442953
794318
113618
405941
104402
206053
849773
900195
246172
183810
828541
791612
666230
499110
337799
753525
325877
579906
414148
513602
427623
225243
83954
417447
107736
437798
782191
839847
94573
68439
785063
298429
286340
733521
485521
906712
835716
513486
865239
367044
993797
270465
572243
48591
662147
32885
600332
821586
329229
786730
684564
226202
826327
185934
176526
242955
128073
148477
343738
401224
244004
40141
749484
213468
100101
164438
612509
954951
193056
575117
820443
622258
715055
806731
576469
498602
793147
979105
495682
129916
464809
873150
335727
672948
20118
998313
445746
515022
380961
376070
448297
784921
259016
749190
630852
875237
936773
193140
16620
378849
649656
653815
108873
905598
712338
764906
858613
89982
728638
408550
492311
726687
451918
874528
454664
377956
121714
146109
870658
985313
392323
794749
611967
987864
290419
201211
264561
200378
991261
337262
37615
236582
586865
139958
928191
576577
434559
589642
261846
472004
120608
963107
66225
758583
551155
375001
602864
302845
191497
