1000000 10000
1
1000000
248388
14773
719501
114614
446680
292404
407022
322158
458443
961192
862915
708954
293849
935750
419592
937455
623253
400000
597362
893599
534909
807727
786439
920697
42093
49761
969385
817253
449280
4118
27720
643651
375500
475474
630536
563347
702737
351641
438296
656075
968181
657262
371605
883775
751410
68697
992599
164352
421017
369166
625669
814030
199949
269442
704645
455994
884801
996975
975100
861170
711504
65097
603338
86410
798376
673985
947706
705998
317180
266384
733225
894348
43829
863591
637142
610864
222629
941009
840858
162418
741382
767633
932766
974509
459425
330086
656928
489105
156668
189388
394078
725347
978882
877424
934309
188669
443012
730115
54917
494593
35973
375570
652186
285349
191398
448074
692557
760637
961009
482514
46412
418271
10772
358905
346865
406090
666725
112976
376255
223468
611330
406286
124675
378880
488441
458163
587693
9420
113457
781773
574542
398832
204939
637920
283406
792512
554968
722733
167014
901118
337732
239162
659630
8831
819311
167261
665604
657989
76364
244515
320025
468695
457380
895011
423593
770209
427405
105051
126708
370322
125606
32822
891837
969567
434795
961044
498620
439059
612971
54065
872727
423907
569200
264627
817372
508554
679612
650608
305462
486062
634023
308293
850729
110297
179662
106307
617786
78094
785736
413101
353896
887930
190988
50925
929355
652274
516195
780538
258742
902725
124483
723398
641870
920169
694572
261911
111151
146650
35567
123333
201168
791276
16587
549190
666619
829415
610558
679673
66379
212593
458677
541201
804284
255919
550555
315406
171357
850534
584768
889091
169526
360486
325512
37240
413497
806597
803305
974943
205301
214316
521134
429154
955120
808193
922187
827476
482367
72544
251274
678716
372579
566035
599282
728722
488553
777315
358470
15091
938232
239508
536155
515582
287229
583287
375289
687633
570448
201401
512689
830180
705137
721962
469128
863971
236798
543441
610236
822915
959731
271258
843136
76498
845591
14000
220963
62111
886195
146716
315897
96168
910904
329411
691050
654182
174278
280764
52554
362502
526271
50276
695392
828213
275122
306434
670011
348721
432178
464194
691470
488863
888222
311940
188873
490894
212533
166294
50028
491499
188683
482524
554789
560032
905252
278993
710239
643458
204932
695978
701848
606007
562130
502382
456995
685362
7031
388244
380676
852223
543143
436647
167984
756373
615763
255506
223908
169939
580346
867925
628215
97299
792634
609167
771681
11143
896521
959012
759639
995474
120945
450133
429800
928895
913725
536320
363531
225285
38110
578795
583242
64037
336902
914491
723276
488293
729357
307133
337649
227180
647712
950082
665238
606811
42968
589330
611474
454871
293735
265715
925338
474890
837233
637308
551418
168852
108198
836109
919025
20573
419249
337606
493841
317310
745400
377393
262282
683371
985749
35984
944776
127030
166968
231107
641320
160820
226082
506175
301225
345354
464114
684307
878629
428066
497536
169183
286375
100855
551056
917163
293036
284356
233138
879544
321404
761630
514737
19470
701417
930356
492090
844937
306528
420116
656016
767479
659736
330199
813002
495575
533939
883343
507488
102436
791058
362164
780084
369765
705301
297522
363079
502264
298190
11900
962435
332043
276457
785878
104574
687768
8612
112097
136602
690308
601998
728635
360241
354781
549350
382511
952558
28338
602356
564060
280709
873663
499454
774247
453259
820113
926071
239464
467236
147545
617724
372214
107930
142338
829901
691077
837555
70734
493356
359647
269243
51581
249416
981702
464426
278685
217156
798609
214541
442429
782739
975045
672064
130943
920974
230383
181258
453066
560094
675637
925598
118460
283022
349649
56706
734685
221810
613247
298719
136698
346734
256364
632369
151134
477442
900702
554661
315925
250815
39242
582869
725204
968668
844009
125694
350099
718139
694746
579761
897972
408603
233694
526255
515764
401157
635499
200309
417594
220213
696253
984910
822347
431465
292012
541399
423963
146453
734642
330262
985272
771195
561649
698754
545630
554821
336686
416003
163300
213876
108715
521593
75408
408942
280335
620227
651491
132427
769601
302905
541050
129886
514661
204195
971199
321941
566864
315478
237412
819834
245504
565681
48513
534911
86167
353860
536517
570769
604684
672074
422536
556554
219980
692387
41915
830857
31662
208378
674926
917897
531942
119449
903741
51145
746584
225278
522086
594267
745801
958143
860896
85262
943596
322425
261427
286860
112832
233473
826742
64766
583336
652086
513096
135024
661641
396249
84717
722783
913524
278333
448585
956936
584255
263848
410287
388625
96539
676914
947625
366302
262415
87986
685631
126005
572900
410964
374762
362767
687977
909661
823472
737531
39554
267722
917044
243660
281309
611422
66451
608137
171877
391390
674192
934756
361623
327124
978464
610081
468295
197320
942694
87693
773113
119319
694360
542199
846429
102652
385211
541718
420834
84442
244399
826047
869677
358587
26696
997394
720209
295952
19895
431602
733128
519433
268652
999952
214082
245580
696433
255167
387724
333592
362916
579919
861214
692835
181075
422146
431576
91633
36386
148702
750141
82943
399958
237340
647327
716622
208095
496760
242281
943348
992692
755419
314492
131849
990031
992041
798218
918959
229963
194231
675659
691119
413126
326327
991054
356276
720751
663601
185463
706763
569801
407149
460737
596568
725560
932277
421254
360518
114490
242929
813281
388250
142077
205677
784340
532439
313532
919002
718775
78617
479661
137103
370734
332997
85853
12172
712085
495095
389066
545057
640299
373519
725842
41469
450166
676162
563814
559346
763196
60128
249812
802750
429884
862089
79605
168600
772553
446335
557469
684812
420249
405678
488195
391882
902249
429441
849798
314657
112978
513121
232133
547041
738724
325915
994747
129592
745281
975171
196756
338455
65722
110884
782147
723790
698784
298757
465875
736835
530871
856910
259249
66987
328498
899203
597526
873727
513011
157202
588306
942971
525727
263220
986220
423395
819168
568415
117582
205507
768841
242812
128075
194714
90091
358209
607217
699369
665797
890264
855260
905745
43248
92699
801341
944123
242334
494354
856129
363646
932189
848978
787844
928327
479746
727964
47484
522572
851195
87847
837217
611799
856117
67233
615341
142224
764099
471930
661857
983603
894960
892408
790630
19695
386200
164304
287259
773431
975135
930556
676222
17284
298169
392831
976480
164006
905971
950293
691692
358923
920862
315321
899302
102191
21489
868677
452226
917871
229932
470696
487487
56445
797637
680434
148082
468341
339159
351315
667536
318280
246437
869662
740993
123714
331400
881600
412358
195387
590967
214176
543950
433983
966064
838135
303247
694082
975053
142649
740
865111
142015
496390
43591
538716
211616
54705
731663
632923
244823
39223
115701
625732
823543
264119
161825
114222
757250
512313
22172
259997
881022
475279
298430
307765
761890
361697
803193
771083
389217
953076
473449
67761
214870
838541
771195
357152
230213
796357
118099
82547
119511
806330
654253
254085
913119
975127
885525
821101
978854
735606
589648
577540
636255
41630
688094
920044
155973
921436
658995
435563
415307
675475
465704
733785
20961
208742
906342
159439
281373
472970
751522
20481
13507
760668
30643
750410
802799
640810
351549
986438
999968
655131
194015
889943
434713
504277
704424
161650
553842
344714
637192
111181
450166
990115
737872
829090
38549
265059
43569
979254
456773
494231
288194
980439
621421
126910
843245
378091
752786
794374
399226
20902
597820
676974
898485
251393
26476
917958
67146
695757
654272
962744
261989
395428
152755
125182
247555
961305
949540
386451
949382
151303
90919
417595
191237
772874
142534
83285
917338
94362
137451
232273
424991
12534
745962
409068
688731
68374
37756
231763
943955
29168
434639
572501
316229
162167
710758
349941
431822
513579
187344
697180
625735
476359
590254
503951
575355
681266
391151
848495
931076
777848
836940
632376
789605
985536
287120
810607
661356
389709
924999
969798
920249
833608
386266
648638
592374
914171
357180
717902
739436
28366
734718
341226
623505
636305
512256
523287
301564
908407
156955
18621
291470
706104
878769
422126
475385
409060
856046
591462
462380
446599
178988
161848
218845
517014
999781
805398
893479
385661
136952
59985
413075
841213
171622
6701
605971
859167
894536
810354
321920
272696
815355
154046
260363
283154
329431
896709
993430
955999
52371
861591
975709
442658
778944
524043
169716
44817
500464
508529
284167
394849
923528
227681
521566
964554
973070
700264
162285
834158
833949
570327
274240
154425
187840
616365
330406
17029
435994
587213
540848
511771
863456
30456
261613
593957
896626
889521
929709
11242
833600
37201
591611
946470
685490
586218
242104
221493
56983
771535
870956
876717
315686
434472
326835
692068
652330
655298
851034
747308
17705
878797
407982
433115
337242
956437
745205
419060
850434
889094
452276
960586
899832
695915
156504
584328
3149
757726
392484
629596
582036
187506
613319
343545
292381
265810
273231
228572
503526
745606
904444
122653
107588
878853
635636
56872
505105
346244
654915
279066
309512
881906
707200
958515
40509
276420
834040
993833
835146
614398
213327
34680
995516
56960
137019
297646
13212
214780
876899
7642
563265
174006
431571
328354
844052
535167
922302
458783
554702
404334
710969
167644
747846
136107
150323
413349
773041
769627
244890
854538
535054
521657
400304
994604
331166
404880
869481
423365
602999
24904
465980
120036
40869
876080
608065
63863
612485
4088
781386
462270
252829
732323
63863
751075
148368
259506
443267
147352
776250
327522
276176
942680
117980
831320
386365
913053
757045
196869
981392
191428
891311
588448
778013
699847
643495
523197
470265
770337
436860
268691
948438
897230
618268
478400
482841
658291
957056
880245
423169
718023
125719
475080
832450
483718
777163
624758
873962
423333
373373
613558
700172
273983
491563
752092
54661
370800
936491
859419
791181
108173
621337
6939
38374
108822
844639
736744
794371
20913
287040
577456
322398
989382
779146
572182
836670
754873
650583
706066
617281
22154
260384
575023
873455
209633
130121
372588
386435
942534
953745
288420
206464
684551
641863
709847
452703
716259
473255
196933
570622
263289
372697
61928
238291
953261
311697
525525
481178
937667
837555
845224
454466
953425
776180
515200
782565
318483
225401
622428
307426
356895
58036
710401
590388
30969
287772
49649
536758
621590
815969
43362
67941
142537
273756
606772
852873
800590
901352
750539
728673
220462
665333
271258
589841
342038
104580
406297
205991
867171
716971
545507
640026
884223
51385
608998
681822
830786
53390
497958
986917
268499
628029
104656
415328
38579
829400
728082
402585
242694
564263
383297
63190
150998
205714
415412
126146
577662
52973
33208
732864
483915
144653
862786
589657
569644
535411
388203
960212
396760
779635
193936
507833
151086
30929
253084
52914
494185
862367
115601
898012
82571
640102
742436
491076
238933
41639
904304
846756
948526
100169
517931
326434
823546
977627
27957
89499
929355
521677
959274
771551
398583
545619
62451
719660
572658
685257
53973
420437
5008
633051
813387
593611
36189
527412
41065
791969
808383
283789
803094
247908
525214
694250
93976
137546
482548
193527
533106
395214
896917
292045
577649
704363
840428
810246
182246
315280
654522
213551
665121
895718
59625
543605
650473
707430
803774
668961
348681
19768
100458
837194
108649
820934
294451
800423
130783
568117
164102
107548
464380
929674
19541
509027
929862
215671
288481
803820
404101
467525
594768
873151
986214
983141
429577
92039
921534
390846
391097
787091
803082
253618
625805
917831
492703
584478
542892
698870
408135
584613
93118
451543
307649
377686
904380
576134
470458
506981
348482
169643
218998
486413
177064
479045
58236
752123
709405
76326
317548
948280
680761
369074
72286
598880
767145
819226
295026
866732
490913
32602
640575
281525
681278
703130
4167
30722
914814
248233
8901
650256
393266
855614
876283
726364
529439
576726
712888
525596
106691
48502
106466
306934
253498
402457
66438
438111
631810
929055
766585
337656
176396
105306
251812
694845
442075
664788
256244
381642
116744
491892
546497
963891
540300
255836
751835
743433
133078
865041
471998
818483
482100
18767
563868
736509
459449
360418
899727
932039
154286
995746
562707
291206
588523
429202
399145
865544
155853
292961
82900
969422
474876
595736
363300
638691
879224
602214
966224
702536
81108
869045
696934
526171
639413
409585
653634
818937
739458
437117
102303
770540
448752
645082
486248
177563
51562
522890
247870
153047
284841
777162
625538
473879
299014
530800
355031
613848
949387
606057
252878
34676
587384
862847
988025
362993
865569
259790
958604
668104
196362
33049
82187
173616
411613
146799
480750
385357
858659
959205
495697
798711
638199
869069
203604
60403
940348
560873
619990
702915
467389
349681
76248
344167
745287
42469
833967
550698
720707
678683
861246
399580
416276
490390
837186
142368
574048
431192
873613
273895
155620
663066
147165
739300
287053
461632
620249
974674
737742
102858
295970
969789
304619
428009
999970
565863
536502
948693
511242
756935
78199
550135
974313
850343
539884
78355
916809
959978
204541
355713
869252
455386
74711
459331
538052
670464
729532
418171
717999
387399
214025
837119
647174
354677
714794
340173
305032
372386
89816
139912
233531
283723
414694
486692
821515
548507
583731
228545
634178
942678
661426
221574
292265
327169
118436
870643
609793
360211
305814
651480
184412
489032
522276
67835
401123
550084
811497
131115
857932
831350
189903
114984
551126
505931
350155
33670
768179
933048
11507
20303
527946
440734
995422
540350
580595
853940
793334
165286
433893
212390
863158
452925
607749
834501
142119
333347
335577
126781
295720
283192
228851
312588
36112
486083
347
559755
437899
123263
201913
823529
555339
916061
74206
89420
802175
50576
28699
599976
493765
655037
986341
80162
670947
71550
782632
937937
826008
266516
115445
909785
433397
857772
59809
645379
251260
401549
2956
281190
204634
778640
963270
139829
287079
746693
648409
309992
324794
984355
280702
11365
635698
243015
172024
329480
585726
543176
265713
117399
795516
705070
379698
604338
282947
886839
682832
525674
140418
218743
15567
394515
440502
68049
26414
871871
939595
946868
737279
60666
806393
583955
73574
948230
40503
221531
99138
152562
466241
769504
181333
589602
187625
51956
78287
671877
172814
14595
988119
173326
199700
426893
929065
950761
739113
308917
429783
299342
478058
40402
400721
837599
92630
868409
230281
466956
568736
319946
603609
131373
838477
847214
277191
814642
751018
885694
59054
456017
429003
389059
542201
239309
875053
819951
718019
16191
287587
521954
456752
461427
921230
375606
983742
925858
484243
650124
902961
852416
3934
2516
23501
51096
810701
647068
230005
90721
792361
820727
904648
558525
352621
803671
956108
962953
571048
919443
340091
610778
906596
135252
66299
876530
412758
110641
78362
900401
839592
801474
66079
900202
186396
16247
223432
963611
238496
643014
201178
398879
372600
617771
19437
465296
447416
88893
503534
579165
909664
647317
885459
896680
340396
938386
573667
512005
542456
448868
735526
377055
927196
771408
259596
448844
396981
188745
868990
500973
139802
991283
642461
497714
753244
544169
966425
422328
897313
753810
988997
975659
239083
248801
976223
616717
796870
286521
581029
3880
917602
124200
927023
13487
28274
352048
582130
162042
990889
476071
951142
438885
359957
859494
351615
268115
92658
984242
54161
561705
293960
877731
866007
600177
392474
465249
415823
782846
737570
554506
158152
126583
984219
136453
257394
760188
789284
695290
934124
560894
281456
260586
560654
510180
486734
5754
778080
307982
392349
299640
173660
277566
614258
251791
605230
617724
696786
956995
88453
614641
917751
840980
273064
512671
98370
736699
925853
361441
324460
579409
511005
306114
673941
898809
912501
468289
15380
607761
578634
776959
693258
939695
885310
852086
447909
770555
312647
317788
231533
976204
108474
727765
676411
922474
472712
622553
847446
662615
938195
106306
568352
925660
546354
730271
49312
519266
620284
400728
763655
341903
423060
491154
522045
801768
755793
331452
474948
73616
597727
771568
337587
289725
219828
572451
476333
457510
813630
964220
621453
623839
568713
829591
878366
564874
305065
620002
398042
70339
220641
292567
536874
712362
49812
267873
587384
841608
944992
651837
193286
437197
691581
739202
375966
351939
445454
121975
694122
440706
42603
562972
434300
37316
72111
162830
887304
254068
326510
248252
703890
618123
947662
839907
42942
630214
571671
520339
726247
933696
42911
15380
896248
915756
815133
826993
736621
727616
986697
811137
660242
906872
27330
681141
995095
12653
645420
35260
605898
943040
917705
656488
77696
894274
757306
513362
57394
242533
31419
102425
100194
981603
156585
516161
900112
733584
797284
894634
97228
764760
372731
724730
949061
885119
437089
787818
29425
587471
639910
424798
775356
290973
896474
186936
141168
93861
601810
871529
838436
11489
207497
403374
641664
278338
246998
16177
21648
926406
943070
712437
931973
517468
859963
36026
918882
602953
673402
778584
850652
212753
23004
359016
469896
433038
584611
264802
660672
923216
954107
124470
791983
43451
669671
692534
750264
116697
715991
271321
305656
232987
151834
868559
270347
918773
81455
695246
501991
940383
50693
445232
181197
488201
90193
166119
949286
996992
51044
430498
431017
897790
582239
947185
386697
668092
84695
714076
239054
649623
243184
307353
2509
236729
285383
926225
705929
203505
946332
368036
244689
134017
226962
195494
223835
147582
426952
975921
761385
369784
605004
621871
409252
890002
573772
543089
319029
267484
771976
531726
530841
547
872883
45884
795687
757276
786157
830960
655180
581133
789201
623951
597332
731169
884441
22771
982978
294083
120648
470822
94681
214151
539181
706431
98445
927088
610205
957489
928253
355205
509238
623490
104466
623750
350997
180348
279318
492113
545392
567814
866228
158625
769562
374922
454376
793956
660262
725857
835966
885663
222461
886782
380829
235226
122894
263572
181482
238957
491393
641064
861512
905438
588185
226379
191093
914705
711955
301978
685720
908167
21281
68585
177660
113293
521223
563739
944407
353402
327117
378663
354359
470400
459294
264304
147190
197134
845255
616804
404849
556040
909951
263335
988849
932073
120169
931140
720498
70436
115613
275785
862935
383413
607143
369049
527310
115651
51716
102525
470187
113540
223930
49949
375222
171850
195689
949401
119374
189597
908329
115976
712424
657142
475678
776145
568253
317809
591847
526976
517358
199866
934175
866535
502272
598470
249583
16187
211047
2258
891705
61216
998692
405510
936511
773047
322416
924391
645738
344583
573774
144535
970302
669507
629266
167294
989962
727137
660696
893256
670850
96279
747542
684167
89102
614721
615843
178208
316657
725410
391566
698579
494408
106029
601147
391665
228228
765589
777889
958579
335001
909824
940107
602665
138643
526606
895403
605606
970201
823230
795168
766035
261449
359353
614395
787116
638031
962545
264106
583344
716039
287784
857177
391829
885007
187951
243071
519671
220668
899232
302959
536498
812418
413546
653953
730105
213269
309505
349621
683113
424214
744091
883723
899879
810213
269141
305034
515444
611683
629891
533399
252047
263180
727260
30591
953831
560059
481203
824310
226607
824301
419387
509611
937113
612223
433591
259296
584977
179709
295680
63257
850633
874653
205619
386512
943740
861676
855952
186631
729188
100784
240305
763483
991541
299476
707900
227713
613860
636918
571727
469081
893067
419142
914942
381780
691621
465859
108200
761060
634006
952267
950083
723981
96616
633423
273415
726826
310884
864005
322187
252707
502040
592973
196967
25081
619702
560432
191100
166428
881502
253140
895656
66008
47266
785422
537994
846641
68800
763890
136988
227649
519120
367187
707364
269590
994996
326089
926263
956134
507994
224657
387066
819416
731703
559718
808670
847415
856663
293823
342821
725394
719501
215905
427792
58164
819133
284242
473569
595902
810365
267919
31922
643488
74056
425818
4100
771797
3040
666296
869604
669120
714274
616046
881357
471840
242
293233
665799
195746
466413
627861
690814
952826
966612
901425
620084
483106
644422
288247
659354
157088
116316
72498
618296
11558
590959
787775
561022
570019
9203
480180
599014
168726
610550
531211
592096
260271
684430
993387
266302
698911
648404
189356
531846
325287
10453
404363
590104
262918
218805
862283
755420
214834
880290
817043
785708
705940
336984
514107
915240
655165
130979
980782
713679
881186
458370
89473
357320
146506
316108
104623
891671
126869
679145
971886
588924
256481
710355
937244
559522
744246
701982
694064
363951
182170
174916
147750
489038
74351
320896
60458
202468
303427
762750
292463
479874
21070
429107
92105
410792
700134
192529
902868
732918
118229
803808
453954
918529
856036
570216
479868
542586
488343
171773
274836
498968
21815
987162
429507
999423
290683
309676
520233
189255
960067
873641
225318
644436
506321
183058
327993
976725
44824
236713
332450
266550
157801
377831
967155
67834
938295
161350
678727
284594
311102
328229
330040
306060
317462
203690
707809
405234
457544
95116
117759
555209
373208
555368
299590
498246
123293
698549
129299
114512
54616
107801
93009
880546
804125
258513
314343
481938
281108
795339
996419
450375
573097
447728
499979
32105
595069
846203
920673
363053
958793
10427
951454
425223
977623
820095
20084
189699
941792
351036
177129
813450
800209
561401
976417
750334
167017
446626
637789
161086
134619
446889
111060
62762
719625
587076
270477
245001
894148
556804
360550
98649
62085
696837
986988
151704
528523
648278
400581
288185
980113
242204
557194
337467
245249
59944
453682
964767
635104
978004
537351
567901
980052
926672
565699
191071
70741
37613
153548
303388
589053
333340
386239
657953
771407
120193
300446
346795
985345
286524
738251
597566
120080
779071
65475
819851
192620
633032
511874
902102
853365
65157
438634
784605
538506
304189
667731
889576
861299
29311
118055
76380
460270
514758
384803
408040
929613
837562
571494
164608
645546
795436
638069
219647
272088
503087
763888
107972
480733
987795
741030
855973
950670
488862
211156
920254
29739
580612
638314
385987
530991
684876
270382
913289
15706
16455
983484
788098
570972
513835
826543
833444
528383
847469
287228
867660
790137
169241
785945
858013
429813
869237
671070
911368
17316
239772
36512
767954
680961
611642
11780
519925
264386
223851
785087
863350
61977
815631
511613
310411
523700
688326
431912
438024
8714
774783
979553
429737
136873
75155
392422
879695
538190
670588
358716
70609
832573
410014
526536
712096
485620
280356
285052
431400
780968
416716
85578
145449
525699
686637
712526
811332
262500
791375
336993
951714
700776
867087
889917
782383
798630
640193
277020
731001
428588
293661
224399
629325
842216
334790
91470
885578
212192
920063
817053
499286
375177
288990
274767
867852
524775
186332
705479
952260
11103
410949
567415
518752
591981
919499
98651
853961
450462
234554
122030
562908
44412
259198
139178
802431
386066
983982
558120
577034
662970
987151
978127
529799
206447
75333
815741
997925
689687
889430
197562
970618
94809
809243
968207
986474
426702
30393
865961
938161
371192
258384
403999
214108
96041
67222
761651
600101
175532
603751
38029
888059
182856
983943
549447
194974
839245
423648
462421
581869
734781
873852
945613
680829
543019
689284
196965
687542
340063
649252
156342
257479
108442
470870
449391
555739
757112
807392
124874
953749
21146
608137
45634
640437
418143
631544
372432
721138
33110
849182
440229
214439
279560
456082
468129
725291
941782
211529
967010
472166
741729
874517
412992
776695
393677
569342
740253
86107
610813
19353
473266
92004
810106
720666
866436
533365
325313
292696
248162
827392
782692
438626
876754
758677
919968
176512
7186
75355
536328
260469
540559
990339
449691
1443
582225
266348
307242
18378
469877
775418
846172
803083
349535
166683
733812
365945
175158
550683
429818
644628
86789
914084
607791
804218
482410
315632
549686
34799
740345
782303
583611
961229
471886
224053
74062
319948
387884
616213
693404
128904
348469
160500
704343
179254
931579
128774
765405
311268
903914
618097
334875
601910
306954
501284
93397
287848
481105
444092
931416
975213
242576
978321
954846
446173
600484
269537
650860
162464
855761
398778
825385
387295
658805
689531
174896
699574
619413
854408
387309
558217
360369
510411
480251
489299
485197
917266
679730
415151
790904
630308
518171
621991
198164
127478
988049
871500
294234
369472
525798
201789
88002
682720
320408
34476
561903
316766
942110
307146
872072
520836
568767
484261
595909
8745
151056
464598
255378
236980
702274
599619
454693
7722
524564
264687
362625
526702
590576
683851
942564
195228
488078
998941
287529
96380
304733
895026
652684
347265
581258
446814
294533
232407
993382
234361
23797
307770
736526
191501
458084
470529
681822
96692
320842
326692
248100
93524
774623
56757
591662
136907
699616
379083
154172
801004
32450
141244
828695
456277
765633
531615
4895
425517
974625
896544
536655
362570
287343
672929
238819
762448
540047
1648
864512
207869
973870
174217
640460
684747
217880
183219
344958
57992
477410
296452
601619
588987
800473
755415
531743
197417
30468
410663
159151
22642
69942
349720
993525
723632
378068
347669
31801
871477
203556
276179
11867
734804
915108
443670
128793
735971
933094
207453
581074
864673
189006
98116
252808
375669
743324
127092
557484
168591
177801
910236
970018
350372
644763
733435
55905
614590
3865
710659
869833
237072
305874
740546
440833
683408
993366
54518
687007
51536
579850
767589
510116
831366
241670
992446
8770
753454
711154
758046
718715
820004
94805
185873
539640
964042
756958
120194
540228
166380
207163
683027
146564
275018
8647
30236
313820
217953
85594
922051
157053
777857
448535
589498
174223
605932
280039
777628
632969
692221
526961
777095
912465
81018
630873
717547
592600
222486
794910
389479
864977
985439
233095
385578
403716
21254
177325
408270
178737
865171
27546
177107
820219
888777
922252
487771
50110
976280
179282
623895
385084
587178
510997
503584
785037
689262
653286
654395
172211
898391
64422
353733
778232
45301
647659
46025
89876
304718
30569
453684
759038
968357
794447
635804
218416
920917
188736
616692
901605
886973
288265
105746
904806
556710
255187
260859
647043
769723
352879
409443
586804
38650
625636
134328
335204
828205
705883
156215
569286
170206
39671
4
993754
391471
931654
519259
225467
959026
202265
971220
882188
705822
922719
484181
345624
990234
647543
439745
638445
663857
799698
504333
606018
74709
379946
787548
125777
716689
969986
879353
380628
551218
77963
323721
327537
473238
235322
423320
368398
871337
895574
137957
887531
740496
108396
238921
758613
346048
146572
812019
143592
8685
748670
664050
907088
182924
406909
180564
752043
635199
177549
707233
745817
192812
820235
582769
250695
231250
683066
538289
398727
794916
641774
296135
158034
5116
574242
850636
726222
199183
305699
93892
456262
65895
695268
161647
771137
894908
551164
117409
555848
941683
359673
367461
328786
824457
392148
505005
89235
816069
614629
118652
113752
871012
966259
468584
131368
236861
995555
833174
246069
539256
547674
759483
694700
300947
181168
412973
29459
957886
259343
714955
596324
569200
209143
980682
244280
582881
269645
326678
44899
215326
162541
202803
427838
230413
508626
22712
545015
162567
487152
15787
864722
318322
188988
104293
966657
212171
349920
821399
259814
445045
666983
28890
877433
417518
698597
467808
316642
684926
428370
980912
485206
207825
932785
582773
693711
228793
234586
421482
788799
15333
346530
75353
61494
248721
714291
558686
784427
409870
752610
872545
232716
115883
935448
929697
825501
994712
948686
207245
588602
350396
743080
536179
483487
567644
935465
23952
273744
932064
897877
224388
507437
301117
47035
318610
882231
850935
300799
251363
729889
945420
403522
479006
607717
26567
838832
228625
16765
308774
346239
942117
80066
974913
637056
884778
608927
518235
765464
734820
361243
851732
752183
338431
453065
815339
481020
714376
823098
751438
592715
822839
369546
890376
85805
575079
879704
390279
600883
53671
154902
9207
912427
937493
796908
552764
981522
681309
966606
436528
33111
86674
51745
930244
513042
519097
587790
909488
453015
175780
964372
230545
725636
488920
419561
165569
907134
961489
575182
687568
981910
475553
298577
778631
920928
387618
989755
349757
245058
531153
487533
807030
44845
583349
664298
776342
569764
121331
436219
7714
422887
92484
354228
20267
600975
354179
160800
620207
105378
400116
698565
26706
615702
383688
338977
974380
766089
73131
662778
826068
893010
428945
468688
425928
733879
80951
312754
150412
447345
100517
688003
373438
499005
112917
642531
352160
410369
975432
103868
360981
104260
958722
428465
754033
596440
612171
727351
520111
81092
268302
332481
809096
36908
447053
363061
855192
840863
257580
727058
699838
518378
263451
50375
125950
681405
176492
964622
255178
410095
175218
904149
331164
819025
605677
63984
314314
315609
315744
452550
47397
106119
898249
36490
916313
333881
674052
819690
126672
344552
333057
324537
944353
964971
769320
350688
507009
354954
795841
75109
103524
945483
105269
526845
139712
212100
54685
220997
361089
548916
595783
268566
287335
306512
946170
592343
228117
136067
403203
973703
696207
142462
38651
531189
511392
990657
880679
888957
397449
32512
589037
731656
414503
725335
559994
662018
140368
98760
859512
278444
117022
793202
376265
172071
712144
240941
110571
106277
210680
890029
570930
986352
647717
981544
836805
352971
621438
282312
964425
40395
83776
348100
61820
328771
896370
346331
539950
389623
760758
202795
758710
74623
984257
853355
529751
129952
426768
679566
712486
732018
888806
786171
445295
835057
147313
638839
390865
197089
823381
722068
742775
107952
274772
300058
639827
781596
746185
67449
65322
94552
81502
462167
270348
853472
404767
679227
253359
56859
310479
972203
852709
679572
268774
658150
564473
353442
147394
352150
284803
943289
979864
349223
794242
424858
368096
744216
950817
659696
197665
834378
239397
631672
665304
584681
536733
460864
970703
452545
694743
42735
408474
666485
819020
474009
11198
132289
925233
521376
340750
500700
992944
265141
502638
572163
304615
707157
966888
137054
356896
570847
319032
553931
562043
740863
636064
853646
419143
790891
784752
923827
828067
830361
573482
376028
743410
464259
353874
26993
421409
5009
364664
535799
99697
201333
837911
630266
67929
656249
646364
528867
736746
794827
60866
618459
493182
712056
7974
183539
842547
482158
70483
999295
579984
542891
357360
898597
509306
581895
284630
2164
532383
946816
255012
161506
769275
976958
201702
305827
737448
811429
970425
806927
517849
167203
553960
680265
266271
300278
264620
425669
390335
864068
32701
577792
205611
661395
152702
584265
908803
349926
964182
458611
261556
5631
150365
765297
465427
74803
565190
885963
326636
652426
758254
188651
958717
213121
657165
676021
951777
890682
188084
923843
149044
153114
967797
637689
914507
252394
584433
953583
49885
141583
398984
687469
324828
646689
246093
98725
921161
556639
890066
374532
960140
951938
600919
964763
681114
531097
755248
101176
770650
913594
938047
320026
803087
899167
624104
573808
746648
445403
151413
565738
13655
689110
364078
269609
589071
681665
998463
208085
358473
634507
613889
954045
874760
378180
627976
492456
452287
426800
806741
534378
657806
509547
380889
610010
979475
681763
812240
784330
698403
160466
118041
136722
761560
842554
575946
725055
760610
58712
578742
615080
958073
492012
385431
697582
670429
347414
524067
438562
217191
796850
641789
411881
75597
444323
668790
449074
842546
56396
265470
507711
98513
85700
655855
907495
292618
578551
115362
412396
323698
902500
577299
747484
579108
355610
50032
530703
811190
126493
795524
272709
380713
262599
510009
51962
77293
273991
68833
707651
938692
750804
750048
909595
234067
904829
235133
262145
50645
259119
100246
678201
728989
804256
957708
619803
728896
815893
884951
443366
376171
185398
286971
10488
339903
553925
878335
929336
620555
759946
42106
276991
291085
111260
425575
419730
226476
774727
266494
596059
581479
140442
608512
256434
832019
361803
260845
763945
782645
398885
84718
951838
60563
799779
947925
206620
266198
143019
478873
199568
130914
533949
572801
124823
744402
798859
455350
318881
157453
52953
992502
434082
440212
131663
850919
917866
581683
969597
58994
409879
453184
387326
496486
810609
426593
903492
849395
198116
137648
128173
606751
473488
315245
13162
747319
601023
559555
735809
866716
575744
444988
275295
629265
798680
348411
803674
593928
369490
958707
858771
659947
916302
510689
891963
605381
974309
404506
191139
450489
597442
21144
367572
667972
841606
225245
565193
583369
993275
258415
301719
661419
933859
469324
383305
758038
828111
601346
647900
832546
403934
164129
387167
61105
451302
752408
172840
769854
809619
43539
470609
115010
35684
604644
863082
977265
148525
570911
923134
109069
332735
718539
779887
175954
248527
448934
201841
966823
644582
725220
585094
713184
298880
57771
579382
153581
923021
222387
210585
707033
557186
512896
265612
878061
155711
979399
394037
805933
517355
284014
850593
692050
449699
517897
53594
691920
73721
566497
166603
741975
472415
384390
724119
706506
466470
846723
916801
176299
160321
681201
527698
228076
43538
352726
668223
462646
855342
672182
401032
679713
124127
331575
56745
618557
279261
529597
552386
296370
499001
344877
301675
609797
6214
538599
370747
30281
352727
23810
377642
420099
343447
325677
259846
223518
642998
975100
441420
546270
780504
927511
119707
926618
222207
779347
361358
922550
416983
766616
448368
992163
236430
273098
447061
528147
29023
850198
286436
322232
586966
556076
726989
181836
684691
758619
477145
898629
489595
414988
371621
277542
68404
239877
964541
474797
416712
105285
109844
464803
924554
476519
102490
58315
957485
682317
736229
528035
280499
341376
197131
562891
381207
323259
56838
968482
359058
208538
755452
258759
938983
331232
871223
42776
340684
135973
162638
900378
188921
763025
838289
262012
385457
486195
760841
660350
879973
871808
323645
605231
575066
301385
552044
248451
179592
806264
576127
951228
684926
999378
997657
844696
280351
257530
831147
482595
946595
206917
637517
725329
670691
995363
188499
65890
210634
796574
500932
710654
604944
484933
362312
861858
170087
443765
532447
813613
557796
25643
650786
669586
554714
270242
504967
718011
698339
103402
723368
758526
456152
390479
142900
965300
668871
897727
73032
192273
194146
427361
427988
978825
203608
135119
231315
898001
384024
313575
310462
304443
372446
730073
93766
985489
115544
945116
298197
696416
484951
905176
953460
69611
403303
503310
646504
927482
939715
731659
90243
600217
318842
511758
121237
452023
554242
281837
13353
453305
464602
944614
557847
301220
160528
834827
705083
287396
699904
952601
689060
839110
501473
826960
463134
419000
279095
23168
963828
258457
713297
488284
189321
221105
812019
641194
330200
945326
929114
356576
222283
298578
706977
766653
204786
91287
788806
110255
61859
944388
6318
695635
101457
182133
890378
411620
582777
630556
774831
121141
641941
242044
467926
701796
585328
537745
451088
460049
920979
962076
831388
138822
780656
377391
821895
762656
448682
91906
353236
120261
558355
10275
530001
771220
142761
723720
37251
81755
133991
615458
275240
943879
93271
347159
954556
512927
924237
413473
119238
510380
72543
804235
82044
382034
247259
197679
553857
876014
12940
523109
328377
410775
696016
177693
243531
940152
925113
659647
782696
890676
782129
888802
601641
145815
979400
25660
471205
982427
697972
171254
611100
326651
723023
932734
156788
689616
294650
473347
549288
667761
655759
330544
966808
948236
623508
982212
527507
346744
636706
868587
884251
523379
638841
336200
5102
671396
844843
760204
387368
654539
909449
922783
688409
780458
265999
577825
772971
640903
436700
15867
474695
223813
928922
358336
948542
808061
926753
256428
351219
988553
363076
647462
728305
547526
114606
230383
409609
787308
845
362092
918427
370477
987612
147587
385674
675251
496785
599435
726497
167127
6133
875879
384833
312183
186583
771929
280436
113129
668976
834074
703307
436110
158390
696790
292008
914419
21275
497804
905230
364703
659169
519126
150071
331902
952473
522127
565833
591069
808723
597514
978742
177402
382063
734799
340871
790216
844058
730945
445612
222254
680738
504116
272428
802640
366737
356040
355188
709974
924608
235238
491274
411424
315881
593459
312705
414399
830151
998901
725925
979261
639471
272389
993465
434695
467533
546413
278553
261811
886613
312030
802864
168659
99976
214856
377917
963797
193415
88984
962266
155705
746817
476385
69463
854232
385142
669446
305868
730952
317912
135541
52752
507212
167290
35112
323724
681806
417053
428483
126366
984650
628252
681710
236077
348458
162045
528035
150456
27382
526222
219046
134166
859693
619100
208468
687088
571035
82999
851495
472644
445422
699209
673920
728540
653073
257335
867819
448789
17343
614145
804346
173699
27420
720508
519241
53639
459129
239753
322930
962733
53075
6742
914658
830231
317565
984181
638840
30179
673111
561168
811921
624078
836023
8716
369249
486606
550486
657945
434073
861056
521698
898874
794519
689011
677049
411232
689457
137855
687992
133403
750463
110110
22161
351639
424604
160140
663473
948853
711581
166665
37338
290830
588795
313589
608799
447374
69181
417021
83310
446928
439220
402964
133025
45393
858296
787995
95921
53380
165630
344363
150684
610832
437296
741284
57255
923940
563380
845817
671067
886513
874102
539541
88417
696415
633796
361384
461101
47424
42914
22274
230347
727853
240742
853902
773217
489478
685355
551738
229110
863805
202310
151543
579637
197446
939934
38954
892030
554328
446540
933348
4476
289703
93744
210030
831101
39395
110065
628875
895062
587451
560288
522939
660072
576342
708604
767131
723879
306071
337353
394891
961607
932043
758189
559938
262554
216266
448830
650480
590942
612433
476049
754897
719279
872648
124384
350750
132423
552068
440053
43088
281073
757419
720890
413334
575354
236352
335610
556694
252309
436815
639534
683828
525541
479103
168942
241664
230888
77962
742481
368556
518957
328115
575637
140613
13485
923796
23032
988874
253918
821353
103375
871081
171265
573713
533157
267188
808188
566469
597750
834329
487473
167598
822327
604813
157410
366260
70086
939824
698312
820892
391536
61863
561279
362757
676145
880553
228509
908356
916436
999297
633853
422575
684660
244355
862977
44175
243473
793304
164419
736196
564558
996388
545979
856085
412947
282163
5307
853837
569826
117922
749203
901144
212892
855742
593075
630555
450884
436591
100150
320838
17680
347798
919453
803254
171404
933272
212241
83149
915273
141226
18468
172243
759456
60744
908059
909265
377000
146411
286146
609999
671911
859279
277115
232573
973797
562853
199203
369804
300979
904330
259563
787591
892790
584207
249126
416898
501821
371467
697251
676511
258145
456898
158059
754813
270113
753712
43538
10985
510080
552473
692887
969541
948483
16446
173255
476841
345954
363844
643936
464188
590725
225023
984241
419346
977331
585566
784693
106786
362694
930258
731847
296716
706931
688332
878948
263895
108789
846958
287819
599490
79375
647810
51765
442677
462930
610618
764960
583453
109621
738006
90691
14072
132939
647479
198988
413748
343012
549295
493610
739763
237228
443070
228985
567834
750830
641271
329646
75551
822692
744416
967854
594962
715265
490591
229516
473828
942735
481047
504177
579804
607711
643950
71755
157788
924310
439984
726898
907900
714287
236355
181199
90025
702900
979838
414218
180588
512496
284854
106146
108203
354331
319200
778120
377061
552927
417860
290604
450414
202332
184458
905933
611207
449896
950257
208013
142922
130749
852210
790329
80902
734953
464414
772870
972911
979311
871428
889169
57397
577143
307276
96653
18926
151859
520
406601
12461
623931
663698
904444
961639
815953
144461
736819
230941
466706
116155
178668
647609
322744
327134
761882
506389
484758
851006
846353
628688
726037
984050
945012
767408
71645
921458
576307
649736
529434
110596
410759
732391
497850
227387
2634
307282
40482
50968
453458
940287
913634
122172
940978
351817
960710
962946
165375
755069
245996
806702
413919
356346
90483
243670
125944
191543
993637
920707
551911
723877
277567
451570
343513
660174
173853
991576
686178
256488
988306
509604
890991
978566
925236
650809
199974
758640
130339
224968
926822
247264
520113
778269
954612
397381
5733
410426
42665
437533
790620
984380
356656
792112
523470
142421
129215
788766
222312
90442
382712
56554
50168
941123
201547
363178
219229
517199
128191
265582
527954
907566
875408
355448
294307
741836
696469
69588
738399
103041
435853
4959
189056
233552
494851
429013
841415
705880
689628
208294
176401
527857
253735
691719
568015
730820
42720
179644
50599
349771
335391
485852
695859
346065
494467
756787
558130
946060
148753
150848
686477
73236
489639
200291
273478
36674
736646
679245
613076
405344
819900
583597
173700
45550
851830
391954
757852
627948
16049
121642
415699
520917
88293
819649
507694
878661
922456
35676
70089
905283
884177
512919
427196
730149
395088
801924
815583
65244
462761
753861
637892
831788
314543
881761
847794
241273
27895
391751
882596
395130
355493
281048
506348
327653
780300
275450
903779
558338
203935
536280
374246
642705
571129
5223
14871
914743
163670
975223
853342
599463
259210
976590
993409
740682
343409
349666
469874
936962
88366
938909
674923
707774
865906
187973
413939
422286
651221
541306
876473
114780
790541
465074
66824
183544
255900
588636
528751
924222
690743
437558
520093
83908
762031
980123
145635
138904
77663
741515
340343
796905
202446
553329
10120
303485
111513
100804
83536
493076
757002
306122
705524
166285
291965
243379
312806
298196
894912
719278
870877
786448
69022
873342
123649
933189
752009
152403
309392
621651
565766
796381
430413
195904
59331
535798
828940
381483
854392
546243
517975
194900
189450
830952
443417
681681
476930
109902
612533
495408
136943
982301
813927
784351
152063
599073
475398
587616
499406
332916
58669
959358
859447
965742
273709
337437
775437
726778
310451
252013
742945
109344
231970
329916
545963
770286
650729
692238
524166
973277
818313
265434
355351
975677
299070
230346
367734
478374
469402
818863
358685
758981
186968
934610
389681
391022
107869
621827
51624
515198
294889
235762
250375
473555
956208
278230
649250
243341
381479
253583
523385
514602
401017
573204
930307
443989
983822
490744
781694
87027
911502
285631
613236
262032
817664
429055
592665
131128
266147
264401
580427
97245
956508
813271
863167
710754
591457
678556
517066
155347
418481
657613
226263
539980
966681
601485
781014
662220
39888
260169
410869
128015
598417
339314
570107
713918
764348
760319
785794
639993
819014
163657
703278
985144
726431
24351
519559
821291
412665
358882
581930
768837
758695
894413
47412
583055
23111
744047
147941
69540
201023
85972
786931
96565
646848
79661
904723
723181
141184
268920
293640
494109
465760
19428
317735
765956
465506
117494
298022
524025
523060
517135
160859
524940
348576
364163
315356
757556
996481
848827
625044
153098
60878
142643
769770
195179
72578
660441
255623
581354
223259
155183
823927
370072
676093
701045
34710
110366
887150
449291
355735
296364
558254
151842
175091
114662
69430
839060
773511
859829
497935
711090
441994
581807
620854
256226
610973
498678
619571
845107
69174
459244
556935
566151
93506
272117
81745
865502
585692
31466
230209
633844
117064
664303
640343
742798
119810
800183
972763
675224
331159
721382
840192
816598
996406
590140
87951
178734
267302
369243
839080
812460
694311
853224
320199
932503
704334
9660
118069
825618
479975
393550
181804
942179
712036
742465
582008
181726
283876
986143
765632
274619
64428
811424
804142
334772
636061
611909
922624
112560
964168
121449
418742
212315
727251
281522
933017
555466
269451
924834
915646
668205
911887
670902
50184
951663
664814
24139
340620
952946
219549
40930
545998
796964
467261
89398
655453
361854
691137
164065
136629
484897
9108
937306
761686
471159
606228
230509
917682
443729
788953
870031
441881
622227
918011
956582
187577
445415
832179
421317
722338
564034
462218
367969
788076
121647
952403
107529
411169
414073
756434
980478
840880
972144
855265
31301
815626
347824
456217
350987
9171
400357
275972
435440
892605
676969
784420
221220
663043
561721
592002
554737
336211
226489
500126
727014
577690
59639
602367
363354
356312
170809
223599
395731
43296
774329
414857
65433
151973
739142
183659
904483
515491
359706
632652
426585
333683
450198
703893
821801
185324
193450
281722
293920
798282
786396
994095
805433
97621
815409
170420
902268
810486
467757
63354
978909
696655
139514
622663
814252
294926
735617
821191
459531
928034
974337
776123
591864
592608
306328
683151
260454
275699
637465
886824
547208
185687
905090
247256
39502
362958
698838
331553
170061
144475
540091
857723
417386
996447
138218
249492
79903
300583
927083
122370
837968
781926
451929
14482
600091
400106
724583
700079
193245
690829
494039
979312
301806
740757
489822
924772
685689
206454
87131
183459
115453
46847
515627
82259
650614
928721
687822
965664
857161
586034
958372
406398
311217
766383
642193
672765
268033
781738
917164
110952
688963
95615
816271
906190
913817
825121
374420
23570
141947
513873
636734
997514
542640
40556
157990
638268
253915
67941
826992
654484
748468
8472
334975
652853
46581
85057
373787
968926
37947
699499
697409
307665
737907
986046
509493
227933
648286
123806
249956
92059
518998
709345
745247
219745
713829
249540
859775
635036
72266
624834
240085
975719
628978
194284
478708
846413
803528
66391
41230
139814
705123
943424
597960
624954
10682
862053
980693
406971
469234
99339
845407
699867
461630
490713
263336
721815
201777
415329
885711
422060
104093
744246
31570
179078
561592
118163
33378
571582
879983
23970
441817
817150
395420
273183
238927
497629
866980
650356
37922
746158
79701
695850
358322
157556
219978
814891
456651
301994
992329
163638
865829
871269
635055
52988
750436
167682
961998
932199
420442
857417
308616
366872
862529
653498
792807
809691
946050
867797
614374
377323
39714
577254
211783
293170
135484
486361
970818
133211
217737
436140
836963
520976
538620
909253
621836
457694
664612
811546
13709
44992
644674
272257
303132
960020
416953
198250
616902
676700
618864
842087
17107
91814
294493
699397
166672
910936
603575
637905
388855
876774
527948
278672
855322
681244
744204
299489
325934
192665
285375
511055
333106
450742
349831
268446
954557
734533
632190
23597
350510
892410
848866
598882
54878
38037
709994
67586
604694
662693
449840
963934
468011
191806
169363
913545
387756
22337
667494
674570
197448
117728
141769
10437
884471
308360
124312
777061
177531
548080
285776
100506
217161
511063
287673
545540
931635
78398
692673
731151
585349
459992
52751
936039
592715
925004
686699
855234
97861
372748
331355
818426
8869
266082
805015
461243
145031
770565
56828
52639
906594
295226
492588
424700
408652
14550
265192
725623
334361
366353
297122
22232
857350
966493
162672
115384
859190
858892
599225
799703
325020
528163
339774
198558
238870
642152
162931
735823
519995
62985
542060
767902
542477
267791
41764
892631
562584
954007
657780
476123
941863
269261
625484
994257
398661
802069
832520
372432
646748
197170
862677
625385
686938
18072
871022
748257
706092
269443
944338
990802
7593
813262
336329
358487
648392
765195
983616
427455
489903
841424
6411
334689
183565
541232
476866
110416
206540
996905
598432
356674
439071
300069
581170
644157
932184
122362
920815
898837
452935
488384
493480
480555
114117
630149
863255
617669
896315
954813
466542
355016
152436
291238
884837
196856
248290
745981
246752
182141
337571
695599
910429
216352
895507
669696
969115
102320
42730
137923
795484
861856
879348
504189
794438
620687
18955
932615
769424
541089
263285
982326
823942
29815
890432
411942
517756
723265
343058
929680
76420
557578
197708
111266
813079
568186
172352
185392
563129
931570
586487
895250
855133
161349
126615
184702
745540
301507
989638
28946
730052
421480
477684
332072
911131
710989
900102
447682
648972
996896
201868
543809
252354
560068
82316
729639
876161
717104
494148
589082
683953
749982
319848
525041
506808
416048
711147
108250
683779
451505
46872
445847
504647
193395
715530
437399
692255
688290
961156
669860
659562
430292
844488
618006
855658
176620
966203
763168
375329
125966
974963
220624
148365
112976
40226
474803
447657
371611
408269
861496
159224
850830
879580
507540
242676
27932
546767
541014
77202
658058
414342
518737
936038
922785
585248
182922
661472
996391
543667
855125
722777
135290
689688
3162
231093
14306
688592
775450
158097
182851
386012
587289
959437
194765
9942
164870
39226
177461
131552
805337
8517
349199
388989
995031
488512
267723
291826
943067
288382
399158
518528
33704
147903
932980
995318
678480
876730
637027
702013
557905
644978
945960
588897
782517
383885
407203
208430
74405
740671
70350
666544
672852
798318
399162
280541
301523
818861
809698
894037
199669
597840
993801
144173
916121
627971
774050
102250
292349
161646
354475
616196
819706
434744
480735
371731
345959
768356
204125
158853
927538
333
655694
81197
476458
715210
479915
478097
734654
38889
351770
142622
23519
343572
306772
13590
162718
68779
450355
895565
929882
5905
981244
918020
441600
816600
362806
383389
876131
259369
907077
373391
29585
584148
998039
984042
299818
821194
673923
341954
826130
238494
312698
618039
677826
70996
720578
99413
181065
735318
10315
6318
700886
135180
274163
148081
454151
335676
205864
700607
219148
838594
506645
357638
128892
926332
122108
858982
87719
58589
100122
431142
734522
103828
134158
989251
291068
266635
662254
43953
80059
932441
728641
132831
975209
292661
683269
253228
554338
536190
193884
211771
266563
597261
975932
25636
495934
935040
107532
511580
6412
586939
789897
980964
886870
785464
937981
522514
779842
757531
41841
699246
874027
935523
326060
611980
868098
700975
352790
189104
872160
954612
863354
250705
3231
260577
834035
364921
252416
48034
433571
765345
53972
369932
813058
630535
870278
16562
433370
840167
21718
360659
940861
917084
936827
171129
439049
240481
975544
774099
372114
772682
987231
362828
135500
480461
805151
962137
959522
351555
950374
538346
573843
408024
920649
12310
653819
400323
573525
481026
74130
929421
278089
782340
550796
589061
705951
647675
339550
346184
359639
79271
276772
784807
195390
261304
598515
27106
987321
268344
653907
115169
401281
69942
841052
387892
99215
846787
836770
919685
578658
431675
465898
401148
867024
767658
361562
936606
636625
636092
904709
109359
783925
548907
799410
322736
25297
622254
39783
863514
601593
452815
955128
354002
755142
503385
481713
260037
245317
270960
802858
904409
802600
558406
23364
998671
86116
499870
599987
51026
405910
600492
836592
133986
198745
942514
870768
402671
5035
882796
228107
443154
484517
20802
201024
999940
829600
951501
20877
882652
787834
334226
35361
884251
388746
106352
877498
356550
385339
249824
918289
683545
366807
378831
131919
269044
476597
558606
870656
812305
678714
188124
945935
583877
555201
483602
842807
133552
689038
85044
856862
363324
789219
574691
435865
180474
848570
244057
32783
9376
789895
275371
332548
285340
252354
613574
801784
679799
397483
196614
128932
213358
873070
884667
271587
601708
363155
382972
508547
149135
473676
688355
105976
255323
55861
106091
950241
133390
453221
681627
774434
650556
573067
970779
411189
297584
129732
432357
841390
169097
884261
368804
676474
494117
214068
263255
111480
694634
886147
565546
316641
169746
478678
465031
697242
3888
498427
954699
444623
579893
875131
538907
325627
641103
179071
266148
713451
691481
604361
378653
449766
748646
487998
762187
246162
371971
893504
552283
982359
576391
578056
707243
439293
712248
483250
93586
717130
642523
742221
646247
831379
581006
79610
463635
754729
768425
395908
276823
477871
758309
274009
592436
499502
460312
123321
950440
523853
245959
685605
160876
43516
360258
666718
87686
915988
602342
329743
533120
4279
739278
987530
42830
445096
399413
466451
999610
132520
255116
778215
202808
560756
149456
432886
240842
256469
447404
53768
355810
649353
299297
213631
172051
379025
692840
701782
614617
716974
139614
752755
578974
994226
593042
119981
429831
668549
727004
261533
204858
939420
17742
320116
478182
624659
166462
25751
198839
349550
275966
127139
461039
967402
851929
466479
85880
529963
137862
352559
98304
56732
512566
458230
668405
814132
679835
70887
852825
808683
162407
158419
519794
722719
175634
378073
170511
576861
301054
852011
979886
990365
506062
260850
271270
28642
963058
565278
812660
276637
809956
455877
775963
957458
463661
452562
936242
627507
349090
427602
704502
222584
938536
209959
885383
3800
809671
843740
630262
257839
25189
19823
916597
442998
513069
177282
25963
840600
283688
780001
916072
670814
258449
313929
86168
62534
204360
621698
520551
228938
769948
293873
561573
693461
900120
969894
111312
435368
971076
566813
390220
379752
831091
650196
591409
743720
558965
389133
160811
368661
159163
796055
106343
317942
601154
242126
693266
700010
580160
560235
118304
888816
127546
400188
271691
56621
731252
884453
494144
208675
940200
27881
314898
714911
521291
831093
517243
670723
113615
434772
519653
287047
981707
230893
983418
909384
908158
366948
761791
196079
485635
650524
791039
448062
69302
464132
290359
75444
432921
933958
685492
710747
735314
261279
999953
534256
748665
821529
68168
963839
426065
363586
816389
979789
792958
400607
30116
4636
835613
673797
480877
438549
529473
391774
20523
662854
401211
800735
267850
567358
50553
524425
810175
431610
871395
27938
421601
295837
806474
505679
660069
794271
345828
471336
346890
791710
136516
336535
855300
63561
509522
304848
838674
690329
949517
979149
14419
799350
34126
182826
886116
779823
651552
629163
834388
121520
368920
238239
836030
583285
668403
96974
181303
484319
394174
285507
950918
529396
160474
51861
687035
728612
659528
106899
646762
652894
777804
132873
261950
478422
180055
951384
945705
16298
552836
180381
183862
198182
12649
624861
928812
294294
278599
92205
673373
477105
85418
800659
224036
212177
969960
58216
115759
357058
2708
429224
814561
779771
255602
177329
339561
770374
798444
375886
702673
512225
798379
710783
612029
403986
860419
665635
214323
79092
91711
475623
261583
556300
498211
963778
979524
73100
229677
132279
87442
803212
877356
171424
873752
840012
498451
370162
966585
539677
292469
264667
455501
561001
886747
245175
318189
713226
1931
756396
685150
28923
862930
173044
335709
315851
96826
409629
960289
809906
16442
332382
146751
450658
126776
81280
752684
731670
411201
481383
310905
39688
455326
825260
382007
889958
748641
442063
315669
489331
567538
633833
711509
614517
688027
755947
980658
879710
802452
446108
800788
86011
921722
265107
930217
494475
233069
302602
800795
545275
853053
622464
544619
757382
666517
774760
626259
286335
974432
985256
49991
892089
987036
48341
190661
874575
293390
395575
657137
871556
314477
289591
238931
281475
404177
601890
909395
473467
700924
173084
63019
877314
52594
325447
649706
508074
338139
700164
635491
473261
291703
225468
267036
534874
498454
686874
946319
854239
576066
67041
132312
634523
681782
550288
578004
493985
392196
845623
384029
52387
691404
272152
804205
393703
272842
872040
473687
780150
611178
668732
747018
235725
292784
71918
131204
391876
906838
345794
378070
293569
393801
3427
660474
700930
124027
967595
398578
789829
136440
347254
725219
54164
905738
718816
283529
643269
726278
872722
35291
329791
301793
88333
25146
796556
412299
133935
593584
955322
593046
353724
360785
566024
605075
399882
413707
512001
102944
395441
520425
704872
312377
572391
868583
742132
719109
719526
778910
121219
739891
95843
80119
25701
97606
817796
348091
442402
154696
112554
10112
642706
772534
244400
394031
866934
359145
367731
162544
387600
643619
37647
214431
995535
372820
617898
57418
352253
564444
366017
861421
582626
170215
546724
886306
943831
3994
527268
744889
399699
571791
442123
9742
454014
4146
679522
1492
651978
636080
138570
206639
745950
905788
933269
664512
639769
150473
978506
835871
875344
566201
683166
919706
605896
68367
796763
320188
712108
40374
308557
982313
960655
990307
181902
612602
878954
948902
621604
380376
325663
36805
518372
555425
573363
5123
691957
679526
88030
710464
563404
292097
89308
424158
926840
934391
406252
595087
562532
141964
105161
186494
535490
401784
859224
989412
157662
598164
54177
378787
756831
300832
179795
823136
591586
358784
143966
84523
479303
655188
764263
452884
962849
551426
841353
547207
131750
502502
899207
185778
534882
561361
889047
578724
974262
6290
897081
628257
353294
123408
170509
435542
167902
255363
581963
207821
675238
587704
989427
635398
252193
785983
816870
465331
964763
519525
580226
437135
909300
111876
14040
965543
458043
43298
915979
956341
143788
797293
819600
923519
552402
590980
130172
139453
256890
858245
414008
894579
523035
964950
118686
68965
244159
527082
119690
125443
321334
875564
138435
322420
495441
665575
257276
414225
458723
363549
469051
357821
926054
361651
441832
576934
229911
767365
454017
148136
918087
494932
760504
868138
779466
145723
487672
537532
700728
306255
522978
953441
765623
315381
764478
42017
48522
256304
526159
281447
625215
914409
856963
67127
426469
708524
24479
952843
693665
151044
438745
765330
960860
221478
847236
434274
683903
148326
719039
5789
864779
485785
354379
714668
278158
44643
405067
179147
197141
190818
172130
751651
836496
260356
258753
809999
84216
356296
899870
305724
476029
590660
564136
199687
782502
913947
229671
509853
24700
34830
71889
572096
211889
574382
169902
772126
603543
522011
237357
445087
837997
264343
314304
859134
841326
943718
818518
200240
32606
669483
347942
257738
975493
153185
150277
73557
291080
667830
231439
162866
343301
841733
661498
39776
935688
689098
754902
689016
17053
452305
451172
312959
183739
284987
402945
153091
587353
540332
990143
436011
709426
445648
722211
526261
348271
242079
264785
181780
78290
447455
632809
402472
388334
760630
929041
738397
683209
267238
375054
81277
341240
29668
281229
901518
60823
848153
32944
612653
800213
965214
132028
246114
717294
752321
825754
901431
649903
965458
880037
500473
842309
985403
609164
219031
819718
568872
361323
595067
540241
28279
277328
720127
212532
430731
289370
108941
457359
360956
7297
811924
812635
28218
351814
86283
934005
13902
537181
473680
226856
754256
280392
445822
60643
931926
919478
874151
162764
310234
460503
455721
266678
185779
440969
884598
597839
557774
896783
996620
320964
316634
650578
335022
643534
239705
601108
585477
872892
348587
686613
111275
358128
230392
719425
382868
912983
254353
344796
440722
12272
225576
963820
656409
781874
909296
578470
964080
561146
31891
166232
422944
606613
818964
372416
441118
327123
866202
20213
242161
293166
155274
181661
187861
146847
324929
327145
384299
454053
886512
376704
592955
486638
933510
313319
844589
899991
36299
386552
310854
280124
436157
834280
927094
574492
356676
480976
979475
492007
236069
532851
370603
60279
950479
383398
559994
661875
646242
267229
239236
36462
628139
155811
646424
931955
861060
375582
50410
315353
34080
47136
342637
312726
808790
593522
862829
337849
827866
246429
554486
190289
295162
690891
297159
256266
455252
732339
794685
329407
98182
144244
712024
983559
294293
660222
848102
876110
924332
411449
8005
837797
211673
978325
895119
113789
386314
624805
782279
660844
814411
214437
940714
976668
412500
769077
806563
540103
932089
624419
646936
574573
748238
660873
51021
512279
114772
144020
916402
232890
459170
295748
726781
878025
181766
835377
824499
801638
596723
379456
69726
6402
106383
769618
747933
237544
435924
109753
838215
758055
771847
536963
787281
713042
945703
525146
747387
906001
383525
825734
831215
756082
401830
987019
312706
182953
572614
761682
860029
174684
302648
611513
825403
834066
476462
949035
336160
770117
997764
717588
432471
804029
330658
404670
779324
92620
689835
607663
543870
937394
358067
826824
873949
743575
719633
247245
39596
821067
989953
889740
706551
978031
294520
659946
999275
147846
704351
505662
980704
611490
70504
104308
926934
729925
16841
245584
307277
484855
248027
348822
693601
541270
408894
360152
917570
991461
91640
611573
670410
417770
228917
92135
397033
420071
33731
980886
774834
294070
851190
221870
287199
117768
772444
383414
402738
105988
627822
37076
653502
726637
23963
416044
468880
737438
418893
168462
966639
998137
839308
608043
28534
640737
735947
982516
895114
939090
645802
929851
202884
9238
783971
472894
856641
293166
423365
614919
380843
631162
937039
841814
426048
611797
675790
611001
919961
803553
432763
212854
947352
418407
107156
227318
819071
935265
320711
166567
947639
219868
163544
793975
85330
717875
949950
40318
200433
369102
850193
400064
768320
993434
530865
183746
536190
32715
484276
26843
883850
697968
556422
611263
747576
767580
293433
642404
700132
509624
118014
742991
187197
460281
20224
74230
108971
80376
401062
175546
905423
633305
942662
726053
54640
980195
895517
674070
425969
371914
970979
455423
243085
732588
106425
826931
506896
375579
730777
178382
604123
570410
799713
54480
484665
887902
792730
17655
229286
790864
68335
913281
48936
508913
458981
60775
757967
838584
753969
887218
545731
143666
766406
44525
434532
495716
9378
106891
156643
591035
616881
532131
309036
807896
36630
688696
551743
526604
194731
399586
304222
625040
286307
635001
863824
883576
81495
697531
121443
885846
652872
486826
81663
885596
728181
205088
208169
24912
451350
170437
209944
235393
195159
242057
259735
131383
210470
729246
793493
213160
319846
555875
977987
738033
567432
882435
653495
688560
722349
349764
59478
369677
799462
601715
933339
300275
309207
768438
635879
229837
777290
147603
801753
307011
185405
407817
639249
654553
375730
256657
410881
863845
134805
665124
814835
212251
626505
421043
956960
727842
79156
995779
354040
578580
148476
451864
941252
646832
175831
393507
370235
565112
640437
767639
978895
935264
464463
660051
690058
930818
471616
99355
753314
991038
222613
280906
682857
855237
655066
553486
963866
757218
440656
973477
100943
202217
739068
224390
364356
382547
76010
224066
153294
953161
401738
797489
240100
584644
996887
380100
285383
438675
783958
834641
921179
469822
775715
113994
387772
247516
845821
683108
179539
813403
742383
325075
406138
941756
281721
199522
607605
54457
957468
795949
575382
957073
779261
730267
326048
508861
15607
169740
750475
317055
657120
39668
618381
554588
839162
64590
556711
40446
167052
127412
340022
793128
872329
391838
332001
370228
995161
126580
199493
440957
335869
194279
83884
203443
747607
723732
259405
454947
452593
570905
933906
350674
455918
792416
254886
145635
803769
504545
772011
504076
387035
181532
577112
282249
226607
658802
93619
42874
693271
849947
19591
943401
912977
460696
242036
55231
687328
788766
634861
617355
619518
35415
528854
205387
777534
422667
299257
305773
149287
809593
955001
324990
348449
431718
833403
634843
515115
849502
505084
857501
122007
185053
776088
227703
444817
250582
237708
534610
784335
227850
159171
842062
138421
144702
644396
913540
913425
512988
881192
26922
437561
141573
999792
654162
492795
318802
527322
302312
817202
270698
675779
664829
546311
44342
733328
115941
859845
740289
642199
495820
679320
323543
441194
80670
122375
79536
626795
609316
561244
149701
644066
246714
555696
480656
657068
404810
634805
951685
468168
412483
887329
407102
956670
128846
587025
813259
689351
727954
627108
784364
419023
48016
367164
276953
31931
94507
606147
339752
130789
514095
786751
423863
847470
115100
209223
907573
667871
800241
986862
170805
21153
598711
710737
766104
136591
837158
307801
976217
203431
872949
374410
322778
182700
228124
346350
396219
714564
408731
226866
713977
440880
171797
235724
182240
719746
510942
665259
135839
147393
171710
433408
861620
522441
78982
309106
972499
888534
661341
552025
992581
73616
691099
756474
38151
707542
923687
18386
534985
44497
516428
154682
499356
42625
934241
595878
28288
60530
808623
745675
293985
218766
6266
55363
518081
944184
985009
796224
113214
465943
367291
529721
422639
64265
545146
573108
262977
686445
45725
337207
780878
139392
332717
273434
971280
443924
696492
308777
573124
93291
894644
70258
957777
896847
244607
904537
56107
809564
941339
683649
332034
648995
475580
654469
303583
883589
162000
137369
136853
739676
951576
708599
393982
719210
898848
611315
103108
246308
882213
531748
936506
567868
434227
549875
432450
222012
828928
28043
877068
357832
894454
436371
674328
940896
371803
630322
775482
411191
24345
893727
13706
673666
117756
139608
995317
396252
336308
21531
535901
466227
679017
349795
497810
113010
387917
129638
284928
643940
500777
742713
181254
959347
191869
278479
181776
14167
666929
788714
957262
175602
12238
286226
119017
989792
62808
637954
5316
215192
50919
112969
798143
106345
523822
237513
897005
838916
778183
782067
126055
655406
848903
159510
531357
780611
911238
248826
237098
406932
807658
675378
72679
81822
294709
876653
457048
643172
520150
861449
332299
443125
186939
430861
775467
976820
838196
771003
285629
189772
706018
750256
642821
676068
607110
957946
665946
699316
439452
506688
158776
469210
936768
887262
826298
388859
471367
712700
968072
51453
860932
17405
310950
609595
331168
887447
430386
766603
13714
589784
827768
46292
617544
41035
880586
186259
202106
410490
562940
469375
301741
887434
45783
559202
3468
159436
29467
937268
963996
946125
935595
353599
766885
12055
890797
796646
467045
442639
772017
364717
647306
608710
451028
78256
820611
168134
775309
110771
551357
656988
753092
135966
240780
708185
872310
489579
123748
702015
476300
626688
658161
700922
643586
918679
153174
849959
74683
178850
178751
34684
75807
431556
26613
479881
847520
347050
251399
145349
935774
452649
110938
229073
883459
700569
545784
823483
832492
223777
190734
787064
69644
143386
794809
191480
283700
104659
341244
283428
607248
813355
105313
760832
353259
220166
865332
304560
724826
158204
491019
729703
675817
176975
173381
824582
530880
36008
631614
930950
935135
822277
735037
585520
197062
937790
111867
90749
112509
267188
481682
711927
913403
679917
644701
307996
71663
647537
288574
595084
306984
163931
32118
914616
296551
344664
415535
331966
265456
51484
867877
126954
848442
638900
35103
254102
356810
452034
235848
148405
858725
18391
227056
331498
286805
970946
907935
633417
123818
615896
68212
486781
85459
715667
795475
673060
618594
496245
696407
104709
964022
107620
658027
712278
994738
767097
477569
272223
33810
597491
323450
59012
380429
735652
654778
534171
328336
631538
923180
895330
47758
583987
108233
199881
820125
466609
896607
950731
764295
285659
105023
485740
373626
681499
768469
247774
895201
736234
167613
28911
825628
482317
953160
580188
572294
320411
439949
557375
634580
149520
89853
633626
496482
388371
180091
751435
790236
224257
662368
909211
189961
364038
258272
581845
925006
281699
907658
860036
764583
457883
789301
659715
818451
388988
266850
900767
522817
206944
278212
383358
736298
595483
882724
200515
957681
314704
908057
917223
295405
52949
897554
419129
968082
513502
848762
288084
796064
613338
555202
797061
355942
422112
715945
133626
213063
1839
361386
258966
921540
621160
558602
888595
286903
912829
806014
441196
723460
419036
4570
443671
406582
626400
401499
803329
319561
30946
442672
562203
225345
993108
40962
233910
55364
143771
370453
589985
200823
884604
930225
810546
716280
89387
286403
243208
500942
457803
597499
624512
110069
99094
755592
509767
967028
830247
734681
830030
395936
361827
527601
949051
75515
14317
874155
328378
226692
858787
835676
925402
89640
207953
155016
746978
20356
197158
255993
560375
842565
789534
682614
623622
927625
915571
755955
438970
843294
614580
235324
955995
311611
983954
810420
354989
646831
461927
322456
526654
806254
470444
714766
630668
679950
727034
847206
663606
269812
598007
473699
795745
964009
710077
878549
346661
199845
663420
894716
661130
426195
96488
285996
819691
426079
541279
765125
72310
740625
477593
241099
118984
147583
745683
241523
877667
890692
9009
839635
177812
630647
272251
830648
896856
894069
554447
348355
417405
133766
693138
590507
924398
381789
912593
830211
984456
876150
227684
430687
53649
972778
974704
151976
45339
116154
761380
640748
856296
635285
910597
628145
797179
656040
35783
25618
202545
476579
730665
805044
105935
339477
482056
276887
757141
652350
821592
139037
931659
358179
420771
458905
436397
337193
303418
572743
951078
434100
600644
738596
361372
947605
305608
263174
37655
193577
298861
737893
92362
58885
509789
965689
509302
299841
455631
137694
179856
707351
556795
827686
303870
160291
565648
412257
317118
19278
165704
595919
492608
274946
299102
822926
629551
357963
62486
491364
791720
542477
74894
50107
885987
430322
65958
255530
982188
90224
58731
92395
667085
44433
928666
122128
398017
444605
308726
311750
775962
459417
780382
717987
893055
108332
41186
753651
426238
519077
271847
147159
946546
860820
239236
121104
992642
10693
766430
762072
817576
348221
76928
31438
359329
940387
177356
375682
908558
779467
881497
434775
151076
666449
298160
918499
747921
794740
606428
323093
382507
82053
724018
794407
252163
822771
