999996 9997
380765
991307
66860
975891
870571
204582
294327
402191
79572
418380
625575
205390
491931
190058
766179
44735
88089
791886
50751
958004
601444
468650
638516
758360
831172
282796
504663
157438
352026
914573
514103
541199
861376
723120
904357
29212
834435
94158
575519
433335
120490
600935
687839
998426
606171
787282
201226
355506
96156
445135
156008
946950
117413
103589
690598
293583
439973
72534
19242
865216
725392
791151
851793
988956
863493
420005
27545
183754
238612
585236
456390
545008
378519
934281
813149
319627
182324
694822
814691
609815
198105
742106
324493
222944
226656
774535
975602
45236
864670
73368
480474
958567
468816
979645
304981
242554
421632
659876
923881
608215
510751
951797
446383
494808
694961
82454
2919
28080
523702
833116
918089
85996
1069
288977
359723
247137
741024
656353
850337
7279
847431
756037
754779
541296
70716
708723
616654
460366
442351
16870
6151
468553
769025
717098
363201
558221
80281
528221
172413
400290
366573
952197
690032
883250
719091
98788
358214
333895
288380
599448
988177
813137
315700
351905
771356
21841
859204
994167
186453
774462
736481
945128
910318
702395
635607
568702
911914
834280
308834
519366
11102
967104
256141
609228
317837
289809
330344
600232
132339
550212
251078
169806
83159
166373
101923
924251
507534
75183
503067
741408
337268
783774
301347
912592
43377
43455
300149
523526
514052
801239
763589
264981
93012
600616
172517
396046
389120
401096
984363
896446
883178
865124
954438
939030
804087
521343
913276
689553
224122
854761
762737
98072
831844
297260
852998
784790
381204
295946
833259
342872
386717
122227
530858
381754
237075
851089
406699
416698
533405
987893
659269
273796
123366
549124
105222
24383
998630
13866
551390
588781
950765
454387
491271
56513
639382
327067
608435
458627
516409
858993
749975
197471
871674
700918
745024
590261
117484
533864
686548
14982
313719
614505
68996
960670
849951
823575
480113
878824
147430
641887
382079
108686
221291
620161
885329
306356
952138
331697
317833
746170
956187
501050
823242
582521
14460
987193
183264
661250
124041
566275
552765
751983
368199
6921
820518
136266
967239
760125
864191
331049
68195
696141
55065
353088
59064
712382
986148
337033
452028
709170
546771
508443
670170
384313
147392
482725
393485
532805
110277
611933
472510
54566
984867
633616
801690
670982
821076
189380
959649
430120
239407
875529
869808
440814
473705
364165
212337
917462
430517
790324
827227
540186
208456
39212
888277
339133
451616
787332
199129
797043
373010
152277
564970
630799
277163
588162
827347
760541
935401
227194
814564
304019
223061
212548
156423
44212
14719
693742
639602
709846
451759
62897
538771
581293
345954
698774
148569
388429
663443
955174
562847
202393
745387
381288
600164
39774
164731
193808
658238
195631
892948
834069
195185
900808
756280
38247
481573
759420
997917
224580
244941
563918
130704
158843
837161
508050
164410
797749
595096
522108
722216
929706
136272
440208
523033
733306
433851
975942
199397
656186
648946
30625
445113
80330
863376
687414
42493
84656
52263
354973
405920
241669
863379
915921
896665
792221
28961
408187
313283
730867
525752
721471
642570
304044
920311
26367
368002
174288
689162
170315
375706
35914
687167
72405
772468
781059
352522
228119
735908
409737
683081
795511
853894
753508
496237
375867
278416
739592
993400
524776
418562
360756
190126
233633
827905
736008
344253
106941
403501
648103
116943
727386
6904
726132
835315
748522
141983
4879
890379
583973
379989
937425
291
172451
809272
63404
796479
189455
905167
442558
948979
249389
865004
651734
837353
95934
633866
613155
594866
513856
558620
772817
206115
712036
850913
180042
222124
225360
814253
832747
571924
962209
95930
247663
895940
884647
61483
590755
804067
949982
757545
860308
470063
365265
828352
553594
13965
910354
181819
967823
195501
70561
163057
786981
44020
986457
486305
888449
184247
776303
200726
366743
782206
615659
521137
616441
231958
69055
441675
942341
931313
560259
668565
572146
753492
540473
557563
135399
111743
867928
422326
642169
835192
147685
791845
745925
426776
297056
938282
607296
657856
399899
270929
988858
869202
992163
997699
305840
794261
281396
792446
233613
198228
444522
74607
130042
135176
71078
907040
969266
165568
23158
448623
703204
447760
468708
360078
968044
219626
611379
554650
835210
820251
688019
209694
869782
66662
133990
10866
104067
496847
426823
187568
659981
717875
10350
16399
661159
856699
874301
118852
764154
901277
818429
60095
107839
540911
165621
467636
731087
967291
705017
131798
541031
981454
944027
324383
727694
666968
327245
877529
115493
835906
940581
401713
318105
431721
360578
389985
720404
81924
731690
854962
249660
33505
858423
575755
617919
775340
84591
993916
218446
754322
998524
290673
141361
725812
550942
202120
837052
443977
1288
684692
800696
593915
218675
630182
277183
94989
255208
447707
392957
163586
782274
479459
309802
813549
934530
897719
965263
793832
341625
942554
715447
315450
644330
102756
728097
303603
589599
117012
287381
325882
878145
477951
266498
793742
298532
458629
900238
512006
323326
549180
646817
159902
265738
590775
366808
827207
299268
824681
266705
300363
128235
536154
55635
395938
863658
966040
545973
272634
706819
687378
492063
318055
371926
699969
806003
902747
789664
82789
415412
21559
525018
162270
935337
601168
515579
803922
14911
42640
190689
615394
689129
389204
767101
561015
317068
361934
533433
731006
720097
389840
233569
782974
947125
675904
238233
878956
688637
286885
54335
778205
737251
232245
863279
114067
49764
506362
202273
782710
904129
108216
606802
802142
364514
124019
17736
961854
768602
60821
23198
76598
233490
752891
553126
682222
240028
327724
473582
567140
200190
914806
638223
619954
537995
7821
345929
91865
221780
649747
826440
521977
874063
900367
329979
254219
554967
366969
632149
686538
66184
931569
282032
136205
154627
191792
719242
479435
308457
547545
464808
529250
932848
311957
951084
452372
568866
702557
197530
394137
476039
77467
462007
879818
337680
321437
201376
491404
67768
857812
160509
780806
699137
365088
175456
373628
114977
910481
324309
742044
949109
877987
388486
180987
325240
764683
197417
108782
231362
646589
321297
931512
232706
874157
749371
359808
915105
347535
645340
247441
920402
543005
6812
732997
686452
314575
72355
709068
36538
378436
617523
417824
576484
303111
860344
277503
452471
774330
557127
881223
398540
881267
11011
477752
159996
179537
138566
143227
317408
326386
443830
283511
255605
154809
734538
68779
523074
155871
681889
895091
109377
472272
873044
992121
231671
671271
834673
851878
66166
761345
616190
240171
486306
144510
912937
170727
276717
455017
382422
371293
480397
525183
760826
451711
506398
40384
622325
195871
376195
797811
140405
142616
19173
867344
8166
895079
841141
367962
753747
403596
884503
19378
47319
804270
774709
106155
237735
263393
304803
300
279736
677384
948401
928440
416746
8531
811130
240895
469625
498773
531541
42573
348354
996883
424753
679352
451478
158865
725531
238677
947230
337022
132260
919387
540622
560058
979224
853310
222375
124770
271856
719980
668430
969263
508065
285841
412858
178329
678513
820614
652370
683491
89660
196033
557204
463430
685629
355935
261028
324898
358439
761754
281598
649877
330846
363731
984272
331692
72046
625706
842052
490913
363686
140145
668719
461310
72134
410091
705697
966809
902666
446019
428640
372265
912213
928114
206354
384078
839543
818281
492486
601073
375207
471231
59547
871715
338345
490282
895170
500675
353373
801047
772097
965895
26848
674980
176272
956744
813246
724772
231473
224497
728148
214896
494321
948293
818263
383139
10048
62895
829999
852723
817312
268989
831716
629694
169410
252403
639555
626517
99605
975583
772703
130362
599895
772780
321183
143367
605377
379850
547721
62189
180495
960216
265003
735443
788774
650460
30561
540181
294289
142185
983808
752341
390916
341177
713169
151133
484568
200592
886023
493629
663924
411792
500117
223358
286796
754602
522355
535488
882109
558209
369345
711227
521574
904566
153794
455369
550496
918066
871840
823418
583753
728455
738624
208568
970825
468322
692886
773789
512869
972199
686091
660620
75191
681204
747569
283770
880032
625337
974393
29423
687487
254920
533167
715199
776444
323397
480648
240996
622786
985546
711100
962481
438705
768396
620483
452785
284843
96495
141089
483008
296039
608877
644926
248407
671855
591974
840178
94712
474626
470884
192227
257756
950643
450831
589279
419696
44177
81289
942287
206362
9407
727204
159898
102806
541909
674859
471345
647928
649221
874375
383691
184092
559095
126499
654569
883924
324412
858234
537513
254032
425314
500042
214228
824174
591985
876760
766614
270445
275590
955025
261075
792322
680252
751936
518640
165988
35546
202833
926627
530086
836815
310480
211089
625153
109761
953630
433966
904221
366067
319823
604885
659658
808451
45481
204747
70071
516362
795728
606728
861153
797666
197070
850053
95647
627009
747956
472865
460129
108126
575416
142750
300106
195256
680389
636948
569959
487881
620004
319010
810567
773404
412015
634637
244956
133930
814726
306657
91145
856224
35182
847595
231364
87966
349048
727978
448128
168821
77524
39538
540193
831403
859800
774671
765190
15107
183970
906994
220792
864836
695001
302583
972552
597043
885238
117428
964075
307094
391126
743887
4005
464791
269219
557389
414309
799041
305215
684362
245681
507953
621673
763338
318356
247288
593240
203426
730500
148035
352611
757801
891294
192953
976126
324589
582188
642311
774808
763527
27305
840650
984837
173964
462766
659216
550820
518281
234757
32850
625940
694514
27439
535456
874933
162946
424358
704764
659035
13670
640761
874969
706440
925581
929322
604921
927479
811999
858010
399899
620654
74101
386424
316586
433796
290553
425660
213745
94069
860222
356864
865168
101178
584575
804864
886831
290061
427335
815852
446799
412503
721211
471858
24265
661553
904972
889799
63210
368241
468886
499180
226532
937042
162503
470049
98080
454695
675992
171628
602887
306383
944733
582032
120007
563951
946559
640842
247692
872764
362060
638760
447263
56957
750554
872439
339874
687246
957828
957565
259477
411141
316466
389584
775631
932302
825559
168994
291419
143963
903837
566926
494574
70740
498699
396753
394026
953817
303395
478786
909432
26429
585545
337621
497837
269683
662438
555519
99501
713235
372009
620227
763984
650939
983135
551937
677975
478558
864864
71613
957910
728738
891395
581727
493326
277901
998151
770464
330946
630356
523959
221740
574883
646847
975374
15945
544932
77917
631375
940080
982772
786884
970166
591016
425015
602901
244513
351886
472367
331452
658064
949157
575795
567846
502268
56723
133416
608642
302060
203398
145963
936639
488119
61477
413986
466942
364578
46563
276599
984818
173190
42672
189398
980436
868535
981631
18283
391273
813477
952107
786301
599869
980147
491125
752165
402775
398889
719723
122034
565977
536123
24436
400164
12708
1773
57602
369449
651493
487925
931979
959449
345448
122560
619015
807338
548233
485724
725096
146352
687763
380202
16410
766618
465666
74734
290615
184874
858655
145062
452257
832449
757385
226556
938959
24940
859052
961886
966655
712418
641867
178211
414721
525558
992749
860549
555601
430963
333947
801502
248610
388044
900010
902204
663839
760178
153399
975367
79673
874454
195232
558500
806180
47175
427037
683878
826696
596400
650083
771530
321210
848133
250740
812546
837693
909390
113516
792156
511295
29221
427806
865588
396399
697857
610068
144373
672775
244522
150048
76797
214650
586027
307846
313368
770268
951135
238024
636703
789580
859785
297614
4926
758979
371598
6826
8646
754528
634706
374378
73845
808937
63801
73820
556438
602566
55380
262878
469017
935036
8533
674743
956275
411548
561220
978408
792816
786823
374825
304580
115532
449599
503884
264335
322476
601913
373243
749605
571117
789938
651479
297769
591089
576942
857297
827005
590040
313944
364704
104747
875897
159978
583104
398493
444840
731375
480082
376372
191524
18277
287476
474313
586534
496646
185443
627288
635811
685300
994588
474046
687751
750065
422807
887911
185907
140905
211370
960615
778697
662948
603836
371822
292269
828601
921797
413910
948605
815496
672993
809719
868235
863786
540223
860428
335342
486368
803586
391344
522823
436873
233907
425336
375811
982834
261833
506786
134404
665199
274915
123363
539819
390424
224117
728569
112922
397644
331515
454937
20054
370983
582580
725927
948301
725841
859262
623954
100841
888024
24223
52682
892707
205906
1894
443605
178319
988302
918649
114
874311
44579
662224
246653
654710
18505
799631
956247
990218
753692
653158
366576
179322
905970
475634
962952
176217
26861
89020
5974
958954
382333
54467
412264
901001
842318
427324
558657
110348
279015
417220
73329
982521
45781
821150
701801
277361
273457
926625
891389
874129
917274
692291
824609
985492
714999
405019
250202
18160
475800
685318
609847
456434
409323
667049
639310
114622
525775
412718
834688
855310
490354
142291
917558
402633
699127
651271
707267
193235
758536
372916
614274
302278
996968
899809
305333
357876
114378
421590
959514
14532
584748
458532
933436
994652
966188
474729
584777
926908
844791
440009
465023
211243
740888
176304
85592
922485
940123
372053
985875
328058
876835
477312
887404
939978
393498
302599
305279
147312
927527
36106
106132
382496
435529
566760
151337
463386
655134
454713
344833
222655
125828
626203
116833
787105
242728
886312
617871
901698
501064
641016
672048
506606
4138
799019
843985
370268
253840
684202
810942
957448
220334
931143
599681
868513
696307
758984
147103
124610
981237
723065
74339
293159
12400
29047
525868
949057
161875
760894
418452
249212
52632
921898
469026
461499
911772
17062
926398
133957
175322
15484
18507
216032
286502
923009
745145
850888
888184
868238
795471
746284
900289
559121
50316
1249
294173
202688
341181
16756
728575
497066
880991
650828
595501
102816
56098
91984
439458
79694
74678
19659
159724
135294
303577
496202
882906
173659
993847
692301
901805
554766
494588
986141
616650
679907
985433
196334
986067
3342
219855
709644
597667
337198
764716
46743
101936
364436
745828
972729
418161
603814
164991
603836
817381
681128
440897
87776
714940
652606
944417
342353
763956
299192
948241
25479
631103
764546
591473
379437
657358
644954
171728
843235
458938
655927
320409
359094
407396
298129
391280
112608
842943
524376
698111
40831
821285
269797
74082
818537
171870
848839
593778
190101
654170
645680
198077
452948
38703
228680
392817
618235
10780
4867
154124
275407
897472
797071
666376
469493
352135
274142
543244
963492
295815
993810
737895
102913
611187
928088
435342
125527
312187
732733
838116
166596
171321
695100
905836
398338
76630
248876
789919
712097
711624
179478
916575
102686
504004
160542
414427
446567
172803
59760
857466
679040
618588
531428
99760
470314
347694
773431
315213
376333
98956
967967
223859
97427
850236
848190
885576
916371
922039
37047
372778
607126
466842
289912
95548
106541
235269
539264
545852
23499
144049
687467
751870
623484
835724
422845
789159
271268
116377
944558
282278
440377
885170
373435
948655
305255
928287
798725
885896
620489
739912
364864
484420
61197
354148
537679
559175
449671
24354
706080
537401
325565
470121
573116
313789
130423
327188
369389
690060
872048
381870
782172
152897
510204
149100
635162
112345
462355
361999
776674
622167
566641
980909
338166
34373
558993
401119
510340
1975
622290
641051
250675
737251
847673
426469
884087
457188
511605
251301
387518
503419
917008
691970
259610
710933
172773
479647
268218
217942
693155
93647
41370
58756
387076
929224
421380
562144
477048
414299
737170
789585
638423
802209
666481
990995
681904
751346
157455
329892
315723
217588
958229
935661
618623
631740
663503
677476
730745
811693
828630
922608
926772
567861
624671
941254
674128
500429
711931
550691
498786
58296
494827
53484
482190
532083
687599
517609
995049
287408
168152
970815
837202
209634
426480
137152
297523
27609
524448
930574
773773
911455
375297
38630
499557
498225
324125
578700
614008
289331
464658
989908
279555
184886
863010
35718
804097
772687
875708
35433
756150
873320
47132
217180
874986
757931
650595
390677
172537
401478
797662
974957
999787
111832
181907
784394
7626
883883
946134
875812
870591
867823
866229
190093
361673
412117
30124
683632
867325
244145
456980
138145
714036
485351
649537
861752
741328
362734
901686
49920
400729
674815
293657
661763
286290
297763
698847
285366
409408
276133
799118
615210
719206
332734
59551
845431
339462
953408
848948
494590
744017
555045
408995
920742
624867
628982
172856
60064
520582
166910
13061
727936
367441
122763
358895
158266
11642
141570
765118
325066
378176
295035
436678
989641
430427
103681
418189
347467
274290
696647
642296
610707
761571
562787
797656
855510
729667
980502
25095
987639
577987
878788
779643
735628
226326
578238
806456
167601
626348
588319
70250
346043
904591
396012
650762
384213
903857
970921
70775
348584
359608
533302
258681
163571
198927
983936
364099
918007
481867
278616
942934
747220
318459
945016
607381
770226
689392
886028
96702
398493
474354
591165
866218
700855
149241
886447
714829
408613
551923
393203
675427
575478
835990
937513
377980
868973
232854
254575
361613
963037
524845
466039
359900
525997
195381
973407
412665
853764
67039
606903
767941
284981
864327
96705
929351
153046
545176
192291
877011
179338
433661
45617
444161
892636
156173
795198
67097
871634
134243
640655
642548
350623
919462
81103
24523
2831
969391
405793
771737
521552
558101
971706
117091
956146
390952
280331
772251
628116
150452
374657
103279
851921
638507
617449
417304
615814
400094
483156
585630
839926
714392
598346
995234
821991
621602
899357
868504
5484
217169
440876
320113
260659
789878
85464
130343
455837
506215
31580
105703
214506
250668
896429
70605
403159
920084
860031
987909
75510
939930
198164
441529
310607
21300
384390
730893
625539
209711
825169
124879
417842
90230
207080
401989
198382
608183
381483
663826
212399
340696
689486
550592
414570
211503
638859
410129
663334
579993
884593
676169
430442
355138
536083
696769
283540
285950
916453
520551
892820
862338
33327
696183
337144
323708
185403
969657
40729
117378
325453
874272
758397
774857
27934
599816
645551
581258
168171
200321
598448
601603
710113
153832
731026
597494
320958
523004
66423
118604
883473
481956
264513
585672
360639
772612
481208
495152
882268
732924
260894
970411
369548
899678
700344
760331
491007
830201
990559
443395
252160
710146
842442
33836
61171
518612
232853
406129
684118
7240
369516
955088
106017
516490
766404
691081
947538
700189
845655
533308
752373
558518
537731
908858
156528
789971
938428
891209
678340
364414
199549
19073
626796
392226
479426
624961
415798
818609
960160
972571
393279
207492
650366
753082
146628
896081
935358
522652
129681
98927
611142
476912
371545
119509
444233
552959
973841
687673
136237
225333
80472
582875
940294
519692
12823
126007
75906
706380
303330
826715
519314
855786
431646
458453
708536
938410
170178
100124
195303
434729
579552
230997
300582
483479
859593
794719
386009
441662
457725
258564
440488
355582
64198
85677
299366
249427
382365
710922
963010
326416
852258
65035
162285
147212
827014
927157
530328
601330
54222
902386
483197
19455
698061
618884
186372
88091
553152
818138
789757
322658
547307
372345
450752
731162
107919
904493
533107
957771
475521
609553
768713
634107
588079
79299
100120
885802
730870
418640
383512
942819
749344
707926
125012
584307
256150
913559
947622
712186
928545
678337
541745
692419
688708
33305
439179
228895
286993
964496
68611
442070
566973
940799
200066
512990
481150
963273
66425
723059
747493
431608
162052
970865
889515
140008
961708
879637
286390
12640
577381
422347
774626
767884
676285
586243
289142
560982
820229
974510
9088
796269
754698
400066
482584
723036
75421
464891
244538
133177
130839
838080
513057
464098
980832
446758
652441
877013
725208
76210
224586
428553
539861
939093
615636
282754
314210
618285
421018
20831
870393
413928
999536
497721
362890
532435
866000
367286
606658
743716
881871
352098
762508
102594
524732
569146
20385
81375
869912
739357
664377
992748
301377
906702
177666
895664
384054
371748
851352
271603
776043
904882
697925
634554
536678
946002
338388
895326
695252
420374
931411
739241
485190
4402
143566
495997
219788
160446
621616
981472
388161
26400
420997
573460
183836
293628
369018
346816
343448
535904
397015
438195
869322
62410
462563
936565
937221
259412
801050
502896
49358
558098
895296
610896
282802
620152
732608
770395
304691
68017
630531
345969
678209
103366
155746
615589
867075
655178
434983
527603
261324
277910
462455
209034
493461
880595
845263
654200
291589
509324
796366
179858
124924
828393
84137
171559
937130
649519
78172
365643
334210
843869
992961
412245
696218
238250
924170
746949
815844
644663
296697
862173
831984
1522
899355
914115
422668
715190
767916
227050
449273
682088
796436
664010
502744
144489
106191
21342
92563
487195
882206
574381
540517
317662
599294
652423
993845
688739
302665
653461
356134
121028
882597
222552
349371
160976
88304
412486
366851
571180
363083
521342
254182
890953
450943
958781
664406
28084
124375
931384
173313
746812
313554
957076
912286
402374
379194
219661
78591
39121
264450
556695
316778
17010
785640
437434
629925
660401
377269
632291
175727
33452
193717
401234
29996
837977
588135
935769
758889
602500
638497
477633
431260
785350
571427
7061
523798
149963
646334
644438
24153
787203
305543
941410
921052
457308
170536
50974
185431
503233
770074
360811
292918
447453
722891
550102
315519
525942
465797
187276
619165
835852
517475
924644
243808
477556
698884
65572
114041
57034
693120
780847
330778
181220
820741
533090
928277
126744
930971
331570
645874
691632
864879
284499
460052
349858
33525
541828
850026
220268
272231
128854
28805
34210
281570
359361
661735
240356
646303
486790
915812
620498
635417
2882
35610
306755
729593
525483
25420
888427
96835
530660
432288
375893
42652
279020
670869
149234
798110
162089
808620
660926
877228
351835
238576
584763
634609
74908
207044
307268
584862
52875
734818
143242
507275
650727
73045
423648
352379
58146
468699
651918
491450
391505
679609
253862
905650
949293
375319
56701
498439
979648
287579
524357
833050
225880
733042
948984
246213
204381
920817
252819
470014
639013
278777
789789
605658
727046
885083
552915
536086
943976
975179
491394
638792
907979
409526
220350
965890
419527
933666
266600
895330
167642
39710
135378
625403
751509
247170
905794
784022
604633
661064
766955
854962
128445
736522
891962
85171
843269
281677
313657
30383
646753
864376
13810
920724
333362
953333
266543
583631
373259
320585
387155
748352
574869
459700
429102
174415
662649
32929
44726
195924
990065
650574
679459
954139
577517
607100
504550
802781
415888
551085
9977
113601
508681
449861
977067
984215
439125
624779
629423
155850
343399
79271
121137
785555
47083
819469
162851
585612
779163
375891
509088
242280
316415
274770
234364
956684
630709
778876
210972
412552
112738
820225
967893
468705
227922
680859
158172
398573
23719
642922
191176
554714
252262
525533
196527
923195
998276
753518
378070
150893
609398
361832
989128
278152
414547
129557
614365
589913
185683
858630
178940
710362
549290
665021
122254
309274
586140
33850
471404
562670
671367
304980
128611
816061
201611
201901
547183
735458
231970
994284
112237
599511
202719
893338
965198
285526
874239
319178
715234
932804
308313
750665
466123
228639
234941
970760
853650
755476
426038
654172
336480
862165
760852
409179
812568
77875
512696
581723
743502
174192
12508
357489
360785
599045
252051
956400
200919
155542
177975
4058
170237
479467
397733
485904
575812
81080
769302
42439
75331
460047
878895
747622
296715
76735
724305
927610
957340
768763
16291
23272
673085
538628
386340
977495
289010
506378
446415
137022
486341
220720
84730
198665
624544
452624
601368
300992
262584
57382
288485
965120
570119
484263
842109
222058
887188
37300
555993
929077
20079
46431
592735
973843
471401
695111
753315
792652
693985
368676
73468
387816
631114
37187
263762
819353
259645
367085
479981
967399
587964
967969
161396
214279
577318
423921
706733
579001
752907
533248
571112
751950
850216
486162
961971
423857
702447
546821
687966
280651
716477
174361
872046
44609
707646
416901
178401
982220
567764
843223
922705
370522
226091
238713
936020
516161
629637
785312
335017
55234
16973
469665
414572
427016
588872
19288
723584
610959
789421
753507
10804
443876
802862
354088
134695
93044
544269
709879
219836
550955
376272
670452
312085
338784
19384
755667
535713
958127
640094
611202
287943
14407
898740
274558
319788
350332
818272
121674
646840
974126
695378
701207
109602
44755
917034
531725
60219
685177
468404
336425
90906
934694
122103
120704
939119
722737
784201
959789
705491
349009
238939
356803
302768
588635
581987
556083
617471
206072
961162
252188
210726
357763
853896
721980
510689
91110
2323
525325
356214
906085
299725
569355
439888
135865
376168
511904
668294
724165
366508
191667
708316
829460
360562
15754
20561
570105
333073
9773
494413
139384
930220
541180
393990
465806
349743
563626
700235
571513
693407
598107
91605
790461
593321
566225
744286
48048
617765
21448
852626
475183
947539
286248
271389
732305
80408
496097
963742
552670
869109
575761
2277
179241
27469
728962
715176
565825
349537
109419
195543
440634
278230
959428
799191
589222
132861
651553
444622
3820
258998
749677
498699
867340
599463
417563
782437
692897
701894
246250
763621
323458
976115
846011
316388
911287
93698
354276
522668
443124
782414
347831
866337
854591
909910
515764
828181
286105
673762
849054
328223
572609
919189
33359
681705
630721
91048
193456
736001
9461
93321
130988
637940
504468
377191
721541
244524
400697
907866
192781
534726
604844
270688
592258
506048
656307
68657
871681
946732
364273
936345
663857
163009
608545
949293
9158
210484
663047
943323
307
429728
253452
274788
557417
118407
444175
850675
319652
985697
365019
836524
945520
629527
734061
310519
950745
653109
110858
273688
580819
194489
822912
849007
114740
581287
548311
206310
427119
542557
608777
735242
597760
910659
129904
255105
850952
28239
359129
598311
131152
138951
597036
733227
177403
885200
393893
702575
45718
662241
890823
45137
646863
985126
443838
41380
16349
213532
958999
77701
714136
949175
688212
659352
963451
171514
587782
118710
881291
709700
725559
863412
427585
962146
637608
87946
505681
869873
981599
232694
983705
25739
311638
115972
274520
458880
308094
587498
511431
72186
335953
755801
287435
930347
776593
327452
387734
596989
180333
362582
938396
501639
920973
799022
918456
880748
698530
426483
38424
181702
932677
602553
575065
944768
816950
893911
870498
85098
562552
998959
853058
185439
150630
762234
118049
879890
733203
826260
818405
660038
675436
483152
858464
467031
115761
586085
658459
246618
835381
959886
62995
238918
174973
610329
803715
150646
713963
173330
294480
514768
436519
468091
436851
481021
148445
722326
544292
459
980473
23077
455432
868165
915960
813222
399910
370513
414795
801603
204701
346805
370375
483864
984530
319864
832775
581361
546855
976135
158793
97182
360103
683062
508333
361112
83212
919992
896624
389519
335237
468590
333078
121451
595680
959713
930107
608874
869337
905928
249030
36805
23934
662326
565214
528198
514410
853030
180920
48821
544696
676731
391819
368910
585934
161875
221968
961302
569544
880529
582058
919789
4197
849742
77040
466839
727637
350154
291770
386391
997518
173858
17107
765307
149773
376966
543940
756157
108743
957098
848894
684369
620186
1953
223034
714361
196443
762365
653633
462156
412486
791717
59151
396052
372192
763329
298832
602273
876142
828376
730881
509162
65367
409169
976957
461280
89930
136057
465783
613912
656837
230978
274931
478824
148736
16630
767397
593698
372985
387487
528377
210560
900129
17337
147675
602586
381436
797764
464478
574024
197110
502971
993763
24603
279922
958544
387395
967611
983438
55275
948019
229950
419677
793847
410119
172826
777947
172193
430185
163318
754774
134540
486687
199946
374253
989654
180620
49441
158805
675500
248654
487266
822260
998530
953485
751069
400317
508029
899731
114070
7877
979424
738814
564488
218402
575189
672498
937498
397338
627961
142345
487762
189859
647700
601093
813460
762546
593210
802043
246854
329320
668062
613790
311739
953842
901924
970209
614769
613759
560565
199365
585470
36602
991229
640081
808885
872781
854834
151163
305115
358069
822433
845842
1633
736099
720559
142765
817125
360834
798608
14924
229663
579619
261092
139171
937416
209360
458600
501542
236675
661508
163533
897390
39834
545966
170119
680330
35062
889691
52995
60366
349761
942672
294574
229015
221506
912147
148669
598121
603005
865307
546305
479017
331720
471436
69386
600039
480161
216303
518867
962893
769445
214849
886289
672194
476561
772553
601024
537519
94907
401593
770310
443615
117999
84774
755108
711927
707846
198415
832077
935420
682372
654747
880398
58697
210307
505076
1934
796698
837401
456869
734184
837818
984330
501070
47705
661063
854584
120398
633159
211906
769699
355007
77880
127781
309533
338826
407803
681716
276919
788063
127864
121374
428864
322751
332415
620818
120551
432895
676957
633608
493784
362691
3451
38373
608088
179440
193706
101781
960539
818217
388812
948901
169515
948990
57307
927193
207872
99826
520763
977947
462707
587964
452686
887739
71655
459960
555106
82557
439832
822772
86948
448494
576845
659568
169297
515469
909904
467187
824814
224230
526928
826633
522138
411915
382644
323614
590735
97744
860995
73052
247715
627962
228823
469689
135313
747924
938616
686285
206225
709275
442206
871588
513712
591442
162672
962185
964369
119220
538297
515467
373682
391995
600283
995403
227943
105216
375009
498438
400886
40991
512012
993781
699299
832236
930423
770481
519165
263591
949480
933134
82328
662359
322810
468702
693400
254005
831565
618844
207625
709296
608041
35352
432633
493964
159327
470644
500477
46778
139569
560991
341105
258257
279831
597020
264358
199723
526124
44228
314856
561253
359005
975640
502557
797081
472284
509428
231554
548301
473706
806191
250614
515276
37072
173795
231203
585928
983145
352057
642220
691132
95744
105241
935390
554732
89824
837234
181226
233211
39913
62446
202728
98881
750139
214884
942428
710445
1179
458511
268144
836117
344819
873938
673775
746995
133408
639615
363678
782185
769341
600160
22674
102219
738823
920079
168440
493574
854484
358068
359017
64673
273065
65251
685394
682500
277185
710122
917623
39041
514375
163605
392606
308010
371838
939594
232720
454900
432058
79469
766631
397141
502206
193508
87148
376239
539379
927790
525689
100014
904098
212075
448913
440619
766054
262337
190275
732796
158963
461017
117778
6894
135493
918747
808881
812408
708564
733192
54526
640401
781941
703832
946467
336910
70880
535925
615552
314507
92684
372534
283346
815453
667402
830447
165455
957444
10471
583951
422139
801714
421976
939858
790273
223320
781310
777836
750456
934711
541338
692011
84020
616220
682797
162970
456953
740918
137518
113723
231182
346300
518124
258817
48434
701566
602254
242734
857833
546786
910933
681872
965642
339059
893571
873792
374020
730773
686173
118108
145401
326395
144697
305305
780074
616745
872102
672918
626765
873502
255454
402939
159512
701713
108610
39973
548831
894403
376290
546576
331172
210871
497002
180387
137864
709101
445107
277047
383250
302697
176410
453613
531410
284109
187045
709033
61890
658381
161979
391459
537026
265513
237362
26553
236981
834505
229994
556639
673306
308490
297593
627431
917821
7871
885097
177266
90852
457174
485117
733163
541306
991383
694752
498692
220838
578783
286310
530580
505289
649901
526120
44094
248838
105919
773424
161717
169782
94957
470484
225229
761560
590935
995357
128293
798648
287247
490405
994741
164154
826277
702472
927212
164431
925812
74738
481453
715742
534723
815616
983485
789002
752797
436690
800028
280832
883403
299491
196983
42654
652717
40057
476414
144265
325520
350548
669429
574319
175111
488800
180479
487363
523679
59546
428033
795554
359514
65133
707249
372918
358719
958940
212171
390958
991635
451250
398138
336697
277967
115250
639529
77666
669658
419871
443596
933102
486814
676571
318099
86597
309569
528757
758562
832653
737517
35377
720449
88085
968416
104345
372151
318942
719140
16779
886667
534573
114400
49664
522955
282727
302534
752385
272385
643012
722723
261683
901387
60802
144265
149933
308283
489625
826077
693260
730464
717319
403398
118837
487502
939697
398693
344833
626429
615208
575040
961815
47339
385041
702855
721017
430636
375354
694547
592743
561659
511795
476783
537260
454084
571181
416307
490906
10412
571217
592790
711723
826022
756317
721004
551791
142675
876121
64622
927526
888026
672968
255259
244578
199612
495618
532888
300529
824945
738691
557573
736498
313765
370818
607484
937796
974143
159186
674460
894193
151089
324146
695916
421900
504420
264801
920687
322260
612120
684930
196432
506235
406034
918370
787522
849110
658698
503917
184865
556469
983229
92068
252905
120313
582649
579375
974101
523322
290663
960926
997433
209592
282819
767437
175068
481801
205159
110664
280079
407593
366882
299334
138156
22065
74173
707496
477545
598628
144327
78194
903980
27065
132390
727575
541161
885509
827016
178037
42388
622124
127855
593718
875222
372656
503734
17649
8611
331605
849040
817075
390685
267621
705131
931963
895482
727836
494266
491405
738132
711191
625467
113636
710610
107425
74868
737598
973887
996222
317554
147442
557429
980154
293520
446121
163214
85364
427320
610170
349018
405575
589133
915022
674493
587828
284383
458661
933604
462487
289715
231168
168280
605362
415053
178654
760662
386445
64611
492358
535158
107574
794165
917085
466493
160447
117531
217977
286290
746779
402146
70504
8220
593969
811762
545845
150567
272513
903730
52272
225078
175500
668979
62908
882276
955871
514716
211169
955929
233727
933059
367451
533181
683831
373187
124106
91883
192532
140303
710452
692924
633716
981585
735562
192958
954960
387473
313780
451655
687953
536065
66428
547667
701308
239048
212843
88806
999282
209507
464900
804437
636490
465113
721387
741896
366571
704624
622079
553785
471849
51273
866073
559284
331402
643547
824945
490135
676545
172018
388497
90789
155568
610309
169343
32196
783709
68925
162318
920050
89654
912623
705656
530803
286488
25116
123131
792574
592849
379370
739803
443127
909160
877374
58765
743339
414146
760199
762241
102166
288460
757327
857639
977883
695085
543637
727598
960404
350283
3096
62849
510786
504208
260135
657624
436578
916919
432830
829637
815426
463357
586440
790089
744423
329966
421516
633894
988951
375996
817697
746309
332329
124095
472486
329358
186342
17704
523706
439931
812794
36806
225011
401162
327491
498989
455717
699658
510607
889344
89410
513393
331198
860589
20190
828550
8628
123920
951059
698306
379988
811409
885912
572569
320120
32409
634713
784859
969654
769257
540880
221026
566488
961661
70558
914230
747443
614531
865365
811567
289374
30596
353382
239955
392775
817009
37548
662387
775990
144240
136288
160361
44415
845912
338151
704293
26602
339842
50336
680937
28001
23378
670458
335302
243071
750254
91541
754314
887824
231520
862131
770407
967358
719701
166620
695490
976781
133212
65239
109185
248900
857123
238896
19978
108403
816768
820892
593891
469758
62230
765769
302514
24853
24663
604900
780703
706453
809429
369158
903998
684817
376459
920849
596765
757383
224785
930320
664311
625185
246085
257014
505694
214744
741163
550452
908671
900427
203635
473504
254202
209839
366718
68486
365181
353575
181834
436052
922487
710710
851880
77473
841236
222715
777332
962856
251054
500969
289990
630980
756422
336898
346978
400873
466626
218755
936758
80887
879588
405368
809239
397974
79784
84722
283677
738002
867736
154024
310908
687374
377012
197945
670566
296897
454382
313014
169269
950723
579799
528682
972392
216375
385049
709375
749863
76293
893436
986866
145532
496961
447553
968616
190029
378640
918199
195253
668614
546846
194723
579155
128355
596168
145531
846132
163125
77664
207236
323521
850207
732981
511923
770492
728912
221533
994188
330220
509500
61455
233118
98557
779741
310748
879099
250169
336848
851909
391307
140608
414089
11539
468971
311619
994263
645802
997974
866973
606290
753303
554078
257452
486557
138848
505044
116115
753226
644713
536137
418782
289599
990472
986989
909713
361696
318106
732515
428738
605591
125990
466553
503637
911630
393571
154132
330367
905508
347937
106743
53745
180300
504122
604711
82537
168868
322954
241756
25374
562689
73379
199037
717763
480988
260612
469481
725468
173168
287158
647878
655844
897875
850614
278255
586221
763641
950377
907223
927249
738909
274757
930499
79156
743313
170678
39499
310118
717489
360068
575922
388544
835239
60180
384415
634814
569774
189527
816930
223065
154810
896767
387096
759926
91698
736771
198893
394617
745326
436313
681162
973620
744401
341189
347948
43193
855827
317257
274404
824250
238234
89825
728965
636706
496318
748924
934716
634140
755505
422479
246363
124699
55563
925010
123946
200436
722107
526423
160403
874818
16592
853633
77309
436936
288191
337135
41635
270976
55085
545350
876026
960809
928048
211452
736152
102100
55781
750555
610848
878101
819342
589566
564289
120377
832078
687660
984114
271943
911859
212244
225456
397897
583972
453466
948005
147359
845928
709697
131732
360607
379496
57129
226646
836585
130667
628497
142885
628471
194815
269131
819719
118812
242212
212951
925487
40761
298126
726658
835231
558237
552087
507337
408760
495364
12534
986792
249107
814357
245865
595404
59823
481025
143047
468924
439258
928391
642287
43551
950994
431430
602849
477800
591775
839746
572984
864084
841796
280028
24011
748593
326916
636427
732964
564963
748336
844514
387797
205419
142536
293308
162022
102436
722698
919856
959715
874699
522614
902159
267223
802978
815020
208795
64470
144773
808540
647334
46621
570934
440904
468715
485987
813173
180813
31044
424365
948271
626818
503779
527645
612959
348806
102100
857351
842855
856139
881261
17882
159529
796260
692044
623578
991642
488507
500951
796336
509307
680157
912569
452355
475210
975136
396573
465671
771709
730630
418143
406535
850021
342735
398083
444240
465806
749569
187730
176902
714828
668711
533793
604752
563078
555575
829526
198902
777631
520293
301197
34093
407677
472922
662606
251844
739594
580242
185419
699456
955586
712178
79405
450747
562310
931802
54188
55937
24110
240154
942911
790982
934853
725550
308248
880762
493073
986813
22511
655860
6985
200795
916099
869285
649152
486828
722365
947337
704960
284191
711988
777925
114742
303412
606236
749974
196303
238212
586051
149198
52756
832103
472668
688325
319990
82152
445512
903997
588781
332139
984432
387897
48422
758301
75840
336269
641977
283104
106128
699842
297607
265955
280782
295267
606143
414468
853871
599546
651954
235920
930172
590507
572339
5712
110945
919252
820084
668163
794417
904602
34486
304669
513352
324895
888066
805256
294574
749132
269343
161749
659148
197285
686483
364299
546925
248691
832262
227701
145475
327817
837737
599936
330947
788280
860142
312572
187200
588837
299991
921165
859590
809201
122969
753509
821063
988845
474171
34557
480778
288602
15367
889077
949244
772678
190411
836572
689013
687836
929554
987728
726245
476830
140369
527613
76017
404784
701111
228103
43014
100069
571808
670471
99308
15305
68978
578795
112192
799508
311850
165835
797599
838963
341069
675251
408405
772280
435315
367496
831962
614191
706931
41463
467510
232979
144540
809933
481627
318051
888833
254098
298688
647019
677095
270909
473344
415733
72708
896729
413295
630079
307801
141748
773211
74969
310346
401827
724393
173764
761451
327952
719868
130505
834241
128159
820834
107674
602637
152803
127966
833786
976510
271259
369843
958003
419106
986611
240823
673017
633281
454624
651969
612849
865033
574270
661162
798759
465952
99290
482342
454378
880627
283773
638849
840202
280745
919445
22117
868006
654472
748336
344530
147288
277941
141737
234026
288743
145013
624805
8074
743827
112214
295936
985944
194872
227592
440979
50729
526770
955470
674592
56362
709112
783435
754529
589904
496796
3590
809366
545696
717410
297008
96147
945466
55361
118490
561673
447310
665535
778134
419604
26477
653374
546905
675309
382188
443631
75289
31347
727269
326650
907295
888695
751138
18860
896475
222320
711761
903303
886290
954422
808448
726327
104086
74638
214926
918228
336072
163734
410894
378414
100157
165792
740320
519833
714102
223610
446013
602695
368425
143028
782568
904175
56604
584106
193534
68585
489581
390563
953728
61657
927201
563608
123891
512875
196149
262286
142420
871445
32124
869651
887707
724313
283370
602614
584646
828752
443386
362969
500169
897391
442519
528147
975196
940160
621335
162419
974193
15483
333050
692780
998547
572124
677993
438452
906284
173503
459973
508936
908164
287815
572580
492765
769005
230
672884
47569
33108
957467
180640
971821
913950
590460
353036
589591
340856
677377
428167
311853
539138
607145
604866
51391
435245
282716
932135
763052
124732
463663
18391
757090
618437
489305
838854
590559
90980
746392
818864
280193
895818
949518
801535
299940
682294
287730
470107
327295
52735
757464
288490
984789
331377
549726
47928
886498
181982
188602
663365
144119
7284
228473
950019
113190
290925
708955
728810
567198
301355
239422
758750
675852
867200
539060
674996
133483
254888
493774
323265
534534
531861
307842
624388
625314
182499
126105
377277
374677
158908
581528
214170
901016
995036
83376
258983
168915
90081
302795
907744
26072
775987
235495
549489
589531
323842
425281
976689
210026
615264
417573
696163
244212
807448
278630
344610
646755
954281
64048
937322
957769
211012
449226
734259
605791
946233
344810
94648
572464
812469
211761
809354
372333
585473
963511
49757
989620
372346
796810
252489
883603
609904
28187
971306
425147
127250
29556
970552
159220
430288
654377
609064
101663
280973
124828
869045
873224
590370
210870
221341
849850
622122
673603
886725
665430
511744
368253
952191
341708
147180
106138
231962
39748
527342
360410
724776
928365
817913
166875
12228
947139
457470
119129
967327
305091
832012
186286
698115
400862
232294
191969
738080
476183
35888
184807
113297
721656
314674
603555
65608
742367
358532
94029
891839
260529
927263
70443
570958
683387
395328
630279
594251
696800
337772
229724
687983
358415
520742
605777
923712
259057
706305
791507
48297
196964
158785
712502
733849
466681
248675
775462
847239
302944
90156
63931
769492
239593
719607
241551
257266
144516
924978
29814
331808
473890
469727
175125
205178
852414
120026
149127
309210
431008
580257
436533
79572
599376
169353
156378
265470
538092
829304
935399
184951
783350
847231
406396
526416
447201
493669
439731
8873
987132
632295
232791
456635
451032
240065
680008
618555
937077
691819
25217
367588
602798
609663
658408
753350
933563
55002
60598
748538
137935
849863
323331
429475
475848
854205
373488
761695
45268
97203
19375
123431
53973
763008
200705
192996
885327
165309
372920
850490
330388
10026
785399
299911
203434
441791
523470
704675
183933
597368
575714
247697
135250
647996
860928
676633
338841
602653
103204
75491
52402
465519
678934
815806
551431
693495
76145
383659
345891
283378
404444
53308
577120
233354
472914
183803
694886
569770
313698
251913
390433
607659
670581
602833
418613
622299
894730
299563
380666
649123
893881
382511
758945
700588
266580
312797
495838
291136
519709
365872
191394
795191
315368
266517
557617
828158
22302
411924
112125
536691
457377
616480
219851
412015
594269
430049
498674
998914
189311
730947
293376
662994
728615
475489
392008
400146
835876
197868
409755
524663
296917
97338
297602
956265
154844
324030
246591
741299
908816
380449
853165
389704
709760
392569
787094
586849
587979
372644
360697
848134
170443
495239
336536
724320
49672
838657
30515
236787
951433
5871
268260
324513
115128
532196
34910
218321
848553
11397
721904
822991
47840
427542
719096
384129
583734
266872
726485
944207
846955
602089
567096
351006
418258
490887
471005
871689
782903
711230
770236
787076
244578
67773
695241
693179
710452
246992
495888
620880
816871
473022
423364
499655
944299
21833
204132
937546
30483
988315
513048
767118
732400
569002
609980
315928
410416
522564
742733
900067
612162
400876
138834
610639
219018
605386
409682
65560
184664
316661
972815
432869
843030
869402
661506
696769
92073
200896
35641
833905
370151
587776
33798
294941
233391
4127
513684
945254
515264
83392
916542
408657
503711
847191
760896
579273
306503
76089
921952
919314
592119
440500
685222
44220
191288
284343
376390
11721
623414
259724
964190
677627
472510
847816
409031
458720
678790
169307
687316
851897
235007
387170
359922
98745
480644
435185
272977
456046
172490
767558
480094
635212
776666
318143
757425
107475
975083
882193
146381
136660
208360
689207
803584
597699
187619
22407
63611
866539
699160
358465
27291
325925
698863
650600
176816
321555
647295
58747
488639
724393
271809
642489
266116
607484
458561
275545
446072
929381
775208
315063
446945
531347
204145
364607
720899
201783
26493
806653
48261
38865
438678
648578
269871
851169
406237
625512
591409
876099
463654
434129
813487
667227
654323
433328
842279
604176
571380
140949
617677
112500
507968
380061
159436
346007
54616
984034
776529
780314
91763
556523
610852
893907
17050
900653
593706
871818
219876
381095
581919
57028
269779
663422
910210
696031
20597
986997
847386
377498
848938
370871
476158
446803
543346
926512
329884
594181
939649
756926
714220
760601
258340
758574
17690
482965
241427
10705
472371
809028
609040
336119
764385
952486
60214
48028
613621
929966
27558
859619
943069
524176
662198
426069
540382
51277
73168
13187
177785
575576
674559
342523
1111
410932
604085
749675
624808
975782
568312
410733
776905
327516
142662
541163
526457
991957
508400
152144
95696
24971
844162
161245
10082
595806
106187
397526
871698
765523
729265
315531
354888
548920
859516
38343
117771
794672
90466
686741
199252
895892
315485
819696
128352
852168
232514
210841
411184
744122
241090
116229
280608
252862
957056
650582
594587
459203
336909
882423
551478
791359
451639
782885
453988
654810
278959
218660
98242
974366
493223
766453
490374
605979
123905
244491
500299
334636
126368
506032
750802
964708
362764
220491
509775
830437
226243
79717
604446
906754
158263
110117
408656
584424
606628
545719
767713
88563
551011
22980
320075
465838
583039
694987
51115
43221
669634
230929
71414
269942
151165
566102
550527
894338
230039
698353
456891
498577
190747
788847
255505
516767
858951
318115
997271
995773
355065
72854
297311
523072
26891
294518
544367
942300
556194
407739
309301
704647
625747
364711
327986
963079
206177
791132
622339
806386
476090
799941
292969
351345
624274
551001
267890
763828
299395
378057
823998
663485
270449
578689
11443
781655
940329
768674
205807
188444
715237
39057
888927
882483
874243
22404
416464
45611
506167
374147
968775
804826
285057
105549
101380
915090
340879
666772
312290
379145
248655
671682
825695
654263
207103
680429
354970
760904
806980
511510
952709
304551
399646
141958
181450
149511
967966
372419
745999
242279
574561
83339
416717
872083
916464
89124
542891
477549
250631
309038
706248
960909
971335
216817
96936
355033
418341
305311
7740
603542
73841
608226
437051
160588
166493
157865
167073
94415
842512
625987
840975
387596
486603
294297
501179
166888
479631
931739
770704
666945
665271
117695
360452
834634
64503
43342
867555
614548
924635
847830
893381
121269
18659
101636
354519
100311
221108
136325
486040
307132
778149
538136
443558
692454
362529
272228
599099
572127
958088
585070
595497
281093
853884
44376
975022
163521
544604
819174
730182
134988
131770
576966
438089
467619
899350
180648
734543
895368
97745
704741
759919
614208
611727
158666
866227
260723
110721
704192
313127
492691
483989
84873
900459
366499
848557
447184
485799
308798
184372
726243
117781
113565
699019
293412
79415
60806
353410
618735
480332
949399
590243
288097
162896
564147
198593
833128
594318
855855
420878
481321
105413
903331
862528
114460
306334
547461
500047
435414
760635
440080
99747
586464
31195
134120
657298
236797
25056
756580
47333
462417
158923
752137
932691
578682
243062
162761
124508
453798
138562
917482
7179
731048
181397
646510
346351
818177
86457
605175
783443
464284
545682
395718
586787
237719
16676
308726
777338
242916
261643
271077
576020
969734
41210
583513
230093
255822
993702
858525
667556
960656
137622
828019
101443
99336
623600
980249
659969
864877
331794
306829
353830
179656
661681
793147
208581
159829
393434
669291
187841
150955
813530
853670
612198
798723
391989
467751
139032
955600
174585
777927
10061
92360
710634
429268
196299
282901
775408
375985
274175
761402
365980
484712
351954
512770
450251
389244
132168
350534
731167
809160
243650
460717
251586
209820
305830
445898
9995
377477
798332
490590
883252
210818
700502
387224
59746
789014
38345
811442
874866
566418
930458
416054
410359
365311
459884
24961
470175
690674
715445
451467
577606
774713
643912
239852
451979
673930
933531
934721
17941
687816
9725
319576
376303
345765
365424
434197
322657
217635
871316
79862
938466
843366
415413
952075
499023
148414
206681
502396
443697
814245
344084
124134
436053
206970
800238
281078
604969
632196
797982
754083
902559
880494
668514
267283
140693
255404
671357
373834
675156
534694
929245
630503
894932
605614
585160
771124
643853
836210
524055
800791
452802
597257
518448
675886
992917
733192
454875
509411
473697
195455
377345
46777
804636
497941
444237
494104
215013
131789
536722
649276
683658
585547
179628
685364
969016
156766
639755
866750
249553
312396
552036
940145
385510
957857
190500
935898
595257
608480
548860
639393
902969
122041
724673
47979
59054
347392
711328
715824
760784
771746
593755
7228
907749
7943
316589
928333
315281
753099
647605
387872
778694
671272
694633
449461
632165
505386
350723
381148
978320
607380
340195
82315
578053
990634
117331
773721
984833
954989
729787
673348
883746
312220
900413
748932
752722
248626
4043
537412
901894
901410
319882
452255
666751
796844
925501
961478
31723
400734
865029
512387
243078
165483
772000
103445
33462
623114
956404
959368
925163
269880
75840
852428
705142
215634
902292
231146
572113
829934
368862
466943
644412
906871
34938
209985
487141
191929
343602
57393
68041
466691
561675
480123
83769
771026
90686
229256
911746
757409
916111
248096
537448
618324
322604
453387
683014
505233
644540
617120
20246
866403
744035
979834
789574
670882
112718
156946
366266
57254
978874
361588
316167
548298
568179
960593
265436
606495
714115
904651
472278
970350
343226
629369
333345
907791
970751
610849
183488
250441
233770
877572
654769
831369
661836
429790
549087
738918
339173
698297
648547
620557
847889
886360
138626
123199
898230
281740
351465
440226
349764
400188
350049
850521
906482
127411
468801
81063
629171
863465
302065
302209
549979
41665
789191
573567
96988
293532
983419
598382
740676
961952
811465
715690
259523
626644
631715
161990
288607
799192
681124
768005
362889
969312
564448
421109
495995
739689
784093
820336
445640
873637
934906
278370
208454
697984
595425
583736
959822
453031
135583
226460
608435
862048
630604
611719
370615
404740
821786
238577
286087
522234
597106
204671
394692
255574
778062
812758
372671
625386
93867
501325
787478
397246
100127
798986
771693
745512
456324
511217
839449
727729
414931
887968
772908
412430
594683
92028
991635
965044
111538
890519
584366
989790
923062
125719
230481
949866
805455
186422
567623
543875
727177
397357
172220
503379
509083
971704
211315
394606
568224
930556
996917
656770
230940
183208
128218
290125
570600
783419
642346
318766
976307
229387
610966
396395
691142
558898
917836
697638
371963
906211
531583
543203
317526
133482
448272
44057
387662
127104
619977
417974
793478
358108
608380
531222
877003
345813
406561
648814
718469
735212
857467
338666
910352
801110
364156
968176
119539
325816
134774
256135
122482
962247
34320
898560
842899
390569
225584
373957
547569
804056
173286
651653
762997
518635
258257
676309
664214
790607
202630
182317
656662
248351
742341
603774
623147
696332
499859
588824
840019
433541
807911
901614
880256
643516
314050
300761
915812
859408
556306
320143
707617
985063
341713
745985
228793
861908
682402
983631
305164
911450
248020
438061
876844
954500
778593
494119
485668
910759
668573
675573
375470
716199
980627
86577
155666
460716
476853
294718
323340
444816
865457
401792
65017
581621
352508
166590
666511
329310
761264
693396
547724
129091
935646
380564
409013
145149
879802
535454
226683
955511
102281
305177
867433
726579
931231
346996
905020
319112
146085
967920
817164
719731
131588
299917
116667
169566
901615
445348
127972
370439
763051
426646
58836
189023
94160
204906
736541
350714
697157
993987
879042
717478
451363
589884
53645
877737
541124
459536
539343
941385
361791
888909
153608
629320
317446
577098
730441
974425
115583
681372
343715
209705
836898
467480
558303
709330
12357
400208
961214
169637
175126
721100
975963
569664
871517
303416
495577
834590
912962
848788
183164
540485
730125
295754
383677
445078
50635
647205
466476
106771
763483
291987
75530
362935
756026
295284
202576
978540
713598
63108
218266
347491
357120
248085
997326
731547
360667
756943
55974
155524
238823
244490
183304
742483
822757
534532
393095
968930
554286
995129
148462
47573
718821
13702
719000
403975
910908
366956
218548
3480
480217
461239
341422
106078
441154
130861
65956
879424
345877
925062
626394
183995
918368
588755
867670
759421
826289
747800
692349
987331
827718
646503
684935
383544
671452
153193
156041
981288
552435
149132
787334
807121
627942
846704
777937
722534
85514
544708
893918
6766
520271
821770
104744
190125
927008
193301
554039
812166
441675
813076
456721
975372
77098
887433
140559
792500
89493
88274
857439
84560
285079
400415
178070
976434
530300
519552
753634
358426
964421
128988
978800
534569
929940
126443
622824
762312
434066
146673
808850
803257
33624
531310
816334
50876
396115
234222
57422
278705
431239
18879
235390
561298
810054
703599
131697
460244
893039
141255
687942
138860
573690
81878
50010
671702
310861
59813
23862
448824
670940
971470
955991
239762
30024
65366
396185
178501
696632
653098
26319
658224
607077
968031
246041
883433
918484
247899
494747
617074
278541
298188
858940
481576
286404
505089
765055
25266
675809
509944
590057
649406
49270
531576
835590
406126
571352
628496
106190
623847
889360
29939
508047
294278
691398
32826
242026
163923
734567
861170
103140
513003
880230
315100
318387
676052
658566
998597
655840
460939
151270
408205
20113
756878
529101
189381
812804
787025
410087
422817
181217
657548
314518
890002
904687
82592
884513
885407
75004
423351
208735
292145
915967
469515
546994
318594
56772
712609
984775
505372
324949
213330
64357
355255
656781
548738
237046
213010
36605
740214
60126
827787
471131
509383
422496
367648
880901
686746
724566
523937
448205
106531
860822
742651
399281
861352
57594
550602
418344
361507
103881
406097
891942
246331
279725
497011
964401
828764
334452
433551
948573
419382
196198
838683
980827
572372
704520
426068
935215
23531
549449
273581
518959
849106
773228
649840
159885
164363
645079
931863
766156
502050
454652
863902
689634
863466
786482
650627
256433
318615
135560
152280
41683
947002
303277
755074
660274
856877
873319
327010
221311
998296
208715
37481
751246
494150
834081
718418
829124
253357
771201
875400
397102
701687
381440
419087
210394
568247
535103
680475
673006
799432
475676
297887
869096
837185
575996
119303
444552
694708
293782
350506
619314
490300
25493
797730
18225
358771
230402
202868
196669
949957
150829
349993
706957
45113
689842
833849
302429
174523
524350
124115
408448
503440
329327
833704
302944
668525
68064
904960
543892
693222
663632
764601
57084
588069
8401
366351
954780
750713
191268
439675
594313
820446
26362
193660
605417
213370
452369
187007
616072
166829
138177
68277
188831
755551
678433
414929
43123
6959
91673
955359
983713
939422
944080
45073
81502
74739
313463
386272
560056
734955
980978
629559
529752
223625
692144
677130
181136
812950
64101
218733
300075
310742
732653
274833
999508
864963
630463
295856
376080
578614
866923
672014
394664
454063
540495
345165
679762
163414
956017
582305
49998
150314
142217
869695
570380
608659
268879
317323
616764
954896
548362
925273
947895
513232
472867
556777
62653
266763
786608
487100
183604
692657
421224
953117
52658
895753
733069
215312
350657
482515
772635
262121
959892
876049
989219
435944
477079
62931
728041
940823
353993
83905
112376
403680
793983
933010
419851
404200
64797
913529
859935
162823
201612
914150
738719
382015
168920
515050
357476
572863
425869
311134
633036
67225
496901
348457
350929
315076
588000
109896
166294
997356
508585
57424
952934
946534
160077
340882
867489
860268
634372
916930
543560
317962
528942
986901
159696
665685
430016
358570
735539
921812
641261
64381
901996
973935
142609
327480
564172
986999
452361
756928
329902
123269
535422
474761
312058
386673
151486
730103
929430
647195
69245
439329
628807
675453
386137
6314
29997
323210
787898
723084
855896
822521
958162
28739
151268
544359
505554
913302
716814
456986
714233
793173
389142
955003
143537
256176
782665
691916
603381
176723
376007
542224
314262
835386
373374
843460
124240
842242
600440
624257
499944
859620
804659
611450
634658
347415
121492
427368
423770
812955
140925
537899
246325
337402
962723
192570
461159
471991
864232
809793
277084
949943
721146
3601
188781
43653
119496
722601
483578
811837
176228
777555
418991
927567
446084
370882
546881
255693
934109
109576
317329
856919
155946
382418
533779
635863
392195
913032
450747
421688
768457
762272
306360
872465
559282
46553
864219
228185
162110
163175
102555
602403
516362
369367
533381
198776
353230
148647
760297
566280
553278
916317
790874
765720
61851
265266
307957
110129
266368
133975
574033
963009
474927
990481
893701
930844
152275
369261
591583
670133
867018
872386
276437
444247
483061
51971
756994
511657
988626
427855
350998
404666
497786
262616
486162
166536
382312
615437
430229
654953
195720
626987
707058
91062
36779
949438
256618
135839
266322
728843
679015
909353
39053
571574
966144
533531
941169
482135
969294
975288
134934
846615
476988
194468
802968
154174
184604
859798
357862
298421
25763
186119
836816
981135
305214
767418
136366
952777
823930
632763
258869
567323
719327
136001
540240
403435
57040
705123
907575
509594
305360
923511
575613
167766
699471
892785
232614
938338
159800
335791
689061
148431
867312
438293
166720
916440
818281
999215
890920
267476
682051
61841
415531
887615
67544
832139
157964
589257
867717
355449
950623
615523
695931
119036
25585
498605
554144
475550
740888
305078
780081
541253
529657
750631
9008
12873
7411
847354
355465
168260
908216
458579
271283
168552
536999
379494
568438
663333
723128
336136
908790
615344
839526
601020
657444
207541
311894
760609
372486
672880
184239
537968
361049
895979
729754
473361
670146
675843
800193
696238
600442
610129
592238
983928
332101
663987
775961
795574
534073
620259
478326
994211
891683
772903
443786
525578
332070
421775
804378
409164
353042
954429
283320
15158
268112
559426
328973
750364
368975
905624
630113
956835
976392
443269
698838
38886
101444
335202
724009
577286
971339
410301
695998
463886
987418
946336
882599
895561
777757
535659
96323
403292
882716
764739
834895
960355
269028
947306
299617
613011
306488
690925
500375
7752
61038
648101
141408
651065
759005
405562
748560
730854
59494
99154
546601
853059
335406
6814
924277
102686
508268
68387
935138
425377
108061
8590
173758
443792
136439
498196
539834
472531
209
578595
856750
675931
251691
396118
46536
25053
123518
145100
579765
953270
877702
2425
216767
384345
802232
751326
635656
112493
283216
738531
403011
350891
756566
786354
884647
633215
500416
690134
116785
152235
167985
971474
361994
50130
680281
628991
59676
137138
599047
730866
147425
8273
382572
827234
277474
552307
990449
325526
281516
402824
148111
168135
347575
968121
207943
379345
764155
294851
950991
307224
759802
169744
861771
676245
920262
544398
378402
887669
900808
580038
371278
357277
667905
352323
635698
63819
302202
530680
497364
896589
473989
152302
724391
836825
62574
947897
815422
485173
32647
544387
390704
956236
603558
269214
851422
701286
951518
211548
692349
391477
170106
657625
853805
596470
981048
10580
281196
627132
735105
829597
423829
576059
571977
678804
749467
285906
218526
63316
477035
703090
796173
847950
637133
833206
181227
203563
258483
304519
915956
306641
948157
367225
403597
729653
384420
8654
137089
702880
273245
748445
9169
202820
133026
592702
330566
127940
866757
572463
43386
659470
456905
269349
758381
273077
275442
740041
667649
766699
439975
291268
88407
100455
366640
628301
378830
806484
171403
2461
233568
219708
853627
116950
914380
804958
259262
715357
800438
411529
665732
973465
753212
373172
456541
42550
182433
989698
760914
351119
372496
75744
122185
562101
582757
942967
228431
403779
670538
393814
489810
945297
502248
48181
779261
271361
215885
598704
966754
925788
477285
396073
971945
939866
232827
102684
936119
738993
102918
21110
771494
729890
483432
103264
784457
910690
626360
576827
289019
417518
456301
587402
127761
523695
646022
248020
799750
241513
522160
12053
458419
341537
701228
341238
387082
300706
966484
227442
685776
418031
787766
244952
810323
95477
59283
459492
292978
71659
84452
700834
443791
217263
572211
417793
82732
353665
425836
577527
384912
439970
403168
845532
734662
388772
306222
588327
78989
717211
218532
77782
646899
217419
450163
644183
58282
839280
273195
424556
784571
18434
234567
783416
643067
753750
818538
445046
507842
841047
497594
869563
702325
803617
758530
429429
602168
225142
519481
498760
821723
386899
464077
654668
983411
338669
210464
808060
476530
791576
905801
230708
800479
511099
790948
126101
57144
209801
515390
603463
908143
291860
499079
657523
844863
185271
435683
31013
932690
412627
110881
642545
285580
997676
69646
599420
403065
282397
308106
683111
159042
738119
88386
594546
670160
894243
178961
176999
491332
79433
308381
296310
586908
272658
386864
51314
308234
995278
98051
511769
171834
840389
792383
236762
577142
931941
223853
413437
728726
333680
563525
574116
935146
186745
296050
499244
145069
144815
59513
94276
50992
496954
224293
740552
341920
220876
23225
863331
718526
93112
343199
234618
97855
897625
867443
834032
29311
720690
118065
927925
719667
297403
90069
395080
222068
383971
590870
226776
282455
169972
103462
559630
56580
816069
976739
561569
411763
305188
13058
984434
809734
928983
71009
221144
830440
896417
130426
261000
241353
747609
377060
23624
142856
483613
255910
170209
127465
581598
115067
640146
579142
354936
16034
841770
208680
438976
521830
637892
672109
535852
790793
9922
651313
935434
101833
558825
89501
744587
16019
806806
368932
203186
739696
600536
94243
942869
895961
784893
801968
553311
834170
715611
355326
360839
811234
109889
3045
895474
863838
195925
82008
125066
957303
115515
125704
168943
44665
58256
703962
868544
998651
661566
664153
288805
989573
797648
570049
951595
773788
986673
41718
361282
530178
324911
388358
172579
336263
997144
395641
172058
110858
154671
380178
97318
866825
183324
655884
201526
415302
160375
370548
386136
241898
604848
265598
670851
135700
462661
288058
747431
293525
636226
140909
372772
44725
267491
796535
396671
45930
414131
717678
291028
780474
720461
31290
149738
463869
177832
182897
262337
4506
93694
662577
529507
497905
944145
238367
184809
843152
871718
758905
514585
461787
208335
994322
526729
772245
552731
172889
809097
27068
612361
840655
139584
355425
231678
422264
762448
370135
771870
393398
629272
496173
281520
288744
317942
256796
703354
864117
789371
113744
699126
607364
619182
99586
542871
449869
850394
403135
932174
968978
153160
272944
497737
591396
548929
89263
253487
308551
558918
221425
222591
197190
270567
335492
999184
601914
480721
146089
61255
181099
770529
216686
237085
143637
94621
304244
845768
911129
225902
916919
681748
128673
187331
207681
194032
417091
623375
62024
922557
510426
916310
254558
497452
454763
736403
847114
281269
357911
629973
580108
39982
774202
195686
869253
865419
184645
376921
161307
939994
189888
406879
825413
633996
971946
983107
460662
856364
300335
319437
485887
541793
859277
825838
144285
650183
954833
300505
603311
78835
724304
683524
659404
443505
814985
617750
667446
771293
125313
290075
706458
766538
608679
285050
665888
460301
328661
472858
890951
734672
924163
274943
260841
425058
393893
3114
90202
446769
641883
351746
42143
666644
539200
537750
320158
46104
351723
29240
766658
918949
259866
281401
137434
135377
353317
406835
744234
203113
922364
247678
861707
487195
87096
888129
780349
991900
806752
248500
153663
241426
93700
35746
335622
300391
820029
990429
733607
30844
849439
66384
812335
269425
353110
906896
275935
726458
75446
739954
128126
58176
4069
605241
764594
743946
368175
646742
987009
112281
140313
57463
844696
102576
248914
146475
507877
123926
522338
913591
955447
678054
979952
463226
120645
250288
461728
566582
279546
340673
745068
690029
890186
406754
236050
847648
794198
920189
42001
707144
678220
701304
733303
480921
958917
188825
384538
267855
803314
326483
548574
676372
825257
303806
661906
755722
109137
475357
5563
489864
603642
400835
753091
367182
601148
97857
825627
829281
972440
279918
243774
723412
61850
563934
417006
235602
664442
374937
343508
165359
304784
549907
6878
817863
115905
448383
350817
235844
977408
714428
88912
970878
213309
702655
263863
102639
73020
980471
908958
754654
422991
249331
384335
926439
561891
489733
961553
64389
838804
127815
12218
427617
801747
545877
719873
969964
932967
314765
579109
155681
637766
113005
71813
853842
45254
415719
817712
215332
352253
685777
184828
226265
895685
980306
815200
453036
874133
597577
772211
346673
655864
632472
48066
358014
908433
83138
983452
30234
364139
457101
746152
181541
895895
662024
391334
268410
719722
334464
183487
28498
962899
659388
798434
542447
540933
163881
743603
925035
271821
930392
835672
958707
422727
168013
856985
116291
432008
104723
575565
584741
378652
719185
158303
98055
881519
917579
632862
615021
502407
379156
461092
136286
399781
443565
475181
245219
934140
93727
397534
278387
161321
299874
916340
383956
666656
733607
820988
110150
990740
135182
15015
580919
976686
422934
318944
762272
729064
970650
851392
800254
516369
346863
434033
920351
871650
209453
904462
918139
350114
979626
440777
842268
887787
381218
2623
73449
471986
924468
775706
636854
882160
937807
70239
250413
588782
806865
468521
307767
508325
666829
142818
722174
203945
912436
171950
316462
294357
539300
373457
234153
287483
510949
637950
668176
790820
57844
3221
56128
67037
57827
737923
774827
201225
421860
518102
281935
725259
714570
374584
598740
405127
76046
465218
5691
38667
879482
883158
831100
534010
458687
650915
253451
243112
670128
769546
109037
510136
16123
693416
799205
661029
548913
883122
525257
208488
799800
152684
244114
875628
533195
371827
934117
151992
212296
710147
987904
487173
681344
17190
808061
900144
718755
120944
971315
736509
796140
796966
648305
541228
590108
911358
318507
530995
536924
773018
203698
948256
994507
44072
258346
658002
381912
652122
1653
708801
3367
23924
953459
221121
132074
617329
945056
888881
328432
166804
115970
584247
897976
277565
979060
41033
856252
4356
538834
358699
761010
833100
81670
116756
296509
47144
921651
218516
550402
804564
82032
193460
510564
378923
619895
579104
427411
923154
60316
176095
336655
804691
196440
424374
218121
29688
333115
883591
978143
525170
904305
817543
686245
80168
278264
180300
271213
560363
479517
880736
187326
605508
502971
62563
398437
394858
873000
278566
395758
223074
109189
860576
864603
567531
800393
490830
46033
47708
60116
965713
801226
178294
238713
409488
879606
99876
901737
743449
916126
534562
248758
45075
238803
58606
343317
542053
654507
410078
752160
377712
999159
956870
450745
957197
387920
638764
141999
637856
781613
667068
456640
762645
697530
16251
855876
551963
635947
274267
441121
167177
68083
731738
290362
338208
636889
684849
387155
307892
558994
802850
685713
487425
84274
68232
364377
140072
268941
236137
859778
614412
248689
979317
845301
133730
660396
885876
919988
914783
853979
259314
407820
437032
60477
233835
332342
12486
738051
62604
327903
416722
904541
562653
976296
233179
383358
607300
816400
735726
538919
245491
64451
588593
258487
497150
903849
378072
649202
124611
55969
7061
162243
712458
227212
281304
630480
201537
942592
595348
11644
617656
222420
486528
465943
111463
536201
966953
765234
583202
476656
966257
930255
104552
636795
922036
423111
69449
244275
540204
184092
506792
209820
14121
295089
270149
380253
539190
76275
883058
951734
788735
978389
663243
195101
127304
719874
375045
872726
729147
736272
66593
985115
442498
158718
936716
775491
194342
219016
46318
241906
965748
190699
439935
758974
884414
718652
775382
795076
778951
664278
872928
125971
618509
398847
690097
391983
621714
814609
104241
323524
460492
191365
542196
468474
907183
455679
934844
794978
477484
300490
694129
114514
107078
94874
411029
872642
666432
506828
755240
488594
166086
286367
620782
89940
833860
711899
906484
184846
855762
789755
446260
541957
463968
414908
511336
306761
228112
350332
995045
173301
860225
63124
860551
251412
578990
167412
682824
122174
95621
467251
