999998 9996
809782
226964
242788
248585
741366
845234
739682
929070
786914
286662
55960
532533
415893
69392
643780
508458
652641
734125
216385
477771
408423
451528
683211
980559
329473
748764
536301
965351
930349
586616
571122
447254
704768
418092
263340
302245
110186
790074
342847
736238
807756
511468
107305
570054
305879
404496
799704
115241
203423
180171
937899
80711
557799
34667
828827
646446
513405
150209
626074
568091
217584
402271
196694
935006
224064
224278
751652
994418
37975
761694
664002
275578
191874
159259
149869
100394
258807
68329
519551
450770
506308
235682
519512
77947
474314
340792
880790
685412
620346
85544
565288
994497
316894
908447
358680
510553
908795
594900
397098
847664
242512
485661
934536
541100
64549
947625
158855
379309
952862
264176
146497
420987
992959
126757
109523
27822
239488
465026
933283
439809
114477
439827
629012
647556
284976
41387
732899
574789
235703
884586
871597
874324
706411
473770
683938
962025
399026
421525
39521
265859
876229
848978
27139
50888
370984
469605
499423
596137
305634
664207
54858
945506
679525
191595
214267
932488
125732
47728
206110
687212
360303
385433
213408
374371
951537
337523
154832
481894
822182
48008
73472
582759
664008
209314
989034
126124
492097
927773
632682
479002
895271
795367
828476
135988
149430
632593
411314
742095
252189
485484
478554
332524
110048
109242
460914
983262
563417
351601
968025
887665
670185
560944
614950
726737
685128
387378
68240
84600
470285
119369
363544
575682
650539
4206
141544
296462
689005
837495
824947
192116
198409
475020
916491
937236
227500
819737
536413
969788
965656
267343
37536
388814
294161
555746
37121
528880
879264
456951
486855
158081
49970
774292
465809
411457
532612
663572
225957
767951
224607
383638
645778
606574
581405
200029
654740
136266
863484
314798
379908
783928
444352
376225
735642
446441
615860
334100
928365
364985
843747
149381
880552
763788
224175
141457
891629
810469
971112
561936
948134
901404
124790
320740
971526
753131
313055
658508
949217
289542
320260
958682
332894
854699
422506
823330
307916
852368
933313
998694
538563
515916
170480
729557
776125
146008
102686
646022
280291
818571
263525
341866
349057
261791
130982
390634
378308
328437
62015
663736
779474
248603
44683
464253
772148
638006
984440
170832
538261
58239
976503
797936
475392
777949
32850
121891
319021
267684
30219
796614
717009
876185
224613
188507
434315
82210
538139
496991
741929
693484
965635
95246
701239
373203
871369
925208
993519
914498
650211
211468
663957
754627
213029
720689
650606
323129
22648
286287
250883
952027
954580
342556
741714
241149
85829
768058
214137
967981
625413
425045
309169
858958
591871
399810
948956
797908
515856
98304
345717
337415
400022
32015
540694
700131
403763
340993
476330
809620
236974
844123
137089
274112
44833
681094
607841
661568
644732
416245
993434
850757
336817
811325
19070
720586
151200
342406
788321
948702
317773
935582
614099
230443
948638
326767
57613
800479
408522
912795
311349
742052
615159
954225
844290
202481
559460
514622
791118
298670
664398
576799
911836
192619
211886
363376
74230
544493
958533
7203
118825
309587
234000
366597
654462
635562
269803
961013
802347
437631
241729
714672
157397
81881
525676
438846
267950
490745
964531
757911
748358
899654
522837
489935
733737
440179
566346
329488
762090
702551
145132
48530
326289
439182
81834
330641
276831
610902
370646
784512
976055
48877
378075
644558
605442
107732
603053
159639
309882
819185
301861
695334
926244
220540
112406
130826
888325
728682
922771
218423
526221
657729
620521
191861
385405
237329
32152
58974
379246
778590
316105
694970
558467
955943
308185
64473
31982
525758
834787
643638
105793
186352
807179
388092
20122
699027
989224
398080
759629
836108
691254
769140
287617
199448
284402
984782
212277
461691
352575
607045
331553
122606
503332
951517
722920
444088
344285
895249
45327
829987
898263
959230
502818
550672
778290
331441
482785
377338
772583
552215
226553
387274
100066
170524
15980
928931
488566
797975
266956
494357
400634
636725
609194
36630
186115
738180
501395
91211
675861
961254
181893
912672
747660
842135
787060
722047
693242
361920
283268
75074
794366
904142
452918
307932
376325
531110
551011
994554
748811
76192
405983
358440
866932
448528
676992
621897
249286
977367
699562
346945
675324
585121
852491
924650
450872
71379
661130
503451
578484
814577
915634
812066
998459
753631
927500
528876
176655
598809
673700
77198
706855
839230
984925
984680
268308
263839
122945
235048
233137
393337
61813
361767
453678
432474
538611
385686
276418
95277
471687
82541
627035
930192
657762
481228
90166
577799
754068
940038
267852
730640
427613
625600
342248
432911
210915
728046
691003
757144
42013
285980
607836
825678
686304
66094
666178
606655
238718
544826
30358
907401
686975
673249
66650
512511
80138
771403
935621
469577
191425
594596
457549
112449
690184
341707
434287
530057
745193
134337
783821
838252
669905
285699
297839
792786
689995
499386
568001
993448
164536
990754
643207
172563
624362
407390
277976
835464
804643
340222
211205
826193
443446
163069
774880
228642
994000
916023
273933
381462
555642
956785
1298
684524
266871
144171
456304
305339
123686
389249
319905
855810
687338
512136
6848
602791
427881
476263
162723
800398
513343
236950
302957
287644
699117
637422
901143
581906
598093
12966
625721
316879
19329
422654
96860
23098
251491
718173
489506
929774
137058
980532
543892
678594
534238
207976
61446
583301
295768
522249
761828
343300
207278
575339
455991
925177
422575
285168
850464
662942
809229
506215
939675
495985
275043
749843
865992
663117
584461
609147
331250
101765
393713
114435
128879
263276
234475
847968
132364
48478
958002
280416
123613
92027
715250
456482
173908
679761
893145
853467
900462
170185
553196
964064
813223
909366
825837
913488
139398
277957
402385
211049
967287
689697
736212
557606
286353
72684
815707
482844
517074
607852
403841
470117
421957
273528
452612
141662
868212
50569
995382
23231
772913
479534
196092
384774
703112
629490
391561
662562
26170
437449
901564
8199
209727
808147
101112
581245
856045
825721
750297
304729
322076
922073
859364
936597
324455
871074
430058
475202
757720
33447
259108
113222
64414
364080
615619
181922
887321
311682
11407
786480
406947
890110
471784
123139
721450
881354
684008
790204
861583
342094
151605
757492
549805
328888
15011
42589
610581
31484
512414
557321
17982
309400
149451
34157
927045
963829
522363
419754
676972
945106
396446
631696
677082
95366
80105
114477
290526
956702
354571
202087
316166
637041
220272
897096
435551
719118
503118
309919
39857
722350
927421
666983
180690
683059
606885
492806
999036
5430
31095
298538
878251
853736
532166
868308
739805
5783
904650
24746
354626
268193
321589
576357
278222
266055
940513
1949
34371
662635
625460
311106
470014
639265
24532
434748
783095
771164
837268
446097
585430
271902
482050
889914
504314
947334
531012
506656
249387
99288
218394
678246
775432
49924
48001
993432
157074
919612
26408
433260
58003
784338
330787
810965
225156
363049
283693
265625
267419
941040
351883
805214
88748
322362
512219
122244
737208
222430
734925
163929
104308
661401
522956
228907
863061
599564
415942
683789
268605
267900
118185
745386
961779
390129
442366
158208
713923
766977
574139
11922
130272
499070
257474
389704
689649
461747
376640
15968
139781
513293
67883
580761
190412
317458
932382
958130
650469
591832
141777
107067
640921
55541
228513
46185
281542
342890
135519
927042
297660
674003
663179
896100
322063
129174
796290
131571
277600
960546
519688
168951
117598
492912
638434
387837
374080
814837
806942
322647
417870
641968
441145
281164
70013
446319
438791
607367
220557
188460
665159
808777
408574
763988
974986
683623
896414
581287
136118
529384
631537
524524
396359
491837
630854
923971
592244
122491
745391
55189
636910
252366
467150
119219
943992
361344
425425
617910
845437
724848
486426
531613
343333
753424
917904
730928
599386
105807
909578
609833
410325
352377
850526
14445
543563
193401
156287
159825
214627
495309
111284
376660
176360
698228
146280
210306
859618
469335
205916
606603
756175
829099
378005
662029
766762
361295
754083
690176
550650
532679
569849
162202
7899
594547
34435
415807
901411
15897
899095
895478
283092
906731
738725
86121
826955
430053
123732
232907
391707
772430
345126
402032
136327
845498
122311
430277
294376
524608
770900
835675
276275
895818
636977
817227
113485
678760
214589
58561
384508
720415
254847
168556
669875
213654
347868
241390
271729
84398
912888
199131
403375
812593
267234
291899
305100
804683
461444
373790
774853
319088
865667
347178
415784
861218
71583
473661
497425
910851
534441
86841
703236
822229
521401
610290
194483
746029
355224
683463
358886
462402
646460
628993
332200
85556
192630
456700
881876
702901
489497
92838
524163
145564
347381
547481
809506
252129
934572
288653
555797
183726
680233
178689
435048
576148
860813
946486
726233
573467
366819
318740
235580
77643
100902
613895
355270
869923
693575
814456
982500
612362
739469
876507
553103
121578
554891
309643
757369
721918
536550
866226
600456
931462
561660
515784
345754
211870
511256
748506
536787
21838
921363
651250
731711
953985
970822
130098
804215
306270
499865
115435
665571
41589
520183
578679
44837
722980
725059
714217
527690
676911
837232
695750
399069
333409
242535
3165
960814
419332
248929
434241
902694
439875
483412
564877
993709
673434
393399
602203
830251
726248
554495
286880
628729
545772
503196
744001
82435
675535
110924
956478
115962
449255
94863
840422
965159
768294
121453
738961
386621
84062
99975
519093
957931
215772
686530
355587
368326
673986
722796
716622
319215
231683
319324
27736
154945
587115
559715
983868
626413
96518
349868
503642
253643
719759
765627
875741
598138
518319
362453
734116
381796
272531
302395
116943
796438
43790
826457
13659
536424
797481
554571
485060
56608
523679
330741
653378
308811
645192
847512
602398
742269
886323
81780
502102
666947
190755
653063
77986
173353
723266
575686
882115
678473
467504
517960
691137
824657
440854
604272
755904
896766
87452
98
557988
142630
981720
5323
190333
382827
577298
147835
472406
78028
370059
817219
434647
585630
508942
307481
862690
682120
584594
748076
178711
553592
53391
294126
55457
364078
513157
119556
807897
199801
836979
210975
788121
657223
992771
695506
721012
593691
228797
452327
161383
591774
189155
55578
27694
501784
438243
675370
473120
21764
819547
423983
191654
650182
51599
775947
625097
503767
972762
113554
436201
431457
886540
153440
43896
575106
530375
995244
978434
28590
293477
799934
307473
529195
442957
653248
408510
178619
282653
998820
918749
35661
365250
135873
780412
48657
105886
667992
917643
202915
404204
462344
230597
946928
171860
632785
272944
930819
983765
295677
190950
841485
423900
363823
245448
651118
80336
441783
512443
909259
559094
964931
163739
803273
332813
84974
65903
588100
717707
446256
304047
643371
781088
919999
636304
854463
521769
567770
815572
233758
236954
590789
176975
699404
591756
788297
882684
711050
541286
96065
740144
25528
920262
105226
565409
180189
211430
71947
650220
437554
731571
820075
9605
832186
232694
111748
736214
649156
706045
515039
968236
133214
997844
533081
689710
478729
698211
775704
825141
182716
648522
252464
864798
656738
327482
445071
562720
588164
322487
677545
86355
917313
70392
444041
364934
454145
60579
777144
283110
96736
733272
443529
797019
333417
377327
739228
11873
211484
434261
923357
753335
237601
749091
877006
189347
738479
473559
403082
614747
55159
523655
693281
597928
570206
720835
879915
306945
974313
5174
263228
981899
367353
398689
758891
201106
758567
718382
345745
800418
281627
391082
810445
48318
972484
105962
883536
953719
271409
455629
940545
389156
505378
162997
802088
48916
482890
968674
808541
129823
990572
762391
267690
21838
419369
82042
577899
226263
967881
675181
814651
181272
871339
420383
334947
667654
886981
539639
1882
992052
830043
698012
960825
200681
299308
283071
508989
163373
857140
884142
491762
486004
836156
750222
832035
858754
633148
795435
252863
628312
820628
542190
989134
94052
657308
244757
300545
271393
611083
319752
896017
639925
321540
125059
958784
699602
23758
75025
321753
995162
831134
57280
484330
637149
432197
125341
584749
247281
694844
481183
146050
686608
391168
833268
399215
886798
757025
318033
253542
598051
882696
306668
532228
891579
994495
584011
920193
810217
531900
582705
181566
647680
550745
583291
595825
955122
390259
49703
234457
523076
730187
559663
654091
267516
133991
110771
817410
160694
925068
935625
569773
90585
775177
343085
797275
807147
697725
517843
471149
919325
233304
656753
143693
243584
490830
297891
102566
672967
364879
207152
313096
135055
688280
727164
482397
137884
298759
64653
64398
864802
999393
594888
791518
772369
174876
895637
366557
169881
389060
888122
277482
314697
633981
158709
308141
144518
26516
262660
209524
885883
656103
570014
169069
427611
975379
3739
169575
528527
595342
841567
64679
640780
597624
605465
214420
373172
508674
946498
822276
393375
894134
347853
694178
873557
126420
415115
322
420839
254494
500394
762241
802201
62033
415707
210418
672847
338688
31061
861841
947697
108857
623968
152246
417617
63340
949644
724396
705132
721523
134977
21603
678797
915167
664334
664787
1054
29627
921614
201721
571345
64305
980457
208738
244364
981355
593335
397983
352801
147
620268
337434
244560
464709
459212
626240
256351
662364
392704
884550
288737
503984
149126
714839
422110
289763
392008
870838
818744
879165
297050
230556
493001
459628
854132
811432
399896
765888
40297
988567
691669
40218
549817
281029
922676
243628
338659
556623
444804
29056
843267
272093
228798
769765
367339
413579
871302
499693
795311
131257
603059
967192
487576
672446
700664
129573
939972
109053
822387
323118
548882
528100
438038
31677
613339
808151
703475
646711
526776
839835
842301
862597
963656
65250
340424
383263
749951
508880
33611
429687
21528
51775
473793
132503
220749
561070
796812
269966
459152
628551
682465
968736
782873
94805
897105
923405
917484
239593
339730
410458
140237
504463
474402
873280
30239
880176
525004
137102
980845
639421
832755
376221
523641
924346
332570
800562
709632
808837
191267
654640
20823
847018
268771
529180
544152
792358
212910
174172
429779
125825
679038
971813
977023
266902
377628
978800
43783
857875
396180
979668
859049
309668
516151
306306
733183
876561
51327
273551
606902
887544
70927
956723
857459
403594
738940
694175
289294
493057
900560
136430
776475
521411
977292
883200
595528
337019
694182
750543
89809
1107
155822
492657
940340
758039
312151
366281
983087
271060
910785
270401
208944
759046
619488
319931
310212
561389
120576
619267
896177
830982
628455
690098
290402
509421
462162
477567
643655
473820
16684
109873
948938
761307
720010
618603
428844
75069
337261
640597
680541
354947
288931
716834
909956
55916
487172
179850
564262
919390
562226
778368
680578
445162
250515
126356
308817
975848
146569
783423
437923
291111
982891
274424
957247
875495
95006
638428
318638
571571
753372
160608
729836
159207
599489
785403
906052
512109
510453
335232
634170
374382
834360
66289
662774
472736
88407
281433
721259
634019
892163
689873
792564
813165
120427
954386
116617
453196
3229
398971
785354
396803
174982
163363
205219
648115
480403
185530
149358
643628
681785
269279
599226
332855
80344
151287
84149
292119
463770
920391
767397
299011
722798
361663
98627
280381
941506
798796
455089
313347
759239
790535
827776
406628
326431
600388
273748
118651
232307
703543
552122
679189
369328
720935
88807
172924
817422
77595
173791
516169
480447
370921
84887
412064
388008
904218
653081
204954
287665
91828
637210
571216
395706
474423
159446
281686
949117
896484
368135
849920
507005
992720
440808
740880
786674
506174
17721
956239
187687
117967
165095
235344
56702
407129
7216
814998
176488
278677
237912
676536
924483
699078
824389
475315
39390
860474
350262
895548
958730
958508
609609
2558
245950
613325
260201
274833
712573
589290
571566
389900
459060
876215
562362
510871
207455
383322
111561
774620
979564
466935
949229
917901
386314
263859
785248
494312
537118
334608
218081
932887
852476
434168
480755
768150
868713
322644
527508
731879
460662
404184
442074
38373
776267
639751
657407
117910
576506
617803
16635
257147
604676
886684
276363
90606
71008
653484
255971
653950
331758
736362
470323
757641
366304
220808
748378
768645
711469
615031
36460
498219
99187
425656
312469
785404
161813
982121
296153
538717
218760
26657
430541
452614
338849
56448
430970
350660
584642
655560
550658
123953
588199
86426
595567
531174
382133
224198
636345
705769
715466
511942
311412
76086
920737
990691
592815
545928
766964
615547
895239
205808
632454
7538
448626
549289
762174
510625
926132
154185
336244
924273
421676
54948
569325
564190
5160
580445
85076
367327
248441
260436
365504
601976
311449
514406
161963
369749
405369
227991
372716
493467
708615
995121
41386
573462
101327
758088
811282
964523
405456
813082
382520
176682
170008
665376
261991
735274
424809
16166
370670
849185
241219
242169
878414
330913
384479
89469
973308
88057
819932
944656
140780
163071
344151
969187
927138
736594
152026
586991
92821
729404
722183
300691
522584
639001
5611
578405
253004
29073
536193
600971
502101
653558
746855
988506
641532
541754
471345
235586
638733
496894
339201
475924
614549
367844
530232
370285
811306
142038
144902
365453
446933
377519
268279
307460
642677
742896
657760
408845
855093
466296
868557
867580
17430
307815
545992
14421
901175
264758
559918
725755
45445
594881
634118
980644
970085
900101
132363
863612
287724
951624
702780
18817
760731
657146
553547
546607
310900
71768
235404
600061
482891
636500
940316
486958
886821
891696
490602
911733
701119
757486
389203
102329
403622
99272
529228
958427
517086
703529
419771
30445
304692
977700
74988
92732
31773
657636
34720
309783
621941
557045
337518
510891
278909
925637
650657
886485
919766
296102
176828
498524
71076
794835
403440
357674
216138
767241
238021
461563
449870
225725
582004
111308
697201
66918
935199
27565
681543
224442
194570
272737
291795
924471
413451
752555
989514
993584
921140
118116
422313
731885
867841
218550
465169
209077
956205
864838
498296
967173
848294
556932
848346
20736
495535
999130
969162
734026
429293
682816
118924
624167
871002
550981
2497
390391
373280
775571
90904
501689
587302
976549
104292
488635
666689
790656
450410
679903
764510
558214
247544
499951
57495
37920
928995
601594
740361
482415
325630
45656
473202
111530
553674
459599
836162
5452
996847
608049
448163
706671
165084
90308
540252
367384
236540
943473
939151
108191
645175
774458
612910
364200
163212
670246
158077
386332
545843
542863
866608
738403
955032
754110
300763
584712
59907
834749
625535
798179
923134
863866
300687
435711
525847
606344
118281
925292
58130
819833
986587
388421
907683
237381
307596
881869
616233
607806
272849
984305
941439
833170
911129
76235
561394
681156
261572
865743
889566
769893
617048
197944
929865
523740
385223
952591
94743
580784
748457
882174
433598
696259
968790
571944
774468
530843
880506
313629
868871
838745
840331
576227
747833
477747
164109
930115
146566
351809
868830
734791
35898
866608
360172
635948
10493
729324
558273
934162
527064
956241
838229
185331
760166
765189
76835
972104
148863
624589
43417
645889
544446
106834
350099
980644
237551
350973
185664
102480
42451
878127
97202
763228
46935
222816
155020
11472
598139
344326
938829
581145
587814
64492
917031
865624
124971
841744
955936
174402
239468
35973
892056
79723
347062
444786
328142
52180
824571
298908
72441
257156
193227
92995
930663
338041
88969
597816
881453
247549
410322
150788
18715
705044
777690
854018
27878
655636
712292
622522
378293
185916
748633
120002
860194
711531
31336
495547
572214
893446
815301
491837
974227
662528
687580
933916
160350
936249
260026
827328
78181
96616
543684
295384
22948
65058
209056
367540
368973
857845
460776
194380
165945
834709
310931
609370
923753
463710
622118
83589
637179
316960
409554
26805
860541
184702
540924
76802
432416
649315
153346
488533
271862
196189
818720
985702
520083
955000
731917
469562
185305
462776
970664
793229
363621
419247
181638
404502
54903
265309
884225
36190
570371
557055
951526
780157
537242
530668
727633
819759
545882
957561
670858
815107
556203
374522
374498
436537
282566
40204
309905
823908
910252
517176
661017
812821
661594
607813
175205
613587
926166
482700
42163
254734
896939
231798
430773
510080
913127
741468
463264
216880
484
754583
86655
862265
421068
206270
513392
66180
397089
444445
646243
121259
557183
742169
176946
63535
68529
587917
853738
842624
864519
600241
749852
35990
855201
554900
233185
209137
516538
935353
736785
462031
794529
621661
360475
921796
831571
818156
795805
942704
624937
86852
59733
556698
361059
401429
46833
281172
834337
465714
965474
735455
55491
150936
310361
643408
881999
797633
141965
706812
261955
300954
92802
522643
472744
352179
701174
187108
557184
944635
384896
480257
12341
268818
610724
557242
670033
419335
589562
885739
623025
915420
133255
763808
997271
897103
145622
128406
348043
743
588605
522044
466605
340445
663785
23498
424131
726034
380201
668259
750834
233554
641309
385348
750832
510919
477093
759387
87055
749143
71746
990241
935550
78719
793010
267334
204804
261039
516169
401657
543269
936363
153861
965768
117060
362702
452292
380520
429814
534054
795079
357002
778010
801823
967895
853138
287588
639826
580221
236643
861471
991143
114949
659469
782668
714183
382226
743649
163893
5678
490855
554382
912188
319931
318733
493455
385841
226473
863201
184563
460893
852408
782880
641822
295858
41071
904443
13728
685789
125220
460970
977075
530624
260830
352917
418787
607786
596683
778426
388367
535304
165263
166586
429634
539238
272099
465438
307649
398015
333538
485934
835202
726296
567023
183700
972977
582289
673316
472405
628449
234970
666702
405656
610843
811458
307063
338801
12927
459815
166807
987648
885147
608866
226004
138040
443594
884135
30648
128387
210508
247802
871876
126679
424520
970629
148000
654137
777534
115073
56628
769620
36149
311368
30714
822031
387737
742119
880229
702389
414771
416020
430269
82920
445725
7572
556744
217400
656851
767226
912407
495165
706342
265174
308827
90625
870896
22029
674020
730766
624409
400950
740791
815046
349486
488275
137448
865255
404722
73554
350412
557325
84144
254873
107326
392736
99957
641679
89625
404080
95700
604838
525159
157504
354152
532454
134256
714183
302799
590016
106769
143620
639407
54724
272968
643481
901211
896393
397760
313875
83470
911116
575553
158341
476603
378903
32190
939532
235858
912814
250749
104445
323426
894633
229564
112259
370171
650925
853720
147214
692572
313341
815342
379659
170262
128366
253366
650293
940465
834181
300089
695801
897907
606163
19612
808485
802226
987548
802446
128164
389638
168070
140843
601546
261593
950957
851066
12388
480399
757421
231629
385253
740224
57843
350664
496253
701673
690120
640900
186146
579060
628208
247363
664284
351745
897662
120739
16340
34400
500008
678463
684386
285746
404113
965925
774841
261336
890191
641808
667928
23145
790940
784409
551742
7215
464295
469901
184658
20345
653598
308856
401724
987773
743508
643922
623888
206025
303786
909432
903258
168608
228095
732808
843323
126904
221280
717966
69925
424648
866106
492552
796967
301568
9236
523671
430250
300253
746261
410876
83488
630029
856886
850555
342463
842635
143926
232424
606471
956656
763523
876702
860584
731225
299085
249659
787949
134150
27682
105553
718253
175667
555211
394586
26627
186212
755426
949370
246703
305074
737941
416478
342196
416559
391646
635019
293272
21217
902472
680766
397161
561952
528270
92241
456881
538299
828570
374225
337565
336874
493303
734557
206871
81971
892106
151639
144035
967544
474589
292972
701609
470237
192031
509084
434550
562892
182213
112631
373261
548923
61675
418993
910332
420171
303440
572580
595158
704347
343307
12152
886273
612860
254108
538792
998138
925861
54835
341801
597305
458501
980371
10618
252285
140911
327566
514967
222107
714146
814701
370805
380472
795275
743930
726213
815578
597059
640058
899259
920099
901137
454075
978943
591456
978322
866136
460686
499455
25654
700234
529431
246508
347019
971582
526286
645086
942665
627778
338712
267693
392643
616104
939645
886598
920205
511854
67514
413695
303383
576371
86986
475285
866484
778521
399369
812251
127946
9609
381936
282991
806969
449286
727071
364656
798580
798800
224956
697626
415254
887944
487629
398875
662942
983395
847610
581716
570344
978633
680874
762651
622471
529440
701806
610421
163034
114015
356884
798026
224926
943027
304180
555412
624019
622471
107366
888671
308748
480972
695777
331011
896414
513238
846170
521443
46883
962630
927182
869009
825309
668378
414080
53569
487755
436749
229260
138568
187056
860499
793040
626860
941007
207277
779657
877603
830899
225118
964970
920367
805705
972018
225225
852060
655644
66585
700340
682883
688624
78048
370524
709497
393994
126475
811636
236700
910306
147801
692552
743363
427230
693342
656898
394017
746520
579728
591872
134397
102874
182755
928467
477427
2795
677428
540273
485536
278001
66509
12112
385856
769679
411174
535148
716760
60858
279933
451682
897398
456376
65725
520715
636250
973437
486188
304448
650422
450424
278335
686260
754302
7669
826463
422282
494373
1063
220867
801552
156370
297886
34987
943842
151669
173961
929921
999579
501664
382213
47742
532905
382101
974935
38873
666768
463703
275544
483808
148015
91137
990342
415741
350851
179228
826757
628228
378593
73550
141789
460775
846515
521888
82833
795300
632682
333760
402816
67688
869016
267094
632518
201219
711456
174304
575209
502424
975889
464456
152199
724956
555679
493841
472604
703380
646932
584211
626652
186288
199250
986100
109032
756970
682603
254037
967300
19884
214993
181169
740066
552465
331001
652670
661
474364
187860
520538
854224
869985
803573
876728
49617
715215
690
907304
462284
405574
89712
847143
580191
460489
967685
422935
282166
487248
230406
571614
636456
28183
100763
152013
667046
485934
461079
829485
36253
924208
43935
306344
374340
175191
883797
595449
550369
349850
460875
89863
523238
543638
578989
768494
537831
257635
910828
995721
338423
813986
316830
22489
759971
834498
498016
476969
527643
672570
278462
844821
345916
541165
829701
182253
390791
963309
447187
79486
132170
86663
68060
197901
8145
349984
579808
541043
848931
966842
111020
987845
105426
700742
918261
515835
875804
445841
187231
972745
443337
198743
51697
216885
539571
109387
400300
939757
829227
432840
589178
508874
176673
368838
7478
724322
98544
972214
553131
469603
433046
544883
467929
855401
663734
178856
653726
604351
523994
409786
545751
105559
478238
261817
854326
779527
426729
317110
2902
137293
513250
827117
888182
192036
228251
297801
667187
687026
94876
427232
636497
940748
101215
751546
910460
978162
699377
864057
528059
16494
630450
612319
822202
304615
54127
249258
370552
776975
462778
117012
613628
976214
641953
75910
273747
223014
502791
556064
37484
67389
956520
805338
574689
642537
127246
634985
858674
660554
106398
723056
925066
438698
140734
325692
660902
525579
615491
67727
950902
208553
445271
336559
524458
426765
517463
687026
144727
388695
646481
580080
360314
498737
91835
724332
900394
34244
69013
267067
935699
382639
839391
90156
850690
547607
903857
506274
876282
64055
544568
722190
917892
423415
460221
538359
180145
604066
522475
887909
737441
326037
744602
983095
28692
204825
398196
33617
364873
66083
839736
728729
929645
301085
16037
933845
426169
292300
806066
342400
477291
619067
326382
145011
121691
965267
78383
130513
265134
394081
347794
17247
743843
929293
580312
227998
736111
188309
552034
768300
618619
148933
29279
345326
5518
147
269649
373407
631207
426515
154629
52225
941818
606526
963783
275061
745785
667095
801547
726969
40471
329599
469873
166567
179677
7244
143440
550173
875957
669228
548878
353289
142026
374069
475431
171983
167134
492644
351705
445515
297136
290877
311630
931576
741103
722715
642485
386817
362640
995891
758825
757868
930720
716210
878352
71840
502650
190419
389271
130352
190925
773477
493390
57403
426050
982884
85201
728949
969032
470930
984394
120839
350078
845128
577755
651802
114149
757761
646109
669462
239368
647382
652945
329903
360875
8280
53599
255083
980592
88324
247337
517464
672432
471285
639406
697466
402873
86617
906103
986944
478390
807877
963146
570643
304110
950347
326081
807626
92140
659114
521216
55988
893389
390753
956530
336663
843277
434929
194246
415960
309620
696671
880209
301490
710033
765692
679974
592413
126570
636082
447447
602517
486939
307847
509180
683389
4430
901181
385866
714998
772853
845023
492351
302297
898096
163375
358400
818989
314523
876008
694731
73382
482303
54600
192280
36310
490829
131022
287396
767389
703769
641389
251631
403391
972874
707673
872036
831338
620518
208073
676338
458942
845071
768009
127082
316303
938520
415532
459850
575327
722387
988072
872834
457109
905824
151909
588559
412558
648889
201366
903263
407853
474320
641678
715421
123819
812772
927631
182121
887153
889304
629482
90482
191416
363000
728348
251034
737034
116994
705148
720945
22075
862727
580363
947219
649354
770148
86280
983456
680474
164658
709052
778497
563676
441952
424839
161252
389932
743505
572418
553241
490496
608328
454118
628833
679154
770680
937542
112934
763733
508813
542513
656807
303937
466404
240781
264971
976384
666182
470503
59576
322753
514376
673127
263388
103247
954945
997241
158508
955096
574151
682131
435145
564635
378905
33160
783262
101523
176400
831799
799646
234958
967905
485008
283905
654275
536195
211861
779137
650116
453942
89707
776503
977397
69487
837828
347635
917572
636789
803461
94814
185258
647912
733241
216060
83042
599292
562492
170764
98375
877114
635508
901214
957688
182488
481834
816344
5459
933706
516752
776263
659728
380715
808583
129593
610569
746056
361064
450384
374375
566849
196006
997326
794298
554027
889569
75236
85998
707848
114919
417253
67897
132853
174715
425896
286418
980741
468738
612153
849221
216286
335195
853933
913252
449225
728611
158762
939441
904183
752890
460268
22201
711030
155043
604019
829387
89684
503265
85480
947189
676202
922403
291342
714460
191139
940602
965208
952267
886461
212738
369574
347005
723941
629493
148311
629182
35795
595289
207272
105050
497417
63982
25443
544517
602441
258124
684977
906330
471937
865783
565695
890314
752414
908284
88142
846476
561401
402961
108958
142077
924733
406851
573355
690316
916251
20493
811677
978070
758512
455356
430524
595145
472169
324116
93632
963813
272057
899913
613679
694922
799618
208858
683422
755681
454138
469508
263042
424247
539387
573671
110291
827512
677591
14821
191032
711076
959280
913564
739968
974131
595392
564021
554848
417042
417127
230646
702160
95705
429386
761913
188294
654299
765252
955483
307379
16813
811792
508853
315506
857813
981577
820176
800724
344164
589681
865840
619225
741976
562492
874566
550314
616846
252543
542190
886285
520471
462670
86975
17995
253036
893131
532191
702963
18292
616972
220884
109996
47047
861716
717158
922854
554812
329603
928961
755185
220651
523930
499283
879922
726822
65665
255835
808583
282559
782329
783690
569385
470436
430281
991037
627786
199976
271855
875107
269095
30773
370429
563499
919958
636135
389339
105548
324059
718321
884654
419028
707054
257723
567204
259427
66770
580890
775805
72155
506913
366081
451534
112499
95989
370056
231964
273772
77902
356125
894646
651038
386649
431011
270713
985951
324745
756849
922340
787657
953531
394718
331899
105371
213200
857356
85976
640180
41367
801280
554060
126734
791256
172293
859527
689968
64022
33425
519654
187599
664475
250615
991778
386106
765429
189021
504258
186029
523164
581578
973819
11861
324908
771525
514895
912458
569023
601862
31989
879810
379545
327262
652635
387184
938915
57745
306424
172052
186283
408459
584634
844900
473431
226212
125377
991906
396371
490919
160766
57661
427899
748933
535453
443502
164842
725265
460004
937701
973491
82986
497919
805669
567663
650634
801703
611494
586083
822258
411256
116535
549228
249750
506948
406489
670537
393415
870087
735229
872831
974270
445113
441892
18039
880347
820664
697111
796794
619311
650805
764935
944177
981006
523042
928920
448897
176067
546323
224009
205384
350529
980129
640255
121766
41417
554814
520093
41436
834559
743731
457791
961873
213441
139268
127861
941625
346679
257783
118640
774818
351740
552511
27898
982303
393841
148894
789264
919526
831460
833351
441406
833410
503726
124389
326333
514045
169954
834042
8826
781687
57917
387975
45958
425564
454953
314204
103776
368186
284809
733214
817686
767351
653179
386379
223703
487775
416143
724939
549665
875223
928293
848357
648669
48261
261095
628789
381397
986239
347088
187443
809670
536803
701803
998995
150477
92256
602830
291814
57892
91276
864249
84597
949716
691005
634665
154129
776315
924225
968410
464230
841079
407342
271977
102536
25068
197082
111562
569648
42813
707342
282626
344246
161946
692294
488667
8139
156195
177879
453956
856825
129488
881019
803737
843974
248298
94351
585489
912353
350031
234047
876077
249074
857181
249210
522202
769623
420133
873607
695329
183020
235905
263953
607307
319512
45792
913699
429208
12589
401792
857229
183420
718709
909841
86640
137842
230950
807323
791714
21051
296934
412953
503439
198624
686697
699087
472415
803296
272808
479635
645691
695481
982855
481188
419067
45655
63546
870644
936633
276463
956031
649505
85258
79873
223603
693206
489013
233563
395862
113233
746955
980712
297454
50465
877439
808675
414909
970086
433095
564571
121652
21555
32857
979584
129163
51589
120863
838831
361315
413706
606819
229917
559312
804855
668359
530875
316217
977789
403192
56937
912935
327249
207269
575645
281616
28714
724967
221102
657763
620361
968224
690674
998994
662069
733828
991291
46180
379679
761494
417482
981858
8431
170132
889603
1111
886372
585663
258252
751751
216726
30954
689630
523457
817597
86964
786685
269649
108078
53862
672122
31226
41723
841908
861943
97873
691519
104071
391938
290532
714896
685874
324593
77701
982997
812637
460201
848597
245326
560320
803441
557811
819060
63341
95549
128932
941733
601259
512181
458731
606651
175924
448403
598838
412331
441666
164757
708439
200391
883334
952149
669397
30770
950471
388343
834274
348781
450626
205141
238097
35447
880793
262847
746318
400716
533191
137437
34251
78571
150067
865851
997396
213716
621948
466165
177377
291419
724725
951885
54864
455292
173183
693437
608670
182156
332093
144951
369321
738840
770659
150706
305757
932657
472145
273193
275425
285476
917684
843476
440857
910710
451786
724629
9952
53219
306769
100278
892524
464027
414307
952838
382261
524926
664546
279806
771128
312453
586676
511528
882316
596382
519603
40132
868210
104795
217329
246870
261433
255960
490880
923892
189901
956659
927092
526519
870894
997252
944294
263368
984529
35725
445917
634225
293596
156072
115248
659351
924592
510837
958078
708933
53878
613247
44670
537708
353236
431341
528475
857288
440701
554600
926255
537551
755415
353064
332719
318447
729318
229524
712551
734916
863871
777338
663635
810100
336601
899559
77552
955861
60094
719481
936862
434622
695184
418384
83456
682882
980429
973148
168183
774234
881563
134616
149242
308563
487472
886936
645257
54109
283333
58837
168716
740359
416923
719674
766402
502315
840690
486241
875696
610419
760038
890790
269090
285497
647381
516321
803983
594358
191859
692163
320809
649213
946242
160993
439771
592887
105350
277876
194937
141828
804480
982570
414162
780196
561618
998252
504309
50872
3871
452979
833436
773007
816368
394618
215109
430762
931005
475650
94734
424202
332739
421157
913752
350810
502760
761459
784807
994927
440696
710301
49419
242402
412142
145
509494
709082
53114
948027
124891
474272
229663
18612
751581
944102
98726
675502
58342
534772
145390
367499
104694
561937
582085
83450
188751
450035
386858
27458
480887
134136
430692
615673
647586
316955
597960
176514
139588
64937
539453
448116
69408
79872
714005
209936
635534
866284
672623
159886
864074
929884
118086
454009
33389
88653
133383
162638
523165
955676
113907
265133
986666
661618
361215
704725
683325
924791
244
455628
528629
648044
867229
516525
919142
324232
282178
237680
672830
665833
167597
413346
488246
39311
804270
126811
170925
481102
625252
422319
501268
299652
840821
496294
25445
526729
360007
249684
239325
771244
428391
723916
605154
350150
637252
154877
591681
923466
475710
122483
460677
244331
395381
547819
836240
49972
436161
95501
188029
565801
822108
875821
235534
572363
577975
209403
937721
493679
139834
616502
170860
505531
137299
123762
417087
233569
10212
443137
787209
213598
889297
570872
483493
920265
218066
878830
371668
835344
922437
826121
676082
723137
544829
5929
937931
8043
651112
360544
283720
908132
991653
47081
739579
768602
351776
616982
796781
860283
762341
884338
684797
760909
757714
101235
840446
320628
666264
832713
875166
128311
497643
229630
937167
341463
851418
234607
741204
720110
413267
624404
695937
713812
27772
691500
497298
490990
40959
798299
276053
871044
591078
999310
888689
222292
792728
419799
222994
522522
307275
103845
453176
944022
621611
600385
24098
521204
467667
642731
770170
686517
206671
895246
981676
719097
675021
890238
419785
440668
942729
958822
251229
814476
670735
171405
624596
455601
270016
46609
142422
444756
863246
61870
796740
252734
128872
804614
30469
28957
467823
939811
463003
985108
574672
37890
475588
113629
417909
706407
290552
20895
838119
399520
398177
226173
458159
741223
185977
880004
366075
191501
407381
489451
79341
408922
690288
902672
628068
718896
630686
501593
205250
683718
142524
278964
723646
888683
642211
234908
791793
707974
334644
318071
75734
994698
337352
957807
748395
351339
630338
86335
745139
880082
851432
433639
841899
86855
770425
792874
151368
918634
870009
900356
493092
750414
837491
551757
234912
506483
928508
584899
626038
999987
102426
399588
346162
5477
548829
756223
980355
541031
725512
697442
396091
329703
310576
570868
546605
434472
534723
296047
53882
616535
204589
214970
34941
53674
353887
93103
26647
673631
866409
96631
537186
506806
603373
861678
706389
143270
537346
92545
792476
591005
145955
478546
719378
575438
850802
102799
716646
594744
600510
931414
163077
851083
791512
417735
105497
514815
596212
733912
565796
646928
425346
650800
672115
504324
689861
627270
854213
883253
247343
241277
828388
618121
919029
697583
863924
346060
245622
780812
870884
172045
213656
287571
178186
925021
28831
667631
481235
282423
138765
331737
329992
158613
614793
842368
701207
402200
690952
993838
652657
27849
728000
609401
792577
920120
121296
735563
314047
190017
703609
797604
642011
139371
7363
195334
319625
93820
345611
764420
621068
202078
46942
506131
519465
667337
336808
997169
61508
776077
296188
931255
904387
520202
48274
315483
756047
570355
824807
946919
726370
851411
845938
928792
144719
995574
10958
150594
228411
504163
241964
852746
97009
536083
948519
623996
18960
859144
488569
438504
449898
649818
689376
629642
376118
507650
461943
18773
711988
262508
293385
769859
16736
895968
933925
924516
593865
172582
908676
987165
115567
382416
579091
376240
274841
933186
354942
34932
609646
398443
314914
3751
566249
27726
932378
297221
73039
655207
822641
998304
381439
405327
428922
86715
697122
587025
346566
151038
172629
692629
548455
799640
161544
473108
119321
281616
244772
648311
232619
556592
431036
928987
10880
810958
106591
676772
598903
208165
763217
709036
248899
481999
268948
467345
467663
834298
462554
11496
308073
482346
150683
75481
700720
116238
165633
727405
316145
472777
2107
12285
824204
210034
692898
324848
574242
275452
6280
158824
658291
453
752018
309927
39183
225767
968241
571610
926496
864248
28020
455855
865420
441753
252354
495664
67175
321659
445376
241589
354263
514916
877911
151559
719891
205068
637169
191396
908054
376433
933155
112870
609305
223719
906515
56772
836934
342608
717884
340412
799242
53388
215383
32112
115875
593501
274788
189686
539591
329932
985984
445534
439618
588616
219667
957940
178702
175614
749869
616273
173184
173583
30708
787248
863923
137103
929909
820045
45604
381715
206949
990005
2944
664069
290299
553786
684541
184360
956112
113268
708595
507272
839748
541181
339435
693952
321948
308316
699773
665047
223015
170372
390857
573664
911245
821868
381121
757104
885938
305274
493703
657571
630672
675342
74155
954530
549127
661886
451898
35232
93603
848571
622462
844926
775458
191015
172261
104593
607075
534382
843645
861555
666536
158810
295191
347117
899051
280446
550664
155431
973293
866520
349827
829055
996126
84793
115228
39243
155845
200884
531339
682752
911845
761417
795897
382027
177808
456544
448006
71904
55785
142367
303556
583483
70188
121909
435739
394670
523555
932721
326900
6855
550029
569857
287707
728544
677879
284875
990605
999269
228963
844694
496711
770888
680901
408523
468833
878447
196822
986773
357979
779046
887892
782759
226725
514694
15466
586170
530027
263934
262492
786690
612541
387060
407986
506840
901242
441010
223658
814981
773105
242605
178438
972648
859852
692544
584471
194721
115213
737646
147255
456680
314929
545081
492955
470035
785643
689910
137516
65248
66089
916006
535068
870830
892458
820495
297196
357989
369538
633127
410016
32103
440216
114541
292587
795470
798131
481163
838057
280189
201781
179524
158020
255695
743083
279068
610937
52384
999365
230074
837055
310933
155014
742073
945124
266326
117468
578226
700300
206264
371954
132368
547995
705560
820379
758007
575005
731258
131988
952325
57131
737676
196875
663274
71592
426176
118186
184171
762873
931436
804793
327693
242281
814122
633479
830009
774301
389295
838124
225785
856962
600540
253131
756108
38789
861723
789282
223927
831471
31455
552471
95349
875294
959726
829209
560232
593426
851883
257538
711753
931533
31987
377971
482195
420788
555799
416288
480982
725203
523019
588502
421025
38284
869082
438038
390730
179409
878745
716147
831570
6870
656828
98780
714900
812443
315911
596669
76731
691373
696458
860037
765486
492085
21727
705372
985277
841479
8011
98917
976050
914561
600163
519992
961970
71218
683027
97011
320717
218346
831285
160017
778901
772105
403445
885797
322583
392936
60050
525097
426949
245091
91901
296214
155446
392760
780966
405185
656260
86482
384840
810046
592767
116398
235010
285087
84666
112980
869855
60787
807764
661239
85234
816051
2933
361007
278652
81635
278550
513751
487443
177082
255762
945459
77043
648274
302219
585517
122358
798607
827438
813063
143387
314100
871782
255193
5679
171170
11034
675468
476870
985547
919871
826532
142444
711807
290078
657254
127047
135169
183098
62656
342090
910751
311598
443994
786027
135
190997
706706
760633
231129
579430
965539
734743
363793
133443
149042
986361
484306
746719
899670
84674
767957
610452
651144
735452
653533
636501
531282
506458
253583
518273
786370
473923
388554
369285
752262
886783
977468
575687
7730
532319
643829
226533
237196
604969
302659
244395
502828
529536
183029
128946
80083
370642
210202
47429
746132
172208
922456
858469
427203
813921
129899
539473
408729
746032
336055
402905
891294
269504
537732
433007
535714
865469
394658
52071
782197
446068
917597
634185
151379
298208
762132
124367
439125
922403
935026
192341
702352
930802
221074
452701
199713
661655
920527
417043
998845
191888
550723
8644
790998
985121
10218
666588
564163
499391
329730
293749
177501
696969
541410
561860
552636
548125
386455
376915
151550
301313
550777
629440
646128
504190
869440
706725
201010
503038
472795
627884
589278
422574
160718
77644
439575
433785
386088
61079
273632
454370
104611
379003
634775
294495
405339
632574
530815
660010
274676
5654
618860
355933
66437
644794
44910
494919
251455
59224
617710
508585
802495
597050
44194
284009
133682
718856
282934
803337
858407
486245
682387
251398
755609
410353
462309
674345
241607
564183
269573
921784
333099
652634
993721
785506
556669
555391
762943
959856
511155
710393
57755
691924
821415
589353
177529
764174
35527
431888
874102
757789
612192
351070
827068
381899
521060
900754
776930
22070
135957
203852
555170
560796
39441
780736
954378
953432
76850
288237
366931
4914
499002
482283
387334
285771
314886
850959
121158
150343
39225
529862
772643
375799
864443
307859
193356
27455
912621
758944
465913
774049
630190
794653
269635
26048
576625
221532
729065
950745
828116
209461
681697
629778
968168
929160
817790
367911
169315
997
943055
436302
183596
812260
694068
339147
154188
206338
396633
29535
36558
524804
398901
368463
74704
492169
133927
520421
216565
973130
370424
909591
572394
203413
595851
822630
20834
697854
242541
737170
849727
673155
515457
979582
882097
487779
909251
371214
882518
297758
112652
109219
165033
854701
889814
246277
231033
131094
701103
782903
953961
248029
279915
566704
297447
1769
117452
904879
804466
138110
823988
39391
127300
407282
633030
408685
681613
347181
893843
925455
102626
688995
258196
336925
557394
256843
408764
102211
124390
241834
599479
120812
390079
770966
982234
76880
131912
762629
679673
125885
458117
162937
830435
143417
56913
790993
381033
780305
271244
186146
227685
123878
559849
46649
421743
852136
531466
76632
543971
385721
146199
317111
25797
692028
866550
326777
149721
76458
510336
899622
696464
507688
308706
358966
722996
767061
204673
851268
753480
986561
741096
478123
744225
945520
981707
551153
544131
833129
784837
732014
213676
51971
406639
328563
488385
37217
849151
558236
876783
996793
588218
161005
368217
939730
317312
346795
492515
353085
125466
696052
521305
412223
91066
297180
929928
664925
617938
100866
849223
716697
966151
198829
128055
562815
337184
493345
800324
862055
561599
13918
204298
627734
907048
958768
737432
523588
775465
391347
246479
195177
90486
405860
350528
841932
989637
490856
573693
540615
30542
766179
24570
667879
496391
746165
501132
137770
543136
290732
322613
69459
869338
446042
894039
931100
309342
947730
994376
167693
251427
262213
45930
813925
64781
175378
170416
617434
782663
103017
666264
753576
133814
493617
652073
299683
640175
921711
12695
254992
906172
728720
457330
41809
413328
358329
453078
104159
103688
854646
32751
432065
786491
344013
992380
582799
934789
705063
791649
44805
752157
46700
549650
595725
484391
59941
888651
642818
827041
787102
20209
402255
936876
860627
390798
173181
993837
803850
408208
893098
479780
557305
255358
623032
341264
996740
564724
604121
985877
842743
774484
51672
625085
26972
316532
908392
821285
276244
396901
365415
222737
403279
20730
77926
377282
551695
86748
651567
204224
432876
830356
156510
173458
413634
629758
137960
491955
166118
206157
835047
629881
475224
546919
94450
332152
713775
459681
770797
855924
442059
525766
242759
550507
565834
362820
41941
53414
495691
529483
491103
314734
790735
108991
678859
381747
840797
993941
59982
376669
243948
161087
463539
382644
669887
772854
315556
16588
164782
771372
438523
312191
49460
741198
877009
162388
790365
208459
816786
977821
481510
217046
814299
406284
865660
976545
233966
927898
144299
611985
2718
891693
178461
562047
534347
91558
66290
970261
950647
292945
498248
492797
531995
216463
737158
306818
666930
360491
547826
744962
438465
702119
909775
904377
384263
754254
886638
782825
898480
676424
597086
979723
205008
137786
834672
766609
824979
413099
517772
379343
985839
755877
815860
713480
474955
437650
494609
214586
27618
968293
749881
646889
457487
919529
559440
596483
386927
462274
371268
19424
615358
198142
768649
880407
875637
116466
604729
944303
971682
540368
983051
80701
64936
738935
375588
20689
182942
477235
116112
365461
860226
151927
484251
787965
189833
317418
604391
791600
463275
346012
423608
94140
7336
685210
104121
690370
788057
676302
268268
913525
845420
180631
667830
363497
646659
323357
14540
398852
1764
509311
904912
69
271690
491470
71
202988
217938
679834
880046
974355
991569
66969
282027
355386
440415
116167
753383
934693
125119
709203
102758
228454
177844
782855
416396
343615
411868
596851
821812
378973
895978
670623
627300
379360
544459
302232
943235
299747
141668
240051
399958
358934
619575
516261
117058
366607
337327
670972
650162
92866
573799
596703
243860
515966
437275
15251
353218
831832
920792
162388
61335
438041
887364
600602
716717
715281
356214
206047
841756
320933
579292
283100
122418
882244
46791
448413
79248
430692
741019
396042
841137
654456
669922
906255
295774
62548
954679
492811
774557
451976
520253
896993
344735
648448
743405
231412
727852
351434
249605
952558
841110
56056
418465
998318
967053
447075
56671
365144
597012
364387
128127
119292
65036
424766
392889
337517
191590
651212
299640
754846
290060
9094
500897
960530
54178
577400
915758
827981
40749
193740
351970
490511
689592
803359
317199
581877
81433
415270
798856
649160
924480
522715
472453
615176
581740
80504
10406
918642
303644
648408
906342
492528
214365
107611
504413
54493
15225
436336
728737
278046
814902
391107
345061
289038
973665
581728
454840
589331
357665
350882
321394
947942
939355
73383
558440
19722
251384
975442
173207
452567
803867
340939
949542
26425
208702
19501
180768
930795
419680
480337
817786
632186
193362
266092
684778
908954
603313
592612
533050
538150
199001
13343
352975
807532
190758
521198
544649
495573
863459
196086
259785
213305
274133
522876
470546
34046
172496
802445
95427
150556
998445
657542
817955
893870
756835
495563
70887
824039
547392
931932
26776
760262
536438
600625
335149
556326
197086
482486
777241
147029
715913
867335
971114
892226
566618
332471
753189
527372
384964
667998
886585
92896
444372
508562
302378
59485
227785
541366
166752
492329
818983
551999
685233
504591
95316
242407
704559
438862
993855
709497
853443
185079
444253
708148
175378
794355
914145
339069
949808
80403
896722
599753
672388
213717
85111
315895
970749
408385
424538
330989
569059
677409
710741
473422
282876
289595
911926
743237
425162
999607
931563
364830
935034
342448
100644
837206
2699
284657
290540
880027
957222
306693
171384
221504
708164
554498
805964
503340
87800
42925
465377
188224
27546
19696
280249
247032
620380
505807
100106
575697
770463
716748
723530
545835
311817
538631
483017
828578
189859
484325
20979
647623
542706
586887
977162
915411
293648
501083
222736
285406
171776
678499
222652
13831
914723
857731
85367
665786
775614
268374
867843
123565
355733
885983
743759
59039
215098
794933
714163
17384
675030
217072
642346
525975
719966
46267
528472
190163
930206
792469
104587
566736
932910
683583
26873
716205
945606
299470
169586
726687
604618
519593
783880
174982
420242
754304
574779
444550
881160
399509
70840
55458
442502
205416
13577
677949
375122
782284
877531
299144
728067
779593
46883
91512
461904
369771
620819
892039
147438
543570
297379
842697
492582
381455
294310
665616
359483
903793
805506
250478
864740
322403
62872
717016
617405
516976
676019
882078
142676
342099
555960
108595
63546
934126
394047
842873
668401
531816
363636
756984
79420
450679
439551
304648
354819
758179
489183
671822
507399
885406
79085
557346
602507
880586
762250
954315
810440
260752
463774
119476
531496
450127
466389
215779
486269
607259
412414
692328
969465
237667
684936
326320
302432
364725
508594
993161
887743
188754
119107
653811
168609
102764
390749
752503
226538
652996
382236
203320
712601
533422
364057
410748
300789
985567
24052
317144
876404
38491
713076
299173
228056
868511
788905
845615
98766
184205
344032
340556
69848
949480
861845
948812
900634
945944
635667
554542
627795
645576
106463
939368
939906
615625
627546
902908
86077
209949
548394
826491
851885
614421
924741
259899
941506
408808
608399
471389
441848
683475
947782
542770
912680
406500
838923
514235
46127
175264
406795
287710
769600
706315
168036
482831
128122
418256
128730
206293
275175
244669
904670
743130
425638
377534
616579
507613
679996
986334
9049
201783
215965
84039
969496
21266
461816
618348
382227
920837
515095
555075
42731
406324
251114
190285
178637
54781
277489
178749
976265
981472
134168
798531
395548
770055
912809
784994
471075
961446
775035
662219
243359
57216
685995
875836
441921
134950
47843
188480
50606
595884
817128
737548
925563
269186
120810
874682
707619
82653
347453
407370
373323
776167
183386
145282
902710
682098
87989
717430
706884
425973
257931
470983
654812
511055
217130
888531
766242
142088
787328
367821
896475
316318
343627
396466
28722
163993
939953
123863
111118
755911
101383
83507
727945
112163
823382
351154
278452
944099
592443
737723
751677
740621
48274
710579
631968
170276
244601
612803
947443
412213
333804
407295
982413
951917
900026
611011
714834
581758
96075
304386
611146
831711
201307
101953
13391
822223
210907
752402
987288
579067
591333
599803
164996
179086
392408
482432
812567
706130
493412
771637
79649
888045
878735
160373
147768
458463
488024
499553
783569
741217
366451
450051
624696
690561
552633
969204
378493
637002
384887
682845
997551
286347
680950
7427
811105
98750
551910
481474
537631
34804
448058
141607
81486
797402
402504
935605
25257
120904
337807
103438
769498
363246
731579
176935
342842
641995
898877
749738
8006
21960
642403
451402
922992
809782
45934
622980
281842
840090
742064
36188
555564
748087
72258
624172
681427
615117
175380
599164
307569
46519
190277
520781
489939
695276
438651
848433
559845
480226
666390
262314
232959
264278
164660
569632
414387
555877
866504
326253
569469
876092
320341
398643
976255
794037
778676
566960
653144
274948
508503
927382
263964
908081
829279
290251
842811
785707
315034
990300
752248
289818
59084
526254
891007
809773
892972
229275
801131
461964
975687
723239
989525
211672
224873
284537
475180
407638
648654
335060
300864
631495
754853
209291
506876
937021
863825
24862
854486
8321
331744
955685
407984
501345
403159
457734
936785
849806
654733
29789
982847
114365
766539
904922
353677
33082
662930
663231
747501
291472
901931
132308
194716
172114
560233
99159
8515
166594
760323
295763
977639
836694
416925
840174
605471
197059
741829
816074
302254
158205
539396
955890
570984
116558
349375
456062
392572
607327
49398
797794
212171
46375
616377
72580
156083
978829
364238
719035
367468
925040
124804
766024
639100
868614
519322
646825
842719
666551
680049
400027
7058
178171
524447
605091
280417
707337
958997
713986
428687
431582
195253
535036
966031
852110
697715
501078
492956
940248
151242
11280
325302
578751
235145
574427
37708
100494
921764
701213
116430
212416
479241
494068
518873
359197
351386
665240
571053
628983
611917
277379
299183
632600
746041
845554
987917
398022
99248
565622
485284
213478
451363
341114
533161
525435
823299
969255
192159
451786
804631
316464
251098
205920
402022
564681
363758
743979
651699
642060
539427
245420
13585
765070
528755
616134
870349
613763
592759
63709
291587
37933
120326
936034
591450
349150
568373
437276
107521
192082
238859
539391
59339
708295
478111
392659
306928
206651
986508
805335
322838
836689
60309
910385
715615
824824
752484
966342
198290
677942
135680
349683
982376
384931
78000
187761
196051
53933
201051
754103
74593
611560
979777
702081
351814
160054
264856
448224
493144
339351
861006
533111
154194
573217
178303
585590
523015
392128
388688
595208
9972
120270
966102
558035
86022
90017
966240
202739
938396
204484
910689
426552
12052
107209
680293
274907
435965
437760
393816
783871
795228
653032
850572
771102
703078
676227
749447
708885
151408
198983
561774
141953
673976
806864
631846
723096
943416
224364
806342
831206
541370
882832
652771
909229
290415
703206
117054
113612
717166
455140
291672
602178
927837
305114
818318
803965
420693
198331
332817
312424
134263
532689
275090
622451
335836
177821
333231
792107
791663
268206
768320
251465
28490
356559
875366
403877
395408
452177
875823
369053
65730
188670
608409
202710
80457
866469
487496
194130
28115
397715
332130
390828
980120
244641
833777
328641
856513
287254
627180
55878
483810
182131
156254
931802
224882
181337
785735
352535
210192
568978
899329
511605
880385
842611
46411
537689
762126
517717
551852
868717
142265
965672
387340
519350
579814
9110
517618
977940
871
93333
381317
829453
458568
728361
643643
842398
508258
553464
866929
180709
547587
814494
285123
605584
401751
264051
439571
17650
896161
495512
35978
456447
151890
504142
16246
722035
863708
832037
503892
112663
876157
998325
978073
382777
960044
42053
758759
917245
809894
912410
644393
290531
932301
129420
333426
833653
275818
607945
82381
567110
164888
788829
905660
874560
343536
253254
506087
589892
708912
809823
40225
749430
620471
638631
768785
121357
507463
452576
619993
766059
865600
793348
702564
303923
633156
518057
844982
271243
367419
252149
309047
930232
604364
85257
928234
165727
277527
68865
55150
649051
96517
138112
867441
278584
341250
924824
777796
16926
614896
554808
921211
636193
716707
929700
951477
555763
945314
182095
668907
910964
823712
962464
322578
226487
449107
967286
782936
584962
413939
650094
164368
978930
518814
370588
892414
613603
303741
331691
656561
288109
760987
530424
167106
624553
461033
605670
143364
837051
722505
904405
500546
937017
387651
307674
273898
756320
226819
358596
421251
936541
988580
16868
278921
80398
636527
927757
110920
590516
369476
438272
887745
331085
608683
719183
158545
139511
253868
258790
639255
388067
159253
682827
929320
249611
961467
324583
590939
56811
103119
220347
677268
160912
138964
237455
679841
993940
186035
855741
780488
617319
684751
717897
239326
900254
474951
440216
727926
612820
558945
332452
425580
141542
823099
613961
736578
239379
420140
433057
557749
207343
476260
497467
128030
171609
280288
406008
625609
667820
136602
835066
843252
573381
619103
578225
468695
538898
50515
63321
724526
461526
649418
378452
380774
215816
936835
26954
443450
811786
674882
601059
143590
385264
821864
314942
203887
942170
731408
870099
743760
576248
97600
439447
598800
958867
953783
651286
276760
259846
369577
330244
249854
299884
358841
409526
791874
658006
910724
867291
108698
661548
986606
759693
82040
671551
787646
424103
548843
843046
590819
708264
672484
587540
975741
644583
627031
294149
320239
333516
512047
476139
29545
925974
143001
401272
82142
501892
121121
437169
124729
330582
376568
797043
529409
468239
200097
106475
538139
898918
630915
228519
862627
457537
952226
82284
882297
586943
961001
769216
888585
575799
624798
181693
660758
300031
715993
410104
26599
647785
22564
687465
960738
746350
774641
314729
204044
829196
997277
995263
349420
82281
602479
273615
832526
90992
167288
321503
290331
572555
509777
143095
306083
923507
371080
381964
646215
737753
739144
303744
712819
858002
608661
201324
84796
711826
261684
423554
701399
653316
474718
463765
453841
782297
410621
61015
693780
245279
337434
64823
441921
335797
731291
893260
885616
806535
766878
774611
91300
681586
676404
604422
725714
514434
966879
172605
979324
475730
25503
719372
815974
874647
214280
264116
134750
718575
157494
917975
423193
698167
559484
438631
5390
548181
555185
615048
44168
79343
292202
680161
43509
302374
170714
841147
715476
972610
926296
189766
725351
572068
530793
709355
9354
215572
707648
830400
71222
218517
710664
3234
907088
96081
898926
54243
982529
577151
555670
671073
991299
810994
345187
222672
962178
320648
779353
261618
648554
414237
74205
479024
34737
703915
816991
586413
223692
101845
935433
584316
932784
163605
563465
143933
317285
931641
531507
376069
865826
494861
374372
90640
667619
325196
946196
760398
438204
77914
959297
794143
308631
949732
22712
397519
532402
877205
46128
253600
945179
827633
196274
490839
224141
185690
945347
922525
737076
771201
134841
339773
45689
336975
393188
719158
933270
490334
691918
566453
163781
857942
302562
259552
47601
970770
925338
176481
288553
784524
300676
598534
517523
970554
185937
863887
379901
113284
182234
13692
37201
732388
530010
220440
467678
611447
657133
617555
6397
259518
959473
759474
152118
458056
21562
833107
786547
752818
243625
914392
600907
438896
631406
17807
705427
56717
326422
421985
109306
667846
306866
771258
1826
211643
573164
750739
539727
57315
47194
711693
151629
460616
360514
484288
207168
10423
684457
756421
266713
307672
763732
820151
26922
57571
355237
191403
508064
475759
345057
593924
990956
410072
919162
65103
704520
861756
297122
489089
289373
653491
703182
691781
618553
836293
445324
342572
643358
53341
200507
299370
550485
486004
863039
706235
666021
195815
603086
107109
222553
645885
103607
74434
317534
936186
296560
368077
134229
819410
302976
437820
770981
877545
696585
161788
830190
334055
656923
73519
255312
852530
55422
972006
772364
329891
26750
731868
691818
130703
117719
334931
757439
428908
677372
629839
190536
324225
754379
92913
71255
182717
401690
911339
722972
214499
953413
38859
821475
646282
535164
484504
537576
972419
796712
986474
139946
675362
614490
396182
134347
494901
301608
551507
196165
795289
684287
153728
864993
830332
256161
179145
213232
738755
505704
654293
475049
915614
427058
202729
927729
272
170842
631743
154352
97436
769044
968923
184897
4935
876912
781381
912286
160461
514777
314520
610549
739170
864028
972614
344204
835043
274032
930017
551101
941115
770533
209735
105422
7178
521141
395135
723140
198278
909788
250963
659214
103298
99586
921422
263929
550153
222297
45906
115186
372606
622654
87116
124267
443423
907108
401601
224455
39577
899045
99401
995090
137429
986371
537286
848038
549297
762362
369231
209236
907545
306974
438063
464845
378296
933367
433872
309777
644126
733150
167600
535695
133522
793926
512313
226321
694679
533983
550048
789753
912123
201537
228707
250685
46918
219691
881301
749805
144685
723355
289005
253363
200352
330615
579776
62756
394591
918620
145924
832176
324069
932812
936870
451786
836146
548388
937418
334519
548375
824154
377232
356548
384132
841479
233801
944613
487929
704847
889028
577818
697449
195540
378687
277164
344052
816272
534338
493015
529498
942141
458888
168837
183844
802053
199850
658985
147954
54796
188441
608955
243787
795264
998012
868458
796604
928827
241920
814
355470
985676
978782
976587
421881
611971
822170
195049
841106
170947
62148
63975
136773
114635
497650
986425
476493
45674
351570
752594
144753
678716
594509
15479
369074
232203
238493
741001
96380
133875
678578
266420
848754
307097
958097
875265
101248
720189
912419
602680
719129
327192
506435
322000
867911
6070
322588
31531
466783
609116
79116
659921
694464
780377
262279
639180
276313
766209
441692
956318
282426
47605
604491
387730
948735
256719
891900
144871
596578
505076
450885
215440
70921
947207
723918
271190
243425
131031
391481
131656
33740
445053
354794
422503
90920
762525
600353
247857
746542
203970
523200
407900
102125
792038
302484
936188
145650
656434
220671
505520
605451
361703
396925
556914
844516
876943
265476
843107
474141
684066
271427
446181
523195
529998
679297
228338
937647
368271
93691
105499
904795
106723
276847
495315
997569
880588
114405
784357
416553
704025
128604
683645
670789
518184
767208
897366
883209
850201
806806
616507
532485
525042
600755
967347
850314
130904
574865
694106
281658
228944
328027
35762
385143
619361
930364
968934
301841
328414
528042
731898
452861
364765
161778
819231
439641
708526
785134
442211
215608
442736
829090
787059
473773
414494
300942
271230
852146
321763
328453
397398
997239
661943
264282
735443
745734
549526
951051
24658
685311
12767
514038
381548
137886
13019
96314
123032
171979
95482
280247
770496
595661
276359
549661
387077
7500
498979
38522
518718
890154
750213
984894
658941
419739
718586
762977
337957
133832
696721
101437
648645
851922
283345
112801
265092
274380
323844
56546
783807
499478
443401
337651
523375
292704
473036
102662
755244
318628
46425
937006
706489
702761
654135
590060
574830
229362
481967
358648
226817
200854
431402
744949
212035
485476
822645
271419
219342
562070
414596
883179
125539
434314
541081
197418
342587
131497
358990
969716
256340
138875
431485
538791
167986
507884
128254
684030
298747
584952
614802
284261
99104
267409
524087
401569
315679
445931
756314
930577
12115
825200
236523
751456
14668
627947
874620
404010
58929
782260
418806
660584
250968
68007
370887
17076
324391
355476
640745
44253
574192
507781
157282
745625
278951
738342
224451
553504
884864
215682
13498
361469
218207
490066
216374
39320
517311
879913
550268
205688
130735
300717
499530
643834
315279
145123
408786
637778
685609
730064
799831
678710
516708
515346
574928
445806
281015
767765
590434
700849
514039
595855
937198
752712
345372
312560
147998
445584
806494
896611
467277
203925
332355
918133
264767
527503
710703
669946
652113
471442
101237
403289
370385
69081
646109
505148
56438
359541
623955
174103
67337
667249
61542
652593
144617
47260
210296
355706
333942
358086
319375
300095
740753
252825
692625
81353
898791
489761
103669
274114
755934
355161
261544
536443
540533
663907
168706
888488
61540
757653
893906
605131
316927
155565
494328
913348
637516
29319
564575
217199
977061
471860
164474
886861
374510
608535
683350
742839
60639
959574
535337
242464
158791
104482
448447
33010
438255
621756
509533
974254
118845
481463
57960
953012
296538
553535
982693
813168
162562
661259
970692
506946
822110
657298
778896
136634
183920
328655
657778
900714
88216
547372
641324
84327
568064
975327
536489
141203
897984
804384
94573
602709
873697
467208
27639
19335
588173
989444
245005
390987
821681
670531
927992
574604
47352
78313
835559
971161
968762
921659
539075
388796
452396
225707
121427
354811
695315
375904
243813
306507
477212
19902
382986
29280
386026
520451
472375
430158
977601
637782
142423
235912
932411
386579
248660
487119
406157
560504
400422
763000
936078
246304
758805
916640
461122
759924
459352
726097
241643
828621
633139
274214
723089
515939
149336
58351
678198
340496
882982
801043
283466
274910
523632
683517
138250
827755
683698
256262
618605
209321
339710
594306
373022
661045
445404
359577
213512
388819
892442
308722
133034
182003
862743
441962
689025
722806
15815
427046
532867
794803
885136
152098
436383
84728
319565
262125
769011
38232
798899
316176
13086
278228
977139
765621
569711
423451
862656
298751
803956
755307
631401
222870
5715
72601
187432
462279
701290
246659
234472
439023
540827
443404
802851
573015
808042
714331
888128
389105
451171
674920
100827
250907
417903
286865
1147
554664
992078
339618
98173
811160
776217
87084
330022
419663
941504
636910
209520
95116
375619
112667
719438
848261
398864
313311
471954
138108
790309
579681
608931
317153
968225
844376
412789
771946
302871
389216
622116
225122
704725
663581
1868
509696
827539
627291
804912
752448
453159
473281
379803
310390
883809
258170
329155
992848
457606
922936
303563
71353
624326
421266
728012
330588
371035
189725
500818
945771
170923
991772
979601
285432
43770
246731
374434
833180
762741
315180
5220
298085
719734
853837
748541
640522
470328
275847
398597
178772
519376
556504
597564
161429
479617
109767
452563
191636
338186
227566
949642
671380
199706
621693
799557
997581
539703
937228
405818
586404
698323
716776
232365
928240
71929
186385
966428
782975
218905
406882
521505
313711
886043
788463
106087
426753
783184
701721
295659
836723
786329
934893
288668
407836
133188
44973
301564
135883
90235
229415
363700
730173
516567
205544
609759
130670
727442
726333
535575
452795
69145
784122
582606
790818
656873
257904
846981
30522
798613
745183
670982
322761
730544
586005
367952
151802
423257
634605
356053
995778
383151
163233
531969
421336
569636
393047
802535
80515
776316
538598
310481
485147
83119
925246
39843
622514
276382
692970
167292
445751
455171
835394
737548
23438
394680
839419
984181
665082
621320
988746
891537
652616
569160
473631
399198
302832
633680
809617
987275
961584
416298
709529
249013
187858
961973
475927
456601
824275
332187
185273
56741
870312
426914
420441
494437
75509
571718
74790
756646
952160
19909
798877
551830
470446
184749
989988
97123
43728
112934
835017
71735
537648
438186
808814
413379
943954
812525
202998
283935
48421
602856
714308
711198
891975
461783
856927
125512
75082
234110
979819
253219
987737
544283
967971
603281
860807
325032
285518
89119
129256
493819
879100
164573
973726
961180
601394
221111
64198
163871
237614
892792
467908
355763
921866
346159
403444
960706
715626
594156
23909
394143
387169
366331
694275
894023
978656
91998
291517
66602
576690
108674
900851
49049
812481
295072
907374
418238
9384
946034
889631
233983
568415
856246
910112
894934
136446
260226
767398
806703
337156
487988
525673
214283
361380
938949
169529
934640
511378
251070
545460
140386
872640
347868
846195
791724
647196
382872
769977
791422
323979
469248
144112
446310
784693
481713
240623
358905
647674
148577
231529
443985
637639
113597
232282
367526
535783
640550
164093
339175
312566
157802
229376
854489
374587
895849
139252
679441
467367
457693
358034
97252
667373
280102
536852
196384
69557
593188
997029
768570
230715
666448
593582
207057
164362
841266
540151
647756
699414
93099
808933
479800
312796
640935
532653
267056
125244
427310
430308
68388
609867
129062
654451
122061
704670
727171
614958
868417
443091
563467
272712
325033
920684
242608
116395
899818
401450
699697
536496
830088
633924
247024
592932
569418
994955
437875
236110
609114
908233
140966
886009
417450
94983
306038
899828
407338
605801
519234
865971
101905
255525
596373
850630
957458
37064
142837
692935
624661
325519
220741
195623
781229
