999995 9995
310505
288744
711624
439185
177407
493385
207783
301607
524959
452128
575251
835626
920637
921671
734334
362955
563021
781146
466672
989172
80754
930221
65743
866334
582009
822359
636574
617964
439623
525811
846703
342956
876124
510639
525151
561210
273249
196947
882139
441367
272136
667671
279505
659792
153254
848687
420271
279999
689188
889685
545520
112995
648808
441123
727722
121563
397890
15804
631881
565291
589164
647956
179346
748192
763834
618439
393863
427060
796958
101552
335407
166223
510719
207112
434578
183172
452426
40890
728798
519552
788208
87129
471313
693327
498708
428816
334921
340435
579701
64512
964633
738059
748375
854994
946913
516673
235165
438580
357884
314315
601345
790975
928858
604066
164182
973598
524780
434518
534353
13781
69648
363048
974365
790903
272703
433001
772116
264416
510145
648416
590318
372900
999389
33750
800356
457701
966303
31048
138264
120343
850654
683335
630838
9857
720908
780525
631528
154309
976808
902941
978581
100221
106587
87560
742018
304269
735426
663422
761393
933516
452746
655138
192851
473653
938117
37259
581889
319075
719095
37279
557300
824337
488966
631349
102147
133426
288411
354323
499205
471432
12284
554519
471165
482652
641199
263654
740006
629801
317342
923674
215263
630913
884901
314750
287560
403704
797729
162494
251595
11559
360330
67495
711886
660975
113006
596568
934928
887226
797947
602623
503013
683137
750294
98891
297836
475324
746681
303236
796067
532866
313472
789617
894479
605328
247913
36270
998769
330207
637620
43977
908104
224269
977305
112846
106491
878947
76390
312277
432445
316841
327108
656384
740028
334557
559929
505865
87162
56525
151629
257408
191251
855098
271038
952989
377485
254141
148491
43933
11780
426514
37211
178450
458214
420220
98362
546349
929848
303698
786207
10944
212238
7624
435793
985709
130507
758759
662822
772014
803713
650804
873826
864320
184334
77874
654504
550511
116080
468111
55041
987549
159787
998154
823483
816471
735060
743552
451676
295746
704378
25907
493054
878316
386783
554423
987491
135199
129809
327726
985688
937282
991226
161200
104035
847017
786232
135792
760611
742984
741085
226105
243960
802848
260790
858807
48519
104019
866271
176758
974041
266350
185598
339959
331076
757525
994161
281308
220574
709304
690304
953330
262864
351585
265769
251465
339784
461294
784414
480146
883419
544394
618004
439827
995917
821838
204509
956282
217043
474095
892144
947909
69665
13900
511533
932428
608009
103187
678714
211296
69584
607675
473290
838312
388845
191409
58905
878297
769155
293546
17318
392405
729347
901011
652688
48539
42149
133149
289298
248495
763960
288322
633798
187883
118956
667413
602137
320546
345212
185502
621719
286078
736525
510512
310906
477254
20828
226414
610853
73559
904577
308623
898766
547687
82206
20495
347002
363794
260746
192393
809060
829439
781891
728549
811345
837588
237309
102031
808702
540686
67712
544361
722045
835747
512147
613922
918047
907559
431246
836038
213657
976510
466611
147675
192374
828236
718248
950991
104487
664156
622944
682507
890159
305170
998715
938451
412052
805191
283900
361877
813272
86834
844241
693441
26819
298524
847239
615265
854276
210426
610310
276094
704348
116033
517744
676010
35969
386902
571195
410235
786021
39932
389409
624112
578338
419776
5110
415131
308503
373344
120470
332907
778061
99069
577275
74313
412091
190482
673919
948508
735740
261828
618547
195374
208106
942857
846170
780942
216003
960611
147286
864654
515491
487897
556529
735860
175626
931358
732089
650721
126767
856411
120117
665756
744861
802037
543072
260538
513496
325278
976918
269577
697085
733486
189340
402251
131426
611786
599588
419644
691964
433847
190309
858471
735449
256018
552703
44787
827262
738003
178538
23983
364557
507694
926086
948597
284463
193429
181714
411771
906922
283873
614874
191707
103367
343851
581465
881279
405284
13926
168984
917000
370797
652128
596648
592801
512782
438184
184630
746666
358598
253765
388759
941914
759400
676659
460554
129988
396066
982458
137142
977864
539168
134263
391620
270793
511966
359072
681634
59796
978296
58912
322425
513454
131310
485480
580314
754755
94371
818930
833597
316354
362024
34638
680007
231345
906795
216165
183424
191722
656692
778332
547200
652965
408615
401206
377470
240745
884505
343980
357029
324525
559888
207131
588845
162864
98592
141915
87990
596543
712758
968166
901770
868149
533872
654532
120028
780539
128384
139686
601109
71683
620602
528736
583669
579620
495884
285945
480513
498837
48759
163062
57846
788174
613456
251953
891836
580352
168429
730908
464067
264575
641812
585902
508480
766139
261337
831254
254599
430801
590107
528544
25325
836697
468707
208305
242310
802876
944504
135937
267896
841058
410571
231437
669829
306040
599530
351956
433435
540157
781713
76873
365684
378560
502387
96973
436517
484553
459390
802479
85069
118072
670377
689128
581879
105380
907987
757101
382900
974381
491574
164580
37121
447465
915765
15832
616814
742611
468940
313150
827916
423488
948861
782640
927768
860610
817994
495770
328412
718113
657688
951733
295895
264534
578233
560128
469458
720992
320898
269090
19274
306488
148429
420937
137325
117535
262062
785562
213264
488163
405979
121209
485576
16369
524226
542931
178070
14343
820456
440962
132734
742388
337493
684361
732182
420211
221512
369756
468417
674289
164792
430620
859362
776354
131300
9466
540577
755513
360992
613501
266812
225369
821570
723691
246525
557500
730512
707837
702208
853980
505582
600225
800373
24142
518583
553513
127224
154570
325010
542976
699569
276372
621330
208894
95228
580040
41985
559743
663162
105770
49811
627065
930797
945892
596423
62270
264476
36099
933188
96293
558705
683451
938821
244970
230832
81685
596168
636112
80039
198125
798648
858727
632974
581544
495893
790449
443110
836619
298505
946192
436872
738148
53412
509184
806803
216994
574206
354960
140535
739761
664902
59558
444024
925493
810934
95064
468514
595231
427802
158839
282913
834035
355630
857155
346729
60154
367000
769634
433461
542270
815774
257809
630295
283315
196238
249278
297200
698132
304706
628343
306986
52306
899896
794689
107613
200756
243654
413563
149014
767241
670299
374101
998935
539706
380617
496833
35756
521455
985718
587082
950983
774386
936262
17889
420104
918116
864201
144238
207682
907564
36995
499793
661084
501632
578418
908016
16940
656900
845353
351435
195405
932781
366647
686015
789539
878397
47882
61993
770589
286453
925080
218192
24670
145671
610657
653755
212346
100925
716593
49398
599806
238947
962591
209704
448843
57565
381138
228624
272536
547697
16701
542286
764530
419870
782918
26378
492040
640816
689479
319750
506167
610756
479497
111602
867846
508243
828529
216480
713730
556996
647999
879517
893532
227942
708623
903719
398824
679711
753561
871823
773028
62138
506335
947091
443288
659834
495190
480650
447176
236724
413405
927329
340622
357432
814172
377665
168204
907736
298997
350619
252918
513813
213
359747
219760
68811
80999
164952
105925
115310
180443
552629
630183
403527
216522
948914
694925
547656
726453
163925
976646
336537
971766
89292
24066
919855
364515
226929
627845
787403
381392
513930
351814
186445
24153
26619
22872
381023
57562
796218
665171
947083
710202
149241
833946
118587
258821
697639
555324
52328
933527
346911
110648
762928
878940
464762
717382
394557
485556
658611
753318
442213
265917
447104
546850
512895
591770
479012
913268
225855
31265
852259
555499
891087
729332
516513
167480
676562
259749
704698
579290
77202
643978
831905
565420
632424
779738
324655
1012
4083
351359
399073
895656
722957
404318
893492
460279
139453
157970
879136
769908
372989
303323
921967
773553
344567
986821
549436
372200
298315
916444
687792
36845
570342
543026
578772
970777
747016
67575
958900
133747
769840
104439
90301
540421
990350
190544
568830
121461
656045
972520
703503
92847
817120
826387
660618
217470
183806
868563
496609
562820
35435
802330
665621
359511
884876
810466
580916
347651
235753
752628
333672
561516
434949
255171
728381
847735
319126
891409
380965
538155
81589
541967
743907
605779
544553
197702
572090
320667
811974
921771
523722
892385
99333
422782
302613
836604
389347
707576
991264
835632
446346
580002
998613
676173
637095
331209
351973
442327
952149
827262
899584
517804
599341
341552
358398
108574
549805
902275
41097
935633
456985
629389
527026
467315
440345
520786
503644
561520
328066
414035
498236
670503
86770
397895
244062
824289
331381
776895
980790
453567
4506
802645
75937
738830
542253
777120
972262
579814
102211
806036
615409
467719
719346
434514
196815
512439
576837
632608
258772
628025
931460
114837
951725
411782
616866
775760
508280
565941
463182
102678
804074
805506
417615
786962
212568
71915
628317
397041
828995
529338
262519
899003
538085
258923
370007
14801
330899
786042
674303
893453
737957
576543
776428
337203
239075
420262
889943
872472
34678
183497
890987
284527
619073
756917
163321
845138
183038
151299
445925
354115
991278
600776
649495
288447
529694
221682
398216
806883
398082
244893
874468
93136
635792
90449
396689
537494
411052
585546
44375
554490
779041
440411
559262
413341
519517
691331
698003
318290
901653
196063
189213
117496
591960
424089
456527
442056
820546
722662
309367
780782
351639
959296
874387
981738
766229
942353
143135
938131
57826
303589
645210
764019
566759
590006
921295
594369
834094
157080
666672
254383
43189
81418
643417
434597
335027
718112
718220
681097
432914
716544
672852
464324
692791
278120
755553
825276
907301
190392
294185
614502
934946
704238
75766
137181
500046
634267
612048
96618
314928
157331
857074
88900
12623
659999
420223
543010
246582
643088
827005
923582
713264
129814
919918
217555
784182
243841
62990
211365
895857
624517
416130
831881
839315
128768
179234
872170
615177
832632
371009
752273
576053
690131
403789
575504
164854
333148
443120
632420
675823
403209
299734
677432
114482
494554
391510
757150
413359
257584
134362
104881
972280
462787
973493
632338
735167
857423
150279
847424
789705
460773
215047
606108
781895
538440
242337
966702
274433
872207
682749
556513
546017
99157
794287
283641
228098
832229
636130
930833
606243
994156
679069
153628
375219
297649
189373
671658
130047
86956
676644
989784
899693
819395
861258
814898
585741
310174
813277
444508
255287
489808
142257
794897
855478
830638
376169
409440
66514
787477
957682
741788
690608
567092
607352
243999
186314
292238
155801
306250
700783
158165
330749
892660
226939
493017
399820
796838
318222
728245
16308
801110
130450
161157
92647
665015
428542
48928
35116
791458
595229
11898
213331
623072
609559
943689
109395
306641
424921
626657
194090
930066
169463
33435
211293
684196
116201
858765
216844
630953
425785
170595
414371
369533
251784
195327
558131
784054
916546
159406
451691
228892
515069
797843
861346
962032
485006
610045
984423
372121
392841
194271
465189
561511
429416
24274
834858
145430
882428
845163
167225
706514
159174
460239
687752
204299
769710
56547
51479
780865
48802
374095
13892
826668
294410
962202
258962
874717
431144
486103
219807
876585
269047
547995
830030
680358
921183
768858
277506
78464
967981
940917
997493
622451
511901
905306
338182
512097
352932
435489
559374
257872
133577
814205
83749
488602
451406
980195
210219
230292
617926
90684
820163
217430
954407
96582
959882
314663
258498
459561
566385
924623
349863
453705
18669
336769
408730
589071
642938
332445
158166
570560
777761
2993
809064
862665
513927
660569
86217
369159
763826
925454
584540
956531
886456
558961
166412
550912
696705
377680
104261
320504
321328
632623
196947
18972
29108
565960
144145
910002
858948
468352
49862
819189
597201
451545
44365
766666
414327
323666
663232
322340
261003
408843
802889
295344
945100
888057
783906
620285
663496
254771
296517
335085
646454
776731
777196
358711
487359
434416
70833
371793
676887
666985
69935
479115
838218
398165
390462
490201
168689
237373
43300
592678
633338
455460
491062
912822
527060
319837
441809
958703
124647
640327
224432
223525
271774
924933
614899
290258
935013
373848
538158
623407
925285
50330
157492
859678
236656
958723
481198
816603
701191
432721
765952
626599
950636
191076
676818
373700
996952
653323
375842
361167
96292
624673
454269
670402
944786
257095
897888
985077
669553
272695
80639
749112
524624
795859
118553
603108
679027
782233
784252
701083
993054
955454
581630
947805
218774
366652
511053
416791
632150
177102
517259
209959
706658
30991
605365
802195
72082
433129
134773
477552
667208
875540
856423
808523
691438
67192
845785
255815
687865
512769
602112
873269
849142
859191
233916
791060
427546
882748
831287
620022
951879
724995
837568
170935
806422
2227
476106
914818
610947
711156
62161
423774
755805
432524
335767
626640
392423
194764
788222
89674
157073
501380
323057
689747
914560
448597
491753
985978
848523
563939
975131
315474
296323
981714
943263
139814
829056
838011
419908
451163
210961
315670
801889
110332
37617
598761
239510
833885
48528
106485
670995
173317
337282
768002
922132
236599
941264
772538
431676
90820
582896
183231
843771
754421
655727
38532
920545
438466
901182
81565
971188
228637
605600
55704
268247
713101
562220
583750
727550
156144
489064
8406
465059
693425
71196
213376
712123
681943
304652
367252
970035
776273
359334
736470
215439
522370
749493
198947
430053
261201
202926
856622
721344
916702
253840
192991
825204
806031
249340
550791
837325
954805
155802
315384
606917
526011
278945
80955
344534
878469
770174
249509
645227
459245
581834
966763
308895
204099
355285
34340
51586
371057
578262
454339
444731
764413
231755
560131
193637
119935
61704
266398
172285
16796
557077
831744
468350
57711
693440
668824
60563
215981
509932
159780
649917
186653
627571
138885
596898
298697
888134
689647
878835
46094
395373
170208
474636
577957
374121
928752
608558
551279
427897
999713
840368
594626
971886
181946
76138
257077
845720
291615
192082
723936
369276
55393
113267
769212
394749
63698
869686
384603
229532
439016
364107
275677
656994
390975
329259
948196
666016
627678
226335
420975
915209
671920
642480
696423
403996
491245
81794
995862
300307
492414
912610
423982
383412
853705
633162
165224
100456
372563
548452
534642
806540
491477
413050
206767
360770
931549
587682
728198
884425
411089
781928
983162
152487
255662
510971
625971
786035
316360
981285
620309
140554
504683
238291
932497
544003
425262
58437
114365
328512
41756
248821
981070
920885
46602
729381
840212
109603
621919
15853
760786
489836
576687
496104
184002
2989
424449
198109
772755
433606
826132
584760
772442
704002
964168
278868
313129
815765
836964
521104
21478
327325
166877
594324
30607
328066
600170
409613
977036
972007
144069
942559
856067
767847
333860
232675
670465
987231
452078
214558
651992
749379
232195
736278
461354
567726
870817
738665
179334
403075
845229
718578
90359
557736
987271
279878
229480
66452
499833
787781
414723
592458
118890
885401
18981
220762
421848
905716
49121
955845
362043
17857
194678
177196
469635
283532
384496
783689
800692
667559
46915
266569
639157
445903
707547
490875
160438
385261
778462
536385
750777
530170
393513
551744
443094
426777
926831
209200
977903
136797
394926
12425
326953
450892
287621
406175
127654
297578
498969
364093
367885
461958
936562
889745
833693
377980
76115
656015
286446
938587
197907
829282
71388
980038
292688
977319
876130
339849
656828
843688
655454
162205
10014
686380
317941
430375
563484
824807
630238
542560
842806
16733
936430
115776
226393
295563
712795
101791
99454
938417
682349
729786
242794
306733
198917
752347
576858
403656
877095
964529
663629
126270
992276
990175
432483
355788
4083
885321
440821
225061
666818
195437
606269
130346
582216
721413
754488
313049
722591
398628
515067
127186
406596
374077
67764
429611
445142
578486
992256
882592
691650
833449
6874
342104
28647
808114
695189
920245
901809
945525
414118
756482
872935
815711
453133
9960
304906
220730
171430
93893
214552
776319
278358
713120
533452
625449
642158
837162
502031
400998
13023
343688
688937
547940
828725
701065
175516
639827
834528
723715
774317
380036
593832
130298
760902
565151
91977
362252
489846
406023
542849
879056
438648
251456
196416
936567
677405
940130
415059
676118
497411
718310
537498
204574
948487
904010
81411
229346
332667
252747
649232
727388
280990
285635
496430
73516
900473
677520
97473
30896
619982
171003
201952
15366
786517
381616
811810
85268
767583
290074
230326
179789
300626
179455
834508
231304
97137
268317
504757
911062
256883
315156
709153
932525
876807
25312
84427
33027
349501
178303
981673
981914
237772
11772
852071
222122
284626
547596
536374
42217
72170
226427
491640
497170
78206
428802
739654
648706
395946
204149
853732
79848
180108
803418
614055
53311
961757
416742
56426
129707
334608
854435
515303
539027
157102
777797
919196
107695
337438
485631
34999
83506
472816
193012
577537
772044
99528
200781
101605
500735
77106
347398
375983
60461
677613
659200
502401
439710
280257
170764
387157
362517
181842
474022
299046
869011
925199
672890
154517
936132
720574
69628
859419
926180
989055
89800
506450
472076
792482
664608
478384
260822
930856
532540
539378
60386
786160
696701
810146
250312
570561
579852
117516
62607
497350
256074
584835
717042
534546
506182
486961
643754
823977
343386
332002
26089
552717
86391
851748
967924
49134
19017
83657
692228
142401
168605
9539
311433
372166
759881
279520
875188
464177
456597
394603
597413
598033
590227
347142
392054
384794
193101
125733
105759
145079
802828
679541
125738
32341
685484
906773
362333
781388
336978
983020
958397
378819
865163
877388
461338
749866
129681
217821
608739
635281
322180
761763
324767
192217
6470
604263
2086
494679
506348
912856
652825
31961
928225
417038
52137
507591
36362
99882
569240
726656
660432
540296
983303
125979
308291
136682
215368
549478
181258
6205
572550
200129
844852
698625
796988
310313
394876
989615
939636
963932
76874
925705
837707
676518
966423
981497
764657
793671
498363
659484
642878
503516
345013
113814
61803
275457
386557
411552
227922
835368
291203
858472
888239
366473
528406
411139
214993
485482
475322
573015
617011
685198
644856
329551
451847
357625
963068
615712
652879
215736
454355
529080
356870
917379
654776
2704
719992
961443
566991
934043
244131
474211
994775
829857
100312
332977
650659
871616
132392
184302
517222
931977
451680
305946
560674
480100
791965
934302
44834
502056
84443
633308
374221
532301
33338
516153
606922
643186
825551
647664
521066
771654
491458
753159
393122
75817
849010
438624
451924
108767
409593
487427
309247
472998
101623
440387
535886
276029
176670
588871
951653
146270
202907
714690
128324
787950
622003
395905
66527
54857
948100
464291
673
304877
321304
248000
810511
360825
793165
562139
573488
747744
417902
20254
379057
2849
950687
131382
644208
761526
713055
820131
818933
11252
975588
461378
550995
375037
29282
256529
91266
536980
969549
794857
964094
954732
100608
941330
701552
817153
783048
771396
746090
800176
493627
133587
463027
549858
843934
562363
572487
978832
313302
686511
209794
400847
491425
982480
254000
247820
697396
707405
526141
614776
944448
113170
951985
160311
353445
590707
808429
953663
283222
222837
728396
704210
642175
334301
225968
435208
72992
19242
121679
70774
961283
299243
397287
593634
508820
519124
690022
400843
433467
823067
848209
235709
210344
70225
713349
606317
152631
346824
568120
914599
45397
310882
495474
614550
492158
966005
230860
594219
611411
102328
957827
633313
229159
565520
896627
226717
253499
718876
466137
283980
488621
948868
261306
215777
748126
831123
81511
700599
761327
621667
769630
988374
31274
67346
677277
942495
499492
139708
158578
147640
600009
188240
613035
318072
43988
181664
247413
929513
466355
160154
907290
467466
887090
756637
40773
935804
792380
661979
100098
301693
524635
206684
461212
366357
585403
810851
247110
145978
401500
914481
277614
222939
82228
141819
736446
684887
704317
876287
45861
207543
701306
126639
869770
556941
5313
550352
128185
287724
691740
766841
399013
696363
11201
640943
107598
151664
858032
46243
460116
769607
921014
728122
163807
25590
989482
278047
595218
304334
146793
903456
227025
576217
873143
631692
804688
358491
401038
821799
976078
870871
19240
374601
820414
827140
404820
829302
997223
617950
477960
614002
41745
734703
720473
77820
670069
160361
376513
573957
825501
110280
462759
785861
597027
944627
55385
692767
71454
293682
892423
56236
642673
438273
932666
75910
294688
769855
146034
910570
899453
718191
475385
89659
626235
879338
606028
450819
146113
202608
906737
130546
433414
2411
664857
307971
615283
249335
528125
855827
501255
64600
887138
788060
136604
592934
784904
410095
966429
461187
823735
375671
971810
843480
454760
433210
445088
748374
981645
505083
908175
519559
587601
884696
46021
698778
703628
759205
426730
338161
75887
969754
210526
568896
961467
906466
11644
734127
984298
702066
570413
676195
316766
435810
917200
831813
17644
888529
265545
633505
553200
499959
958747
341605
755930
571078
412306
838336
734118
427095
144048
103972
535475
210765
664432
64815
689408
211118
211431
253685
104993
149238
57579
255862
185524
640634
391139
226877
435548
132782
579063
863293
282588
976840
956297
83590
313282
934076
154153
333480
632475
340446
379896
868475
593825
356830
990343
586245
721777
217806
164198
982286
247297
158440
471000
584631
313559
746399
658980
786841
572795
675841
39794
343209
591821
689831
435001
916098
211297
189694
767319
972584
762553
262505
29127
15998
835857
312078
541310
607750
115305
214117
127495
885741
648021
932829
71862
317942
799178
834134
503138
243145
59365
509699
153058
345669
817129
786414
274466
586745
187051
737473
872414
272544
992511
934122
301025
877289
42325
881219
709542
959610
911747
565092
782918
11291
540842
308809
715440
359780
97045
677800
380318
309288
713749
7884
213821
550077
913062
238108
419459
491463
748405
122404
715874
581312
961418
566915
1524
863296
737670
793952
989882
992861
966976
268894
80835
683887
266646
842939
477077
90202
409784
362463
828742
939617
215802
74873
495172
332863
406594
521137
849630
995795
409359
246844
920941
430440
595853
586433
65439
848962
987871
979383
293284
994335
30089
762474
335113
952484
633883
148849
528158
842886
329578
152450
125375
838117
29591
545504
686800
307520
601220
547092
799245
6182
175402
832428
488637
137614
876506
625324
338692
807012
448299
90439
510290
851698
72507
977231
567844
286328
528918
484158
262086
632664
729775
609516
193151
217200
576250
834393
583469
114644
31062
843596
226905
791249
278863
131983
48741
659199
854779
766494
610535
691742
661563
278278
324507
968487
867078
644676
104072
521248
776383
587383
670260
133066
906483
961009
758198
806494
656829
835346
23496
461975
164969
984968
535277
53097
164266
891445
360767
692771
919391
36272
895781
572808
605368
216708
276080
429152
817176
852102
416520
55940
249530
764853
968053
903852
970179
718035
757070
111631
125148
70776
77227
414434
360617
272885
540820
248594
723675
561768
64939
29662
312976
147579
967029
19016
490361
376599
75173
414095
35805
848238
220314
298263
230578
227628
470786
868559
487305
543616
993968
923037
810647
91112
485512
934161
68613
667050
693512
160658
782054
760844
683168
157497
898684
493085
136889
732110
807986
550294
165445
864707
674699
98925
817713
361520
21070
678409
719703
42034
371873
370863
47969
74721
691237
124219
348185
670559
286593
965853
546574
719552
832613
985411
870031
112733
176787
388378
290212
430561
628336
626029
537522
398408
503426
592770
692835
10755
802219
148452
857955
507979
27063
771132
430252
453065
316153
974806
62538
326
263329
237036
476200
74171
22158
572973
913741
583197
551277
565126
166313
983357
148001
612345
792481
473688
738484
396814
356380
859035
745267
84485
256567
646481
736827
572194
991325
255609
478804
173845
511798
317501
452826
498357
651281
913329
386449
913708
487132
260626
846467
914242
891198
793792
487923
912497
455320
805142
122410
462198
440361
813745
371827
685618
390421
611563
307493
726395
578251
499847
139628
377983
503604
573497
718426
648254
253133
37051
335546
912389
648629
443207
73596
479047
759795
433254
741245
848877
538436
28513
252877
679825
42829
772872
164243
490260
964232
58710
959361
428822
941876
782010
598939
18957
458483
67147
786907
646509
945222
177862
389163
700291
93227
888115
447427
698435
268174
525014
271166
437420
355106
615729
161794
186021
322599
571298
425938
213035
288520
122421
468307
485467
894053
285857
919780
203005
348327
484733
952588
944913
592893
72072
162019
597110
653470
914053
652852
900037
395777
878017
258789
412022
582957
39943
144414
918207
343975
177088
391765
831688
905593
643738
557386
931390
714872
41465
600777
860285
884870
190037
31428
167929
233094
781071
599189
322875
50421
753788
361489
43383
137647
870671
500974
498954
577447
190571
838428
420555
171481
137777
588360
924010
465518
647788
538434
898884
809881
434018
498988
144284
958164
764371
565127
43356
294104
262614
461458
459863
894647
156694
998288
713071
286649
84631
458189
941276
935341
38332
553073
899656
214584
276662
444492
254743
852102
71327
203664
735641
617320
962594
2755
81237
325054
796619
275232
582992
65260
192110
60668
164511
937188
241290
758131
361926
465701
188595
552365
273249
308187
550285
848228
530184
822421
639089
151416
612498
558865
740272
967276
372911
765342
248957
454557
469537
547658
923278
767233
513303
416682
33915
245074
129333
570539
597777
872432
804165
409997
72090
714740
344752
465790
854872
363520
10558
128527
688743
773225
896671
315019
597243
257051
943671
479241
296342
823860
29151
181841
118494
484667
956080
769001
362616
634694
794832
579622
640580
125742
958565
499239
229259
183720
595694
609693
656955
897423
368611
145560
753936
607199
454350
961442
179103
155957
650784
238679
998249
629968
801034
215693
234101
913221
359109
313084
434323
106659
811416
142767
210884
622346
841620
539856
392655
552723
580428
936652
902853
736361
17247
110030
723898
794159
667239
576659
344496
293750
885171
684913
897230
114876
796542
758003
789665
34832
676830
479762
7958
530568
751309
82686
429176
802868
810713
797238
417025
68033
742168
452110
695384
233808
60110
77021
995066
178819
788564
852813
251387
988572
593967
778020
193675
666122
896848
976739
12517
31787
801008
659558
416542
753837
70467
367449
797784
710874
57275
277958
413101
176654
437399
33679
458903
639392
847247
764923
667368
420133
29989
721647
584597
638558
898688
204126
4607
489638
2353
287523
127795
240829
241388
172409
888488
837049
320494
861463
553411
509467
349949
261999
131392
324158
210293
744609
354342
177995
780771
650153
990521
351654
898534
230474
33350
363435
963396
32629
872465
532600
432104
792107
898483
357252
56367
487395
118885
539310
610551
326446
269681
247895
27757
84983
595968
2538
317124
397272
944245
378851
370528
311888
60313
591878
783482
668162
18805
896122
112864
623430
523898
656280
573205
966850
415448
889011
33653
692469
90791
53597
319275
672406
709673
878150
243262
170394
988251
48061
500680
366635
107814
654657
539756
26786
764892
404601
793302
941103
671597
724334
200735
784155
878551
58901
780233
601194
137484
860816
120934
214177
146521
992111
56691
458615
928465
521571
455731
311809
780807
189117
14679
653736
205942
130664
180753
613714
981062
809268
842553
199193
59377
482182
227694
177385
307856
948485
524649
986143
181345
768236
106534
787390
308935
621630
876125
644587
625667
985442
174303
205120
121130
844071
898181
199161
496256
723786
960542
528476
20562
941325
988808
711809
664351
591776
209623
977882
143818
465704
794217
352737
861788
781804
550087
675027
852729
348857
736121
591055
747964
529599
951149
230762
465436
169117
500005
446522
798152
471696
376530
208541
326366
662570
19558
993784
110818
154825
295772
779812
437808
856735
742412
560528
481610
201113
963193
137784
125722
455773
212351
310948
341655
883025
624638
485943
462447
356127
253139
155934
407838
111935
62177
667763
418961
421508
289136
181385
142711
94240
136921
753978
969350
896109
587841
36060
371689
158921
240087
153859
620146
84990
459533
970364
655189
510458
812500
66865
87186
180504
699159
467487
263371
911005
342659
341114
92645
363695
805625
658288
851133
545735
503542
55041
504909
559563
763651
961341
181022
575253
338300
388679
293935
475103
423344
639551
491710
128988
654993
600956
24760
799033
762638
214728
359698
743476
40529
179410
861813
692100
567771
931555
151900
499428
153968
478749
306684
946891
316946
712326
416764
361499
209326
414629
142015
446038
302331
293880
811590
474661
808062
29090
304153
797730
275564
488135
413693
421085
531386
994034
657243
277446
151903
757613
513076
691442
952550
369163
891393
454799
558200
547385
234267
874520
979282
180773
17591
134406
259830
64826
584970
319080
686508
637821
182015
489700
751751
448593
779194
271842
49533
51665
772389
518571
548841
518226
932514
745509
237828
775884
39061
199750
960673
545786
477119
620746
379576
732586
703439
978855
385876
740939
894301
736006
957149
341605
276447
462983
411257
390873
612049
969124
243648
919004
59669
452770
250815
846475
165397
564571
440690
861279
51816
690823
309822
796172
967183
210280
427571
181677
233190
955421
909120
518826
286880
617960
281986
215026
950797
378406
454795
57105
285148
610784
982443
557501
376754
116156
588374
502735
201773
972378
952538
557709
262670
752559
102717
835032
44638
560998
357243
925518
462626
62879
658739
4121
377392
442824
311364
275026
947441
17437
588145
200257
53466
48248
410330
668080
282857
154006
317305
500649
994097
605094
243455
474751
794314
697816
197457
335182
358015
352652
799855
117169
890964
58094
776357
462469
700447
290443
927142
513129
271580
580037
796574
397614
969100
465617
253083
285870
985021
681112
455544
483104
434769
52897
230363
56432
567904
750617
712578
44240
904237
730970
214612
385006
732146
441376
677952
320498
813121
109228
735848
177669
325023
232506
369245
114247
46311
208771
373506
624925
534409
392137
370089
348214
583673
251580
895192
988450
561850
719006
176475
973104
318660
261759
569330
802446
236129
691827
265772
916796
647491
232755
811853
306014
289979
905342
173635
16498
676559
864469
577094
172956
272594
921961
113920
125286
145718
124153
153041
855401
320606
917895
926808
834428
415110
135003
271100
107673
260174
752695
390254
502890
113179
146368
690527
506795
762846
341087
179944
535451
293545
589451
667698
36054
527848
456038
12905
100808
198374
472443
970345
48008
713461
341921
759922
731095
975923
618972
346948
173368
90134
766725
561929
494218
949890
503779
611410
992133
637997
392183
235515
680411
288249
689537
753188
533419
561427
590743
502721
194416
169212
118700
733036
920346
943323
88292
830261
94699
791983
764316
874505
726431
511744
61513
913345
971110
829947
393674
11368
859865
241575
568817
89243
102379
173969
448732
801119
42086
763867
443728
215763
584876
63445
297194
864709
197068
805513
29641
799776
874021
952762
358169
662666
317713
131909
384852
410975
429763
710835
856309
267765
625766
715276
836782
665993
407531
1362
208328
444394
91649
101267
14269
318061
586060
941463
295818
694786
630633
196551
736877
237346
973499
386359
128253
182258
541737
949996
390090
317134
783216
437738
650114
691622
5785
650141
665318
591010
720692
23479
696002
36928
708994
811581
793620
96194
772920
646379
347689
576679
908531
872947
652040
268189
941713
649539
196978
746699
506428
179119
371476
901893
612330
596078
268295
770784
948263
970346
324973
964337
498813
610808
604919
959311
13017
350907
625364
794202
357467
781559
772753
255956
810512
459989
511147
473275
909858
967773
785540
942669
552837
317431
249515
404990
666760
614053
205435
663081
916162
66989
435449
385226
594451
416312
422835
174476
59356
589774
815767
700503
814748
938170
369382
488501
615811
710532
17046
38743
780218
525274
168030
310768
224872
469412
806319
247750
615938
115181
474096
939495
419295
181879
763454
226556
569239
790465
511198
33357
935119
259434
494125
484803
758820
172711
55977
908683
760372
13787
762270
155313
664646
5039
875528
276181
489020
917156
170958
494992
50040
520830
371421
577323
796549
41327
270557
159241
257369
446296
434248
330559
103604
648149
223119
785015
68727
734558
762572
147519
744080
154112
401885
667699
573041
378888
150208
329348
204074
941666
554811
566948
730975
902768
495732
203339
248110
739934
411033
926650
579064
374426
538120
610017
999033
547482
859165
44169
264481
43502
572430
200833
287983
319799
76342
974027
351822
947501
649443
456619
840864
894137
236919
201177
93348
85692
13138
586962
117696
874379
679723
369018
604059
8104
779945
720666
871272
448583
662765
597328
133031
917284
113653
47429
741521
361861
84330
175245
872406
630459
399899
820924
451978
517246
799337
664474
995448
999773
174131
383418
424776
927209
409879
697861
865072
638252
806953
622098
880565
988481
658864
8502
604246
49140
200775
517245
739752
302827
805629
474540
469683
506282
1643
692436
891491
516445
612481
214791
720219
283196
80188
126903
646802
900631
821019
20388
921285
78499
285573
440231
442251
646371
247191
657562
876889
735336
726368
409526
110578
95526
873958
826748
630496
602469
82241
629234
284694
381247
570486
813147
226236
134693
700376
473749
751434
200294
316775
113919
171820
580223
480533
772972
821500
689905
62622
577153
794593
852707
802645
860983
31973
631878
599826
837775
932115
935535
861
907970
747814
456514
76554
85542
648685
416089
137953
695587
478764
769084
32750
450296
919214
997588
83967
245881
978033
371479
85523
539609
471839
86200
153055
963957
439205
1682
643390
914003
230711
801055
802375
204526
357749
263748
278304
534873
50336
4834
146965
422510
873547
470913
634364
470297
682894
202584
294509
317834
660853
374523
2107
393868
169931
406408
753894
634585
682072
1408
937299
661710
99839
313695
421458
524688
371788
72380
553130
2846
422522
396550
898852
636241
67426
724505
364710
108053
762660
750068
146402
336687
752966
509792
814781
652383
422976
797112
725897
730966
432116
892981
859550
536482
518911
197259
136693
384802
697338
721060
243544
381891
936114
557564
999048
913292
311154
387185
342402
565459
52153
792799
88594
844944
866116
661652
702504
328039
413853
232820
475848
421318
839862
412576
656339
742626
811670
824723
274671
242440
611657
688943
642533
577077
442499
27449
753585
918132
256829
888672
109429
336587
102340
246481
813844
135414
185502
984369
131130
21068
600201
906305
88175
802149
942034
29402
114910
382587
834671
508277
164092
177069
731571
416979
228911
718025
224557
271562
685690
146349
490114
614864
429006
482107
434984
204799
337819
56883
564512
348401
213766
255959
590383
706146
966555
766419
318791
454493
486411
856358
415756
39362
339867
820707
233209
879206
152666
620822
997633
283586
302389
917813
312464
541630
333424
153691
106123
604459
328198
69771
869446
36685
321124
68373
269473
944263
725514
121703
945
399499
658742
510898
42530
478711
997220
538593
321724
404032
970318
499935
160520
438067
111110
619846
773358
118596
421905
368436
519548
140230
683776
551801
574242
690927
941866
842063
175227
333461
332032
958355
627193
585472
579407
539543
800837
196386
695789
859850
951023
745532
630263
930125
296431
592952
886282
200377
952518
402936
408449
33273
490277
429979
363560
353660
605207
507889
792964
395778
124059
214966
497138
267673
851342
1655
928366
131423
563240
161818
313727
158146
793491
404729
708132
58362
923979
442131
185938
911113
492142
443162
919691
219382
558033
429709
465875
604665
435737
685681
180043
320187
87022
35964
317519
810064
999536
414274
40889
870872
427491
483846
251806
582363
459720
200891
892139
65739
498150
117972
118316
300701
379126
912912
542745
686607
550721
98606
557464
768427
431049
120048
607742
564784
315781
77143
167115
233206
977482
125327
80403
386847
405014
200757
887516
237255
968232
92814
718429
879384
661280
43865
358461
457891
977294
994737
123065
657869
397903
314068
252590
948514
442904
350660
640055
274811
718591
430228
838726
440212
427675
981368
461347
252338
359381
320324
279168
614119
465210
250113
556438
134377
744036
36756
414828
504701
309621
513894
312289
843583
194276
36751
42136
444114
654339
757401
10693
878165
486271
225523
935610
207797
136628
632301
522022
133785
194783
109845
119993
271454
194222
374513
844236
385663
516387
659692
145878
339583
590464
322133
366093
716066
513148
725606
372710
555703
674384
6657
983428
422315
968184
109449
513086
54438
692097
40168
447443
190488
294513
636183
942249
765626
715947
271134
573886
569964
188585
824353
526687
630583
7784
931484
192044
33957
969914
2917
975741
640704
882798
747607
962447
161216
798214
972082
970134
358543
390307
237938
442191
724028
209438
555803
571316
831534
377904
669785
26789
717696
662136
643596
665542
58508
755376
398050
647451
616628
35533
569341
446588
419156
24792
558509
352705
392223
270738
924696
191000
726608
393178
338295
153265
77674
596478
154813
829802
813271
34177
296248
759040
914881
30783
533995
70547
810088
315093
455795
87213
368601
100006
368948
73634
529375
55753
142994
670275
543004
966607
527296
936795
611390
135554
792427
342930
785799
407084
639004
491644
344791
15139
193572
836777
515063
331479
568373
166219
321143
989076
900330
161677
553955
785850
4257
917393
333618
235975
776350
902699
508457
629119
266162
487094
180062
982428
898818
811574
973298
325708
673887
486208
280572
347184
293358
321536
601220
545364
78351
60095
269745
681975
222705
864483
320751
511576
401280
139610
973749
475382
1813
119342
237620
289999
281387
531545
432384
136166
562033
570555
4996
458289
174731
352392
876279
222450
237049
5598
697679
848741
506879
559331
819381
933182
493200
830421
475435
305165
724555
582360
676900
928258
576857
331740
570588
645375
344414
311463
568864
793740
301510
265056
385066
270721
346605
942725
219429
718547
447223
397342
732032
114055
510778
437302
112120
199053
495109
883279
507260
867547
542192
597154
311141
837970
669483
603955
325425
681752
85578
11435
608923
553948
510347
846933
906445
777335
974417
377473
910057
768282
448875
956601
247045
660865
313280
950209
11775
385136
108532
833696
862697
886072
240905
124036
191135
631696
304505
412925
635081
551989
471643
400923
259056
74645
964094
497570
50240
979375
962949
248737
991374
379386
440712
580006
862578
256827
306566
603674
97069
628399
944163
527013
469848
597994
691056
20690
133812
265153
59844
258815
534302
701279
533340
725861
31002
979967
579538
800730
635152
553469
126901
74556
130440
104242
116440
336343
987495
368665
904305
169345
904794
329453
227081
141125
512862
603940
161692
641536
764023
817321
12813
525371
796549
243122
342911
850261
609903
17558
423496
165403
716883
790114
230929
3008
48819
759610
736051
451905
781579
663149
644192
951497
422983
434783
930537
734332
456348
931393
485585
666834
70214
335172
936408
590267
20907
585305
241642
647814
472469
465799
971602
498661
737552
782148
279680
766311
203251
396356
447117
545839
367447
758073
540492
303636
834066
968970
159745
43193
319790
348164
474270
181787
210082
928396
745597
185462
969002
305872
317406
643488
755145
791031
617094
128511
925110
863225
57836
884927
716309
519173
856074
115500
292464
223230
686571
395095
508041
816922
785668
530372
201960
925870
583085
5640
566244
114125
193606
7548
151917
279109
132201
905133
372270
554782
429608
976742
942754
296295
920151
121660
557069
556315
849514
271805
240655
831390
107443
227640
245634
756097
328810
682497
55334
853414
826209
270783
51900
411662
818215
578101
667099
51514
699689
185082
384247
570998
163965
981779
788341
212079
831490
185761
971769
579318
665472
724580
994622
59276
862302
902072
771462
738731
93005
558005
710501
500454
941704
251853
666495
187209
138040
354037
285281
467779
712735
311752
615703
313264
518957
771536
943801
797545
656869
687028
164478
272729
214719
17915
647456
838540
397067
134825
477202
424065
549202
584998
150585
730887
806549
444833
301385
748590
98825
87958
787392
546760
20945
831246
523652
572032
646140
586264
774550
734386
701492
339907
227755
153830
652047
15515
64652
556739
146920
24569
414750
960572
969261
609090
35651
466322
101683
896157
795500
689979
769731
438508
551471
607459
358207
898952
315664
361850
908623
451406
178909
887497
500793
417593
323319
42371
197557
636049
596022
308314
388839
68814
539388
18181
309735
191265
477127
499556
227043
781810
241011
486627
289626
830721
389583
645000
320230
421151
318024
78587
889852
600447
487513
243447
860471
456135
112706
780287
207954
838506
37612
395563
344146
430508
202948
70507
345665
155722
62209
558053
466604
236428
538989
339591
63372
566376
634730
956601
592081
446610
593900
906660
652407
147765
612726
98963
146535
208535
437940
201433
497831
857541
843611
79622
531040
454641
896972
927073
54363
387731
128283
617419
403415
432402
205074
270454
208115
184347
477770
17558
425727
808191
811504
476257
246784
11484
448057
499400
825337
848847
252191
351305
910960
688833
588269
581438
367139
434846
245884
515542
249207
881484
287336
464877
584642
908980
425134
466058
249575
70952
554324
607214
367570
14448
362259
770570
470188
86325
517575
927219
253615
426285
800445
956772
141580
824432
677812
332746
22016
630000
250147
913941
463428
37942
200368
512750
436604
151363
360936
873227
68334
320310
781697
184941
235990
391232
728959
283018
875321
666457
875318
240469
718530
569319
50162
145797
805688
238110
312352
477048
519742
530824
779428
632886
83896
212694
601811
861927
429815
419816
705802
43495
96125
844687
445789
516113
348883
473287
103938
424471
29171
118348
254710
861254
727706
439779
371944
417164
762325
620717
697803
620586
91421
376490
315767
147810
734912
513803
573938
615349
494018
828761
490279
227832
762121
734853
538008
548086
1198
645858
257230
180481
21800
803619
467979
214219
549269
936956
470199
860211
684869
865529
507795
833322
777734
921216
946734
681190
911999
849660
71280
441482
683231
675882
137802
721371
189225
870428
342185
536171
192479
36291
654735
18509
225137
251893
55563
415021
1886
151704
563804
624549
882321
803599
595592
899912
281472
450872
608600
234775
865687
226833
695038
387793
90781
21228
770355
458134
140357
780237
271491
419614
604403
655629
826382
45145
301761
583649
185530
208804
494803
70541
816767
639792
370594
189112
955997
820684
70082
49579
579495
871807
735303
297924
717501
944227
14344
516312
764140
855759
214748
752661
955344
447569
828317
790221
984296
413344
463695
183071
802991
158684
317886
529749
18897
585284
193804
934734
937274
562614
728197
116314
222577
249256
932763
159412
356456
356684
370985
483213
555234
910228
294222
195990
576331
55078
842780
643321
890958
979642
981193
620901
29513
84215
181660
419482
516461
109824
995559
596963
703061
60303
560186
131506
979192
400036
776356
399515
299602
190494
362196
243679
695262
540589
239490
248770
457118
989044
741101
226687
977370
211394
941530
827291
812534
749873
7346
137857
392853
301393
840245
111484
944279
466952
442684
673643
612040
765244
374538
396032
478967
143898
388938
698229
157054
183687
836438
640160
897362
684211
708879
502185
711223
343990
257789
514653
824775
803531
966900
295066
899257
406882
284319
778517
841052
655340
927136
685871
698341
476374
759720
864200
95322
111519
216675
155250
890311
638890
992415
800279
260632
889140
251538
773391
215055
788090
927653
850512
613656
964931
773056
667472
135308
801816
697595
498169
274619
968803
592332
992595
372996
887554
272053
654545
892592
497841
390418
410104
627272
162813
182524
220561
311314
542181
671871
327191
134419
786842
542192
380356
712
464169
219361
401710
979762
210084
834537
255788
289247
222204
646954
66083
321751
357766
193222
800733
682271
780686
899759
74226
938373
814048
145909
64105
801534
897458
797579
325384
756047
323120
44653
200490
731002
730164
970215
468791
271153
173661
655542
857311
804144
952917
782103
43065
24362
283075
630234
817419
117838
324691
93917
154230
537915
47888
832045
26026
308064
900837
958804
946281
376013
276737
739248
380887
372528
329137
600911
368203
238465
772339
398234
914621
575377
921797
273850
991336
247762
378854
649204
248103
719170
444782
846769
881004
839727
561054
597028
443809
319242
815907
215676
776312
917896
831684
549944
638035
465644
153090
887673
82013
181787
593450
898753
80891
407784
864162
335767
426356
789219
212015
659149
462979
146955
719653
971896
788816
762829
386422
649861
657657
571885
99958
835846
451619
800947
133348
529253
257795
922476
858279
347698
278966
402986
951596
163040
535942
616887
490766
721470
77854
469506
983229
45771
706788
727108
555244
887619
44415
787097
237749
748747
620845
638199
529954
22030
549668
58249
195742
617019
268251
676332
553693
29189
768591
386365
358373
188131
721593
740807
738776
577157
906429
376061
559158
55253
396666
225183
998210
532035
26134
258927
104403
147375
760072
762698
578509
889542
730840
704886
58733
649207
862557
581117
739529
551399
205296
229328
242099
33441
327008
502179
272751
544147
370149
356152
754678
928042
670001
870790
799409
528063
152986
946899
96083
791213
85810
949116
39870
693839
130040
356104
195266
616695
71795
560746
495669
394672
42478
323047
917537
142059
524057
20065
235616
111418
941156
760043
865109
282642
182280
632005
727368
598477
963772
847442
537551
763790
552658
297321
905885
308057
998297
95474
168588
174060
687821
8561
920157
440474
736616
283122
805629
912031
452656
271867
249639
218148
872265
434156
448438
749400
154943
739786
131767
230950
446179
240495
313356
982993
669693
590229
491985
950551
594364
593059
539484
398367
436121
436741
817676
761439
201381
130250
903215
517655
956129
805243
667409
106253
213566
964234
357547
854300
673233
462390
756911
593086
615883
995176
462562
147351
360821
130719
813162
162432
326319
473577
23492
797963
398661
375722
638023
661408
511729
720884
502763
980764
566553
700021
72810
422927
79027
168510
22441
152744
234051
129782
805208
697469
345648
125440
23474
932325
75129
828545
209938
35111
143170
934564
898138
571258
686735
523604
664588
965462
858009
427899
162095
492019
740112
780111
32002
573179
163096
840866
982473
613350
543801
408052
250647
816693
444433
595749
128364
436599
147235
537253
224350
687831
176454
614538
660159
115520
363824
145570
452826
559969
750063
71259
924116
982199
342448
75422
94391
322374
507298
743997
668570
251735
566249
823829
402272
148404
986488
376733
348197
878366
407642
641093
725922
995214
631837
711165
932729
785664
618440
723297
518740
182616
471325
98674
786534
943485
384012
533775
43611
648771
516843
852581
435461
14307
820370
538695
717661
730343
890457
750852
287360
541620
43089
891933
287641
564792
930720
349422
622689
903037
186983
854374
277353
462454
782925
16273
421596
500755
5419
982813
398500
846065
227222
846435
843903
912050
928200
373596
866400
605379
748481
868065
428388
972444
706902
496173
811938
964552
101836
199762
327769
14212
26589
401712
231183
209932
877792
69261
145804
732869
712793
341923
164073
875919
820813
853686
192907
404320
412688
83261
43564
236552
905301
551492
226686
425298
879345
451663
406659
200474
422857
346274
993818
399771
237984
892960
408727
956940
584750
172586
139652
243959
863125
84142
832503
970512
393478
443930
301967
32628
745549
880614
533186
172110
787353
353075
455264
559309
477972
134610
511045
444067
311989
404853
822028
833102
238334
169919
52930
746845
822626
91603
917344
984719
399621
948079
634093
485071
971169
871400
543282
304432
645115
211186
521742
960551
481877
859246
799455
384560
717979
136497
271709
9912
469578
891360
426165
589180
184098
287956
559664
174532
304348
872737
46526
323694
837056
899820
38258
413
776528
568127
123986
826924
624183
777532
161622
315658
566015
246591
701647
458379
222556
350996
168609
583199
269711
839787
239789
703363
643877
665416
666206
676444
491047
524148
118010
368568
497122
344851
504496
675486
745486
887105
618376
690822
787872
813645
884608
531540
185913
87511
456009
331628
383237
310884
891029
697265
401816
670422
173487
480175
521270
483041
889713
70618
796158
946396
965500
537454
993783
589966
483369
849903
293868
95457
750134
104157
881472
609366
965352
147673
385823
405889
553213
244993
970253
774951
463553
461137
762264
308013
522094
252099
227720
333379
215701
346726
39525
113103
135322
380181
968625
555183
667477
896486
333993
617595
424556
276061
588294
284804
334850
863935
687202
982751
275169
75272
992883
564920
622040
537064
595973
549929
121924
388367
105370
120201
36517
706114
151498
501617
606147
649587
76207
735658
492435
323801
541276
528389
10780
550558
77525
814745
643922
705650
917818
911935
539742
531662
809805
652361
439606
368066
888006
684329
757995
553743
99912
207913
339819
851839
127035
773679
758720
622805
219414
413601
887851
128702
870831
296327
874009
790355
802076
303070
576683
438621
290850
405751
995485
602054
489448
495600
202594
655464
5175
358323
821254
217320
683441
820972
147052
528714
229809
706083
595584
672552
34808
120185
278299
398865
324068
776680
157741
10626
546437
507166
414027
234174
733986
850643
366366
249316
420345
626639
536555
86424
587642
696135
215804
411303
27303
693300
201925
313339
446304
371344
210808
88420
627980
347466
834301
165328
965299
454669
815995
262804
724526
612341
847096
584196
468529
112861
46488
357585
171482
488064
782224
311493
690519
667272
516136
739800
424951
967696
908886
654146
189915
568359
509716
148165
558900
510294
973299
505035
188338
938624
895534
768371
927540
256239
40764
466174
838499
94118
944823
928555
602652
519966
621495
172143
175473
704680
374345
637612
964792
345251
521600
161435
255058
503073
178608
438992
77270
158226
110632
893368
233104
703154
68097
302644
721811
803255
947106
758232
389728
537255
579935
527768
224803
496849
953398
178304
352322
572918
177368
879023
453042
484765
581424
147414
21263
719141
904492
428849
607875
437442
660516
806691
952219
82304
412622
828567
696653
868943
868881
904171
198970
81909
424706
980900
810396
114548
20076
235907
870644
486313
954201
336584
586577
652156
605887
416239
907281
278596
844808
287715
485935
802660
287017
574886
827613
512726
447472
380500
762214
94440
273004
828511
452997
570172
501063
320054
253747
827140
782763
624422
861373
477130
533132
989908
375782
619877
27161
304053
75180
192508
347153
958887
942456
979046
405028
483896
237124
26839
412665
198005
697331
170871
854026
101528
277703
602260
224709
980044
681390
933861
547758
224397
328401
13733
948964
184455
817406
816331
380542
969023
384455
101651
919011
480270
339582
174133
931248
128259
971101
995993
802098
109639
947377
113767
847608
354289
817204
342171
499840
244688
812418
916018
842402
994997
790181
868750
100245
140325
817411
725282
742926
931379
596119
207168
447479
555667
655947
539732
285156
13651
999002
123636
145774
166739
672116
787480
593999
943699
562941
573357
63881
943097
568842
23904
541056
701542
171330
237239
656489
711042
363826
535272
421285
863458
826816
451232
668990
376068
222024
883845
639989
409424
486000
688474
42027
527214
43554
679596
351512
867534
932781
4381
82209
395961
935938
113712
241076
893050
944228
104848
215409
392346
949595
39034
891142
629737
252911
947712
889043
690938
705482
632584
423717
451143
59583
37639
439753
589334
793788
925347
360000
929483
100118
824583
992878
611842
72601
734448
888792
129771
520619
865981
710139
580984
245433
782904
985050
576874
64603
662838
951930
129505
346530
42080
70021
493129
326154
329851
170632
375519
12862
582028
154335
154184
72975
509747
601347
733460
671696
464847
655481
460729
893216
191965
66463
83495
22673
466239
331067
73750
670015
345862
460460
772054
443276
660400
19271
710994
637634
528582
731358
166125
196614
153410
127881
452269
23106
877762
425206
733982
570410
500285
63346
151260
527298
149209
110039
875001
326122
590828
41234
301504
149306
709725
245687
971210
87074
39457
969498
954183
108064
645220
315862
383236
544529
364155
345973
535394
865097
394287
288905
363315
610602
489695
361493
660552
502318
567372
723628
107997
896909
360307
650048
293573
958766
861720
86636
423230
147875
696931
377374
848512
880204
232234
97541
724455
507594
184227
609392
81289
85468
728413
168477
344390
749156
622480
151906
869184
903496
657523
254322
371138
845339
829574
302946
225735
884920
984156
680031
489292
509584
328178
209189
148706
642138
126338
761485
546688
586145
103310
767846
148786
821774
558333
286266
819455
418331
965426
265423
556664
463429
880310
170764
198029
573742
304201
194771
956141
248628
265022
860018
766786
555405
268144
941826
340941
393874
441653
286701
499936
377721
655219
283438
842868
191707
626999
455656
46360
136116
49620
887715
128968
453686
64121
970383
826015
949327
989851
258259
815361
359190
78650
67898
910597
903197
203280
813737
495380
463946
812874
978344
411085
874912
192316
44152
229700
872198
47790
675792
344851
366578
707357
935261
596081
826415
773249
336614
204969
727034
891688
102509
646417
218442
416382
71845
704401
390823
133460
325921
368713
776012
888434
749937
417692
13219
909923
427322
501672
928517
860175
976313
292855
630214
159062
681324
799534
605939
926054
546128
256082
222381
963795
201462
94828
474863
567232
936641
381950
311502
583886
992902
756697
365464
73663
655604
351777
468894
120737
613114
392440
893376
835379
512073
172771
864305
350200
631930
889944
530363
663132
126057
380648
234321
508586
332375
148645
627675
48549
243398
198363
899165
67013
343700
96694
146018
523959
672293
373611
706802
779242
147999
841961
96030
532043
907871
667760
33264
538188
651842
54552
943171
465473
761221
218862
218092
826222
264303
928491
480942
786684
559282
251413
63797
794452
172814
320211
926328
387948
732003
855505
278265
256127
758231
911533
241379
601892
853178
808030
988992
129315
340537
494766
934831
522628
451356
658598
708066
114020
696570
727599
847674
547651
157247
552817
376799
638895
41195
955437
676576
300649
4013
515596
368920
362696
413324
948835
239069
345396
946859
167129
581225
765650
658184
653693
734394
350876
918338
94207
990603
615874
447247
301854
503928
617794
985756
349526
306332
346019
27224
479785
45083
126639
427103
801645
596564
625284
639528
2968
282594
517438
791905
308234
17888
661960
801620
693685
351098
661381
263411
935301
26903
21664
891632
409831
392911
734448
888508
695015
702674
996408
727686
922429
124903
953213
491787
524814
59010
809669
83304
489489
178397
382973
340158
480438
475448
192623
330324
223873
465968
478364
874414
365545
625855
116673
650721
602831
79078
266606
74166
270567
533566
717461
508751
716845
470431
333554
272536
743465
631938
695491
324805
105454
924972
22697
487033
565040
959260
728540
542397
277711
573416
507260
583006
351444
866893
680999
529689
264925
452237
645581
836084
456568
869569
645313
6946
803347
364000
779895
710004
896945
516746
100661
941346
994457
541966
888706
916253
271833
413926
724053
100539
540510
372847
752888
71895
901132
772840
638969
706365
902988
681649
45671
522031
653793
119411
136740
880135
981628
332485
506679
143258
189374
38400
155778
820888
161667
149280
610165
194567
585396
83642
53855
908022
826980
410256
387609
532062
573163
232769
458556
169707
686744
420130
314822
753922
854695
515342
231081
808493
513300
913903
423728
92001
223435
693289
828539
725508
138869
296169
48970
116484
461379
122549
599908
234668
808769
969832
869497
569988
235298
174847
800789
408282
238797
258151
155295
897538
464696
848485
362148
745484
974430
674015
379407
288800
884165
447072
698160
104881
899500
540348
605410
298993
772796
455087
88353
92828
992000
215560
310497
364882
73296
989190
419171
348740
674680
427945
554326
782260
373473
454185
320142
418838
358085
472930
653784
961312
472743
282535
979784
159750
23694
277089
773835
26294
506313
886345
176428
863355
944813
582821
94593
75908
849702
200715
309090
544290
892884
757599
464793
670789
276250
447363
463564
81527
426862
981701
701798
364512
90276
997438
798897
155411
113313
818324
948316
344524
208533
462415
789380
171582
774901
419994
745969
499408
412635
391990
107233
613180
114905
875165
735878
478877
245086
207868
181135
512740
315435
448932
146421
562918
271592
252369
715744
985181
456995
721748
478314
406482
682291
80740
707377
13299
857053
880057
47175
976133
454578
376084
741005
927169
675280
662757
293733
245052
550163
115825
603703
268862
383091
717379
21822
462819
869028
868595
499738
983882
945184
369919
974338
66356
932940
350466
402428
130731
810690
62192
407293
548465
521170
619424
327935
550009
61623
960651
572144
850345
731077
536991
566161
184450
316269
490547
266534
94499
186220
375912
153881
991312
235177
799359
863614
724449
364641
702798
125289
638511
727402
403381
480095
367649
269988
914641
325097
425914
204670
521392
193193
988014
918124
58105
819361
123208
481099
849297
466614
144468
361887
810501
189173
665725
166157
779658
195748
421908
226650
751347
242385
899657
648494
320011
32214
351014
979345
303424
928521
818045
18314
213890
897923
383276
403595
972237
492027
978965
525942
18444
848808
737683
3628
762772
149026
47306
424237
142573
698387
185450
309611
902481
822719
651554
292518
99477
61303
89203
307070
249373
722607
996981
189646
477525
727003
263026
463057
14144
802671
926651
233927
383360
523718
469779
71705
675225
383682
371646
457495
361133
82888
622085
891840
215681
474788
381922
32816
41779
164202
3400
299305
60847
579540
179197
218991
26248
451393
75573
426650
345618
21502
923274
625494
756576
978963
689294
12833
390294
74622
133223
641015
378734
599978
763845
935618
513890
433497
954802
125059
851128
155100
752553
649289
563818
808703
715541
709952
802679
253004
460357
368
790839
682348
458898
310928
894382
822344
29896
143973
948200
508986
398876
691927
688250
845420
162514
533480
743863
897070
486522
184782
277545
933701
890605
206148
24722
556094
529710
909445
182216
655366
467682
837356
321727
44563
557615
92903
263431
775008
192607
286115
634808
603980
371279
334443
661124
815676
234349
604501
586522
613971
471683
914930
8463
603387
773716
733686
323311
453734
806728
497740
427129
704290
28441
359195
793291
804945
28527
819016
57336
914613
978033
648072
279470
681297
202423
214900
126480
213572
854807
840588
317304
719811
159132
83391
810329
839382
717495
919171
375504
519088
931420
628498
390665
398533
673841
827190
928986
59648
966717
484331
463278
168490
568590
960267
802883
491526
57087
66795
200215
3962
203277
902769
916515
824266
177936
750537
920205
506915
404221
632129
806238
304474
676890
218814
471152
370462
505131
663661
556059
516097
504233
583915
178602
56808
60729
858522
14939
488569
426320
125827
364108
219392
857801
867478
429682
347988
413362
746765
687372
529388
540073
433125
872321
296479
642998
489251
816093
816718
413327
23231
90901
954902
811056
715378
177423
685741
247163
517848
662574
354052
690913
794937
794918
15764
139803
922851
577902
109524
132853
400034
464926
6535
762355
332562
635283
565376
944836
753883
776278
678879
548943
614119
274404
941773
346083
431411
727222
990627
649095
536233
727625
771744
934878
559341
943487
977999
708814
315008
618195
162224
362004
513402
751386
582590
796725
799462
384226
664531
151206
460333
609875
74126
41711
769421
157306
789432
358100
342328
655453
229135
798442
68431
974674
451966
8923
151577
363837
675702
407201
544347
453857
881162
510536
592571
582292
64449
864417
20258
308680
779823
473093
479813
436539
975904
970313
768408
335546
769529
636762
468601
866143
724429
770065
209753
748907
406007
843930
966539
792280
468828
354892
811830
994808
300042
248279
323420
171806
289833
339473
407585
421447
129056
202144
647158
441512
144592
582104
407808
435616
574553
513564
843403
106491
858330
963991
629853
23960
470540
14433
726518
476513
563341
294102
715276
767948
698118
631143
299549
804317
245457
655966
359064
731462
611375
399146
550872
329721
308159
762841
823098
849909
29752
112825
365143
983473
314484
137645
456519
699775
82033
552089
396238
754721
316884
184060
195645
777505
437107
477095
999814
976037
435187
465226
266098
666635
706674
832499
573164
29885
592834
756409
559795
722076
55041
852657
900009
230442
571522
688071
409463
150449
301165
9162
347901
884678
794438
45738
733330
615387
48102
992139
15868
786609
498211
43070
772655
746711
625019
166697
179985
648611
203769
134545
894743
182373
876918
195947
634505
223729
646228
184164
184108
22083
87238
771992
776220
122853
573990
56574
794447
821537
568486
646288
529700
580704
77197
947026
284060
506117
706055
400799
461072
674501
355701
16570
407399
833013
490379
651332
677990
749245
86697
148892
85378
280642
822594
624478
363463
53505
802195
895198
527120
494278
128847
299546
41174
839624
936463
923559
725783
666811
68423
556910
919981
432249
453618
539109
801128
483522
370833
24174
915218
19084
215507
91525
911486
509796
87027
561551
194487
167788
500039
336165
707775
150673
789890
577878
345569
322904
330134
65300
552228
561141
509173
618657
514132
786744
523423
575824
974489
136084
436012
917537
108875
938123
622875
789861
87726
458779
682197
852651
921781
692854
118508
94674
937426
836868
629356
499194
761114
459914
620314
218272
5525
804691
653181
719663
944843
97175
892596
707134
342524
220897
257889
483168
252122
620623
909830
822453
50258
840238
906047
355206
180505
670951
344244
921298
87965
488451
78929
349318
606534
991457
145243
639113
624313
219134
352557
582026
197373
421128
120861
439947
408046
81525
524592
422465
171129
156832
681367
350833
879901
378086
77212
78102
253526
288528
155216
946711
998451
540798
511155
807969
928582
861376
337466
902308
2536
5083
336066
204797
330960
968687
180848
677385
582932
710246
752315
237463
377619
629588
789620
151744
185918
105349
309437
995170
986459
455333
126383
276413
421398
789427
76357
324740
479584
358152
91995
57412
798226
164944
108537
802449
518857
806540
888758
438510
259407
733406
247233
731803
171404
380914
827020
899361
239810
912025
535990
108652
952709
633519
985354
835458
219066
500350
789543
745066
944972
506505
384472
36278
992297
175766
100279
993366
338375
812079
585027
828048
131337
646770
317420
761713
992923
528629
869462
697520
359099
342929
784076
762685
868503
916740
418056
463180
809749
770424
867327
186211
420829
709000
139335
310283
397330
912094
66496
238306
310921
877499
64989
256121
765516
300874
734757
236983
25786
732942
469468
861944
541124
645547
699249
206773
257936
359258
124398
257919
864064
137702
314839
163236
141424
637641
347982
797553
416366
818819
736699
528888
692036
363902
759541
907971
422957
636377
446851
371941
49307
213056
899352
952473
346825
67889
319831
409267
368005
555041
123931
171749
251240
441784
762640
964980
456753
375482
436933
20193
51692
334032
714123
326063
511436
805399
165808
463685
130178
669409
538946
186432
541049
13773
644383
55283
34531
406337
101322
120838
333653
466867
311519
855203
235408
934172
553636
280035
60079
808220
885998
511511
163629
561871
625135
748594
863047
863208
527805
67922
494
726929
445838
256790
29357
522088
145951
315119
943755
803502
190814
187958
592803
505422
262996
751999
921889
638618
79992
72726
465466
265802
96437
473247
979326
195379
518657
11529
445049
529761
767103
549643
805304
932070
413791
716820
695902
233798
794726
717521
128979
796069
951408
116372
551400
858407
290833
443770
953482
961475
370046
709080
735325
414025
509124
682795
851546
689350
515572
114679
349914
582802
663491
891833
795381
939496
212446
508772
228218
770101
173830
121047
243442
612655
736625
884577
498450
69634
749804
244787
456757
552052
925226
332812
457949
396135
972715
650434
267453
683182
708142
781097
104441
289486
285642
951230
772161
920748
96742
884314
922241
144194
551994
539503
672933
721654
914822
7299
771058
868131
592648
46687
238339
412964
806957
491293
975051
224434
361811
26554
107405
673732
309423
645551
959799
360489
671776
428053
409034
799601
18824
155518
34848
277881
626726
674168
919575
629094
143605
848968
169468
247241
175732
413199
231202
260483
973584
11532
859306
421876
445116
258880
153742
938161
52676
693002
431568
154100
760324
85725
822628
737413
89961
695824
386397
768169
517472
696021
235621
926487
894244
187195
622101
793729
314717
924873
190954
134889
867276
126152
641891
913673
3611
499701
849572
706794
840782
947081
89772
130329
570594
220600
394104
868475
292456
191030
213265
903872
8785
277966
507234
588678
226087
26250
100596
266874
590222
773801
642127
260825
250952
849364
790018
168892
198709
763095
307564
585962
645658
408565
598921
555006
633431
381693
840439
285366
441566
140256
270387
932215
43483
877063
388285
521702
810971
660537
784846
427582
903487
608351
74470
157642
295183
602946
934479
592062
190427
332156
568737
230861
657668
243854
8052
453884
671885
340405
535722
274303
397410
606929
183798
575428
465818
266748
684136
360629
207643
988070
478039
117479
282037
627887
389232
999759
915116
92217
347185
164771
5542
416223
111244
268402
685041
223446
290766
816738
531874
310246
82437
800491
526887
219758
53166
797358
14637
319066
985432
517421
386165
73952
271699
588013
935348
927500
595454
227008
357380
432017
668700
337269
655761
58102
609168
470060
803281
410418
135267
51468
362846
416567
132755
243476
415588
423707
304337
820060
566548
36894
551890
478779
502337
963849
460721
79564
560508
92731
756259
404987
37006
522680
885784
170072
505884
291296
941305
174726
254583
98895
984402
688203
48447
416283
459823
382498
829712
980975
791872
390408
629082
836166
446084
354000
922103
747469
708413
650533
897883
44301
185140
335414
624340
676015
558933
725558
891966
547230
449959
961563
597247
2534
325699
333398
887180
667602
279051
631840
927977
721972
151584
296688
83860
78105
917241
672822
495973
872035
461533
256455
536784
132835
892249
416476
381953
491278
299914
709575
989483
312479
449726
572852
105093
692996
231407
873939
523075
349748
819404
526181
723539
546296
403081
135208
179754
851445
35024
433283
83429
705766
615330
79092
971123
483590
280685
253182
751559
981150
499309
363039
931495
35993
986283
86846
416872
288427
148534
931243
126347
932691
144690
455948
795900
673707
802301
326892
776052
4658
573325
399565
327346
351351
428582
105542
905084
591181
92786
517713
190930
947715
304048
603533
176811
286324
845183
340621
435683
391927
938887
565359
824064
896874
224848
652664
252826
145105
944054
383886
835625
428183
144052
649852
678401
709425
688635
957333
808787
164307
606414
59776
260806
608436
844956
416916
128151
158853
810638
602929
478388
280035
169112
229073
380811
702934
257238
424306
942262
573509
114561
426159
168085
586650
580918
374176
669492
792047
126443
969530
723947
220479
81250
266952
961811
472130
714283
498918
313
933016
174308
497049
675021
341200
650731
972006
129352
11437
237929
640651
914241
145030
893990
948103
422956
301107
573231
922274
440146
286177
81606
519835
319542
430745
455075
675052
321369
464946
693251
146743
938336
979532
494096
173637
618208
764260
230180
894714
151296
152596
782990
468630
132803
869849
8999
835136
332833
781251
549683
101435
510938
367149
417409
607688
197477
714418
290066
828465
230615
306341
729588
400673
385662
917628
602932
733579
262576
476918
828854
852797
707758
846004
199779
357677
437909
83194
435272
630303
206546
907645
812139
724354
807902
762152
685862
683370
448248
83802
969084
390511
531310
135057
165070
435667
702303
22264
867561
900841
74171
334218
733139
410991
920029
170357
808228
275086
757350
196315
750060
50878
672330
763954
919424
406983
936950
63706
542739
727103
456602
738917
141957
503793
352758
385099
213058
202965
33003
881366
697338
945323
429870
557021
134455
47279
700233
783184
512138
191357
568666
697464
734719
754965
670980
419168
321117
616383
708278
293134
412616
578150
957208
412229
421779
400547
698714
911708
686037
321684
425405
303043
303010
855711
266795
420485
919294
606984
931995
390567
620464
815550
611060
402866
227250
358099
699025
959827
241334
968575
910787
714046
403911
513922
340314
963374
331189
262995
284303
367340
973158
220428
198210
472822
705511
762323
981729
192538
709260
6876
901107
466876
918604
580637
847308
957702
224837
699850
301883
772249
812521
776390
336493
895808
473923
79074
207419
223883
498667
333695
622935
827642
267773
528884
559346
360870
994747
609968
580527
322355
151105
189272
976186
224489
989693
878851
675678
587080
236388
360422
817030
74758
459242
847325
54946
27022
843869
164611
176928
91914
104822
275896
363212
667429
44979
719422
474130
379224
838388
80791
77533
878836
456774
326139
539344
833522
785885
547043
391840
97015
885069
427254
367164
699906
531970
531389
937638
479006
663928
336985
939822
876974
578678
783886
875851
686659
789151
998703
783430
289011
240654
767131
144991
239082
193438
273191
166848
891554
449645
602025
900783
125405
760851
511627
103368
126708
190872
18961
432419
619263
928274
417200
565323
894644
543965
443343
90591
486413
971487
449274
571833
357684
551108
594366
12463
26870
323535
273997
59788
143355
385042
225932
678726
643005
523042
15257
698273
762857
539600
888633
587914
874965
640120
309912
56554
311314
15409
841691
583112
94867
277540
421175
785808
766239
723439
493769
616240
301134
494811
914076
724737
450611
579031
1564
985037
704408
252829
646904
89224
476961
9081
905071
327934
46424
226755
82532
156203
238898
845020
928447
911945
843273
84767
173535
101868
266450
824259
325359
998756
994435
580358
325005
904416
11650
172749
397742
324141
449017
55819
