999998 9997
667910
902102
857522
378304
655673
560827
803977
679637
947558
717034
192707
873635
997782
12695
969350
893610
883248
665849
390124
837191
780807
552565
153045
835782
752671
534853
964879
167284
851260
45046
602450
845771
282254
828781
645111
829006
123469
921559
704562
673174
887163
387981
158884
933951
34699
88071
109587
863958
405022
751748
523587
988943
402193
940318
296496
958439
702257
52974
279240
661427
186040
396666
146934
973494
781958
479255
357123
659173
911766
108769
343905
891681
272174
585637
525111
571960
756561
260172
661631
129902
423556
994125
601154
772895
553052
613033
462986
210278
995232
265144
876277
727012
214516
713096
970921
105895
657837
976078
438524
304817
335458
413099
130283
984069
792607
292068
339255
948438
971438
124743
126433
319782
815428
564210
793185
788024
852068
459409
877061
601966
404756
740315
853586
56064
531091
167750
63630
105267
262316
623384
254058
397266
227421
538344
518820
449959
285483
262964
358265
921672
361088
665532
36410
922664
280246
14522
409049
98644
37957
246626
919981
780529
593674
52018
518335
839393
987157
818627
836861
11517
294778
368807
89217
365704
705109
594614
793715
273475
782681
552053
611642
712504
810065
309955
300176
984623
951003
865786
23103
961942
861063
738513
36941
788136
287365
427781
75734
556632
145203
788977
594721
863460
536914
515390
401217
289708
187159
341495
100468
807029
808792
285515
214924
819365
984817
234762
797264
55031
254429
443845
850671
805521
224963
63709
894302
70889
696593
648541
567513
16272
982911
697963
253351
770103
838078
683504
319980
1790
659989
681219
728107
905114
928968
686398
433157
183320
162788
921697
222853
382854
21340
966575
374015
454937
578071
333828
786818
737618
190359
198060
60403
645708
847262
341329
310652
231936
350637
22759
399107
439933
194405
401823
641416
308090
546773
349031
994373
603101
311518
963166
182498
362932
846989
880797
218316
611235
555234
511622
294858
68662
218756
662337
84607
31272
658634
622059
66012
712224
15320
673918
616852
250133
712197
170318
263159
275975
952037
763435
653065
400150
417750
117901
536853
232273
701421
449196
277650
578496
869336
529147
191637
274662
485814
379021
322280
708275
364906
731045
90033
458292
296574
480812
627105
638936
2746
775846
506307
472231
618706
89743
3669
333658
66525
616620
996398
16340
789823
587228
90962
241368
452901
655927
600440
505352
372356
336828
546003
201046
645559
577751
944257
572814
167913
952254
260362
475979
989619
622852
56267
97558
752694
182609
544032
765601
270288
717695
966169
725344
662874
950040
468046
292607
849693
117116
401850
108343
608851
324956
807262
312970
865777
470873
150892
335105
347271
473954
274708
646525
247176
474241
903104
273678
89736
865624
988896
75782
547987
512815
640479
800527
577100
269383
365518
710622
856319
961665
890975
137917
198261
332494
874924
666528
280548
49008
412539
772410
782351
770430
356787
654008
767171
444548
123774
677128
943234
455731
833372
326869
254177
982650
347649
810454
105220
940522
12797
487006
413829
180482
684672
113813
588895
197840
923711
493335
488767
461314
81921
481188
385980
616924
372784
472567
975350
243099
914344
423047
502117
537636
166415
179436
158119
302514
144733
397306
996505
859156
288077
604078
749316
74600
878777
30016
97261
508114
472682
674181
137338
798178
881605
698409
21456
801319
869397
649587
998055
667175
872224
198965
378687
988228
734304
56998
272883
398030
662244
473160
287122
508327
344306
262425
767521
873339
455327
613549
580918
748574
573702
29066
875272
771877
873732
622836
737907
336047
824818
658240
178828
345175
528387
648594
406469
250984
254113
561052
934449
750797
198882
666289
660491
295338
485162
358437
692436
602472
939793
833259
361323
702024
249927
857246
557795
647242
679742
986317
255633
920008
649706
500020
845006
729784
129605
5613
688068
860393
977194
136118
130810
454046
66260
17439
57635
138664
291031
211848
958898
202384
308300
658608
396690
98236
184273
727265
700441
422327
950101
875075
701465
650480
438167
557286
324331
341133
670665
977463
893018
216362
502650
984776
81071
518313
183628
926131
537530
304866
994981
543274
354199
896245
144857
68459
704835
513360
657899
516998
183162
259063
84029
800996
594114
985040
468725
695796
211544
259967
176605
879130
805633
608635
840811
232706
64554
427098
922605
346939
387460
495511
108739
701755
409682
808163
48584
309870
36033
519336
738676
703688
204423
163935
199222
22917
79521
953468
955306
617254
884989
870803
234933
16939
122858
491204
726715
343725
499895
942531
201901
235785
483363
184075
298670
142289
42344
831359
290937
406879
795863
83313
719673
903987
485309
918634
351585
117917
416214
619670
48207
461840
273219
855103
777860
322338
502122
6727
183576
784829
274150
161034
832045
246227
900188
202870
511752
153376
446440
746322
722936
919294
218067
217060
807626
663995
723623
260729
4953
802604
710651
793587
85080
660757
871591
434427
114520
235693
859189
760938
336271
941230
321894
818988
110110
675747
772246
579946
351551
834553
235081
588979
932388
951485
787395
876378
61417
499297
297986
314328
750823
4408
902578
993111
91902
38763
8869
863608
213202
840073
916012
847061
474808
281397
454324
848394
664445
662042
403556
626015
704200
323938
831838
268856
651120
411166
912461
110520
580552
185003
221944
270743
278072
182864
381
655999
533955
166717
363832
173908
233574
245039
998578
120229
367808
772092
438358
182540
549393
629310
628205
271357
614376
275764
112343
437244
412198
518193
848593
461600
943634
295788
348066
319153
592695
900906
566433
601786
316802
964113
731864
166187
308912
220435
84767
721891
825979
543412
325740
811662
590027
984542
420692
652741
411273
587919
295888
605362
457161
563347
870684
614010
896844
995931
822046
827268
487522
646154
452448
743700
37264
551619
41568
654064
578321
80176
102200
854234
515592
803826
32139
88611
976868
63810
756285
950334
84580
379490
87032
512521
893242
917123
696045
293831
292415
79353
786804
771995
261947
902205
784834
50577
484396
353622
621357
957081
468968
816039
476089
804590
21960
5218
166253
284516
110617
328557
721368
474616
910462
218294
67197
744288
100596
288525
157255
418251
277109
259656
336588
420100
691660
469918
200042
758772
390463
450758
716063
643872
228305
481446
927093
219853
162914
257919
108908
394446
696881
811882
873797
3298
327530
598424
336272
600649
389529
233846
125013
494975
730692
710163
721078
258873
248365
38707
329919
834077
431917
182459
253535
525320
706297
825263
519166
630893
552276
995752
342159
193077
90895
814836
853249
368230
62822
667786
404217
214177
907721
915465
680990
271641
954415
853958
799484
176792
569514
7830
537058
683630
480374
999489
861241
897725
387646
175579
957409
226972
413341
891071
28397
540356
892256
852704
241572
292319
507775
205634
332659
918193
797454
110632
540682
635236
609484
403920
744648
894187
178027
557674
900153
117836
103591
566482
132870
35969
674023
573501
135922
880155
642349
19794
839443
937162
789643
851300
673142
476444
344209
850117
126499
864929
602841
470259
726257
761508
905544
652770
997148
643904
452025
971048
449348
562273
316442
114480
144933
936678
416286
156942
935657
419723
121966
276450
35655
330974
655548
593250
195207
936364
420296
575809
375509
893694
927048
27707
489412
514377
39148
13104
469398
101969
844552
204472
651587
519615
581892
43479
223365
311384
696717
794409
272268
156593
284756
39214
795029
171531
891000
414288
878248
589641
876541
421257
145938
649039
339523
957576
484221
95356
882241
807433
999749
568252
353302
709463
145968
281536
61978
774960
960128
829696
861239
968793
393963
657726
926659
84944
792296
716499
20291
149539
676320
92545
521756
466514
122110
948917
533225
584495
189988
942960
920630
308226
56591
397131
240350
503828
729097
890634
118785
854430
479809
612457
801649
911159
429354
770542
270470
754226
28032
587135
535706
329812
537411
926976
459040
60677
998027
402853
731845
641910
584098
882120
442465
27942
692455
678158
1871
492949
590432
352338
65417
303966
956226
974911
487841
984530
185311
897340
279313
366406
907749
573950
992246
627886
763793
737373
961751
299434
118971
280103
347036
780873
64869
523601
976714
259076
748116
166718
587874
41076
797643
96824
166981
224747
379025
419867
750036
317685
194814
519703
220119
884636
571006
692373
352357
554803
622369
917628
599486
752594
373104
627819
885642
328833
624402
913411
981639
864195
306691
464700
871924
792613
31958
690931
891560
649599
570285
880864
311003
688939
14800
972918
477101
830906
470506
488416
580655
406152
205029
448005
614057
441632
333072
639217
106918
298421
271437
432220
783273
315976
397742
451154
370868
743408
573515
800073
411187
645530
451118
215332
68293
659938
774020
470390
615231
451091
201197
594336
488653
458362
539001
982046
545467
67225
647603
271734
429762
646244
704198
944769
763897
987247
951380
962962
214567
562043
536718
400154
352829
666271
558271
947760
626458
959445
970887
378053
693718
129983
579377
534303
829488
414991
947199
183494
107886
486791
683114
115200
589940
781669
233250
199290
800516
691025
2364
725497
365617
161123
355583
239481
799354
154815
810727
262856
79283
117131
521331
738786
829484
56333
971790
780059
642647
103012
658580
313201
315627
442033
415306
509995
547313
325617
954349
476913
953338
470556
144201
533288
89078
518563
519093
550678
540515
395954
526308
248716
42010
347362
56645
46827
10637
137891
874734
56586
848694
419105
668491
66043
859127
536470
570770
915218
643060
119348
171290
491087
404245
639353
233253
680685
672198
748879
556547
12604
573925
618823
688275
389982
933566
682992
471343
272187
159956
166444
743158
897770
93997
525944
849023
657836
730918
462983
18588
526849
6912
483254
68766
536988
645275
71236
342833
642523
394146
424478
272916
962261
856030
349431
461931
311012
508788
359145
721006
135064
448357
232854
69765
452061
845452
298490
309362
162248
101607
481349
411933
145912
214370
725643
635213
890940
917096
740370
967310
4786
745729
146942
234190
856711
303091
13211
961220
769039
640651
447012
870137
630256
858378
392099
714116
538142
735213
20273
6139
97716
445849
145786
79672
296642
193937
901533
835664
459821
897484
511305
476208
645272
899129
368325
502730
984993
42155
787547
265332
897341
352493
737635
390014
801578
997652
578311
481725
950590
155418
329688
603786
264356
918329
282484
167968
594648
384345
821439
34599
680482
639796
179015
818311
164253
427620
462435
622622
430030
912036
704323
685302
698396
100243
875698
706534
766273
162382
769815
953169
15541
102912
416280
584881
830879
979735
217152
31879
365073
141777
310160
668801
669162
761453
758936
475762
565144
275302
46127
855029
280549
214290
2456
280612
787057
304648
743316
998075
989426
650821
404169
563181
396355
273979
467036
610506
671508
272734
252553
876962
510766
397098
715572
170203
620899
882409
27008
668163
185166
976822
550590
663537
92995
714190
730439
625794
383708
133497
93821
243340
808381
326748
43202
929761
149278
409064
362671
130594
952885
747949
396042
650873
630439
563080
667416
138740
458945
313634
309708
806681
876008
127106
42638
449514
603441
891705
598876
827030
557430
533850
435557
519209
207153
432941
288053
433267
29108
887500
623918
244282
970992
39940
337108
184971
386834
691628
86083
765204
734180
995587
524097
198146
434491
101079
295996
537457
689505
442475
83025
788755
719167
514264
165664
548596
840841
654659
944211
45526
44857
572240
607818
810265
238063
93172
674912
585917
124887
881005
441409
504090
774527
686694
467853
999154
283234
23397
112594
410344
582262
28790
775334
730256
364888
677018
953870
498295
310045
433114
436554
408930
265418
904576
954010
807144
819496
38000
395825
877275
739893
933065
261460
996455
84366
401823
359312
420170
401320
988173
893850
194986
328163
280561
987982
952276
68754
343
376276
26834
685278
528950
474387
165539
875226
248870
281017
943778
920768
316640
600968
891117
795666
260471
891324
242760
993947
100762
627508
179625
504954
528701
461965
397380
500942
46303
605418
853616
726276
870644
799153
582325
281381
835718
966482
536183
479924
487280
132537
519638
724352
59149
483752
409621
892708
43928
501897
25733
558804
626695
952212
208023
478131
337182
131207
888059
163535
894109
186898
197733
47486
364731
512721
950318
681934
443354
186117
149564
662027
864484
173732
535156
476625
709399
557415
556677
286372
639407
348673
583209
709170
894679
553967
602038
53302
234456
29204
137442
79993
862625
319027
629346
300098
782042
114945
51652
13677
951656
186113
121355
786584
82413
637517
52079
824789
901054
132563
439483
755022
235371
280536
530991
649391
330121
734133
828619
742032
389723
668231
701189
177395
462028
218297
441034
302671
426872
145324
990304
470917
33758
463878
383305
56845
644969
20849
803817
403781
583549
44706
40149
718203
760003
498545
35695
507340
557253
664925
179089
15670
790270
766498
955552
257764
925004
583623
589840
667773
640600
968675
351243
89944
249608
876440
262338
819923
452758
31015
55800
673185
398063
631802
357301
604801
38432
564724
237605
233831
337608
429446
473249
736010
961203
319442
82723
959978
707720
698888
963872
295150
83911
908927
748281
773449
109446
805492
309656
122460
647813
781923
715822
4154
303499
961793
797678
471208
199958
660853
923524
752030
758502
311735
13478
835957
935167
921014
306189
971688
240807
785477
898903
114882
269028
632909
621924
564931
387279
572425
379840
516288
708324
240390
694402
16314
452457
310141
817738
869487
335283
97256
449626
356877
671501
336798
788834
250187
472075
334968
376085
491227
930331
604818
944974
80554
341936
784136
287225
173119
684357
103372
959951
114095
793360
922431
515125
164686
317214
887375
815257
965535
403733
71590
914304
364491
380908
60653
929157
95817
528835
316154
304540
939530
408773
310922
882996
412417
114609
866602
231634
746378
242651
844245
748633
895091
337600
839547
175004
576596
65699
816623
270930
907246
390486
677633
581028
11589
582233
610366
409170
103064
979079
681798
351033
922044
36003
552919
991349
90552
347236
378569
662851
897131
8328
925774
485214
260669
896058
695019
254823
138590
187469
361152
139974
442681
713798
164074
551190
604899
550669
974091
2580
295912
582882
632802
257744
440643
650259
827600
562488
598035
280448
196351
306675
976266
945230
578546
28807
840067
238806
330188
279494
833349
369685
401913
493731
788221
882232
443304
686960
920577
579574
541109
486181
922774
206498
325026
734904
355543
569122
81957
669541
914100
417546
208110
454859
597556
598349
798045
687410
546040
695707
420754
328405
326602
623092
165071
411265
746744
401883
850200
784137
853614
668943
891865
93954
637158
292080
690577
196148
97213
840493
565718
182911
757305
556725
197640
262959
412067
907301
259690
797012
880517
751138
423058
895776
804038
657992
199552
120968
75779
933602
150920
994997
317257
463886
838013
221169
928331
577409
509104
743865
628294
743569
933888
36878
78692
73301
978157
298187
132579
269808
483875
550691
490266
888715
770373
1005
58227
510221
604578
392161
105674
700229
801689
501149
392419
443103
712447
378488
801980
65619
729079
404552
655509
539820
599290
746201
804956
451939
776091
337261
807994
855171
251008
77717
972561
686023
319197
549024
825525
417128
507205
176690
607761
143811
457587
436385
727096
357365
909346
396063
710880
244926
39092
614164
91579
473968
335102
172720
831608
68881
864872
414258
347752
167747
266548
772653
930844
159340
45535
940649
372995
943550
789866
500538
912519
832837
731340
59531
185779
917986
674211
877643
735557
558354
689139
953465
767136
24958
127394
541956
266135
224166
448719
118466
296249
860425
76047
874455
280389
358365
991194
932930
335318
357787
67908
605416
277736
619458
202109
177297
748867
735300
143904
904670
14950
123458
561910
133380
392638
406940
277673
709713
921168
423865
796431
142234
857243
798107
230187
295578
803967
210945
460068
749505
801707
257580
917129
340371
506676
46719
674278
817135
662084
507140
636688
990384
427076
702057
494076
230348
770284
320242
755417
678680
57645
912302
625175
78824
168277
371175
699821
701072
957509
617800
464430
440952
652823
446091
351322
803385
816244
5779
686243
150080
835892
457314
192265
283923
519697
919955
847583
171672
255923
952349
800615
365034
377977
454281
734274
470263
825085
58980
541010
837690
925772
797249
421219
495137
147686
57871
549809
232979
955145
643145
269203
663613
494904
24079
361814
24427
690980
736669
330937
470871
470976
228878
776308
615038
269208
367316
888999
105195
656012
243307
810063
112982
927999
879940
98332
697569
760592
934846
834982
149810
572054
517894
955948
584504
77300
798621
248034
245135
620162
165157
70495
213030
264343
314554
271126
471646
296181
803853
954355
566730
746425
271860
728576
424402
773588
753572
810909
241749
268027
252287
899844
748278
833775
8899
39645
551668
384239
713529
795179
727491
948217
241543
931755
290156
924321
364191
451827
691103
944703
283500
278872
30299
713130
771733
98471
238411
667754
157627
867625
89525
85576
394790
285545
538124
293408
972059
82634
539015
979272
481273
329099
205244
208516
244846
90640
886525
640517
523660
665839
509546
614709
475252
328394
311505
228780
212891
967036
919570
267191
28091
266976
581440
854846
82252
108924
236031
8513
647522
675209
28301
837763
282680
347278
818548
7494
166702
854794
214034
215761
180876
293795
659606
863426
229719
569864
163972
796296
721642
541962
309651
985739
92184
643575
297085
280371
745844
40044
907229
909274
816914
444413
431981
246292
705410
558875
818066
455312
431096
734867
497557
28023
466765
852075
637011
898533
861350
605121
827198
773278
144118
356384
556735
550048
713085
464431
165450
216532
153995
529736
357094
416660
210565
312825
766061
952081
932434
174760
519070
846522
864084
765803
210290
242323
6247
345344
217186
321332
680662
554683
824407
646418
359748
683919
194311
805238
984660
475247
825279
4470
288360
287133
772751
310594
164736
7348
572947
562397
180510
447558
505545
590732
913523
78133
559108
272649
919211
869091
221856
119908
776464
691536
10403
555916
844736
203706
470382
770570
76188
396704
235416
58997
469803
7214
614674
848113
528843
818002
94299
193976
388659
461681
84286
393268
118795
719261
219914
493869
71489
462167
535644
912292
48088
324926
869414
69894
485540
915444
926562
945104
827085
870751
535159
705514
734371
348341
758287
131536
822687
606706
693881
372428
156641
173373
989003
685842
830534
724755
322990
203644
575837
209327
372678
439628
487610
934148
62952
208806
642344
304432
227183
863365
591636
656895
154614
266923
459270
159794
885570
726623
643677
66074
530413
181659
933434
700748
334422
307209
180354
439633
688352
834345
542906
593767
793186
309337
712081
552331
227659
719860
462536
756605
238392
901007
333717
78490
175042
400540
238844
959319
126655
530743
324062
228202
480424
663278
455707
863827
820387
433838
300576
89657
311096
414965
82224
99663
470106
988276
745750
400232
23164
601425
444187
223580
357253
330480
971522
719025
939214
685014
10549
660658
951430
891038
838151
223454
311102
466019
436302
974578
185961
760574
793951
602615
96755
283032
553170
64711
705679
45911
52296
770023
429926
877448
249526
137688
90851
626689
972293
368415
911763
457234
430929
551094
311141
972583
959545
289256
103144
745145
502703
876954
913525
931299
453391
679619
846649
46527
65950
782664
698056
647472
817047
159079
297094
621866
768415
577015
885394
22660
197042
219286
789531
899248
501596
518987
29996
376557
668358
28880
923612
311873
385519
236937
182885
219600
231690
116387
493232
795795
232575
855873
57898
297122
479213
653768
140355
233025
431829
680445
205309
315207
995280
313271
861927
375176
445205
531314
446758
8400
808451
920238
748782
32779
356960
82569
75370
459432
461258
374533
585452
565457
167837
797828
574976
831122
514108
563241
189786
958088
775328
312692
862349
920592
549744
237290
621272
18123
831429
361210
306357
195981
994652
74666
636992
479217
919307
594000
27932
225782
323842
402860
24095
46332
740284
885692
234775
660990
465382
303220
687703
667453
252538
979346
594695
180191
471122
69849
623155
567094
952936
565503
901485
57761
769985
245719
151502
826732
743398
143518
537252
265330
570252
708645
47141
547341
73200
262843
485096
266671
227241
529786
436517
879166
298625
991908
896053
916158
642782
577320
596785
453909
451369
712256
464200
120957
12896
87954
33337
4475
857098
585595
113839
177119
490093
678930
465113
207428
295578
291414
752654
939697
576679
523172
596584
33333
643772
882829
94758
237087
315495
660235
805339
140115
193317
858306
807525
189709
594482
665723
124145
94613
83777
796924
486131
343213
131486
151811
146430
457473
543100
154831
209683
776352
955700
821546
734055
16539
876658
70553
682877
593681
452164
49577
656315
703900
396296
276802
217055
463237
285715
211962
539043
981748
730788
466456
54597
109367
770798
237725
752758
732202
209110
710351
790536
920838
503549
104807
118728
936257
257928
774549
895309
84410
322551
253062
561885
677010
4724
434744
592552
904013
914668
136976
89475
252330
527943
135442
595841
215685
632366
390744
724364
432108
445593
591601
458286
58435
338937
328367
271902
145264
783678
180359
538885
11180
348002
751435
49246
131660
315897
220522
839551
855920
773743
287234
956055
344068
815988
487470
216700
477289
858227
729857
515462
135357
914150
561120
721329
158669
92264
106947
764225
516057
498926
854628
71474
684995
196174
444755
120971
17450
855967
421459
510960
912417
276898
454154
611429
945347
985082
888506
558347
714980
727841
610265
79570
59709
786978
112897
399987
468476
687851
348359
263548
965263
61089
410150
931081
481620
125761
348687
865358
748276
505916
451341
698661
34704
866874
132893
993117
644642
163272
176930
250393
935903
127818
444668
604858
774429
997842
324905
643103
755363
376164
137302
832775
228056
553463
420904
114947
147246
581223
540788
316789
39249
877537
327968
175114
919888
172418
531136
926370
829930
154969
703580
614989
764214
271648
774554
499504
162200
743052
961649
194652
800572
16041
869146
477718
882572
548695
587093
8656
354155
37510
356798
566074
993606
939405
900682
784956
619142
415514
827887
797022
838107
629426
621785
620925
121736
669423
591487
627038
631041
232444
826697
910335
142250
606916
633724
944944
624320
422263
150185
465232
506384
94790
836929
120804
439623
892858
327912
86603
405871
68606
682253
474336
354399
559214
427408
87735
158634
347568
908397
791703
576215
690352
365224
524183
68605
71051
849118
769627
790596
915950
557948
134243
795387
823174
422152
515707
517531
297971
804714
243852
893881
761827
992239
483863
61778
908700
748885
139796
434069
318563
580872
473799
92149
606587
516550
665159
861077
285758
145451
573405
134901
951323
379494
40902
505700
357444
900490
172995
516430
449535
540305
167484
405535
440225
903535
430287
540377
572520
387263
910431
346869
300673
378440
815036
934344
237413
816676
123762
287495
365626
498675
612225
851353
693209
470315
415167
570609
741780
603304
512717
961202
3031
985607
906862
589923
770989
68303
670282
416899
564059
606239
496010
816189
687673
305866
853890
731293
356522
750827
368622
345250
194749
614361
574197
849097
863170
387323
770844
377805
24484
851581
313111
949428
850607
310784
291536
291023
800675
153967
235359
764038
453925
672199
160051
212178
768576
174436
10950
446391
256014
355991
313107
254451
208955
561486
627448
276727
302980
53888
234688
825059
602709
652228
320955
738296
247057
132780
822844
665867
862436
602005
4721
749890
58428
644257
787322
536641
197357
423246
824271
89850
997369
73455
331925
701092
428025
656222
717969
296693
788103
674879
125508
625877
817186
644356
111918
581521
185793
492860
815511
552704
733241
636734
128112
537364
378056
414298
587943
853704
712683
190495
934725
680615
912427
851346
527720
330218
737927
595730
117470
109719
91170
901702
783261
865170
796948
295571
200915
816257
24827
84149
789253
89164
41113
524101
698671
433601
785949
997008
51489
970476
107635
634769
321354
458278
354366
497170
247680
489085
423040
841942
221230
229216
295450
247339
648161
804914
554057
348263
402452
200011
362745
729168
110380
580423
922343
80472
675780
289386
466379
69923
151088
367718
449439
506335
786720
344989
698671
280351
850136
220328
948379
255354
595951
5696
358336
751387
589777
939817
328335
515898
440984
497555
164681
107378
883391
617365
928726
431422
57921
148560
103224
763462
797523
380500
549192
968427
692257
657373
594122
784769
721159
505124
991824
978815
277606
401184
924812
895096
486135
302982
182083
429299
811264
317845
138297
732715
92585
444748
184784
20521
305521
147439
818448
700968
543339
628874
681584
668534
943624
68442
463759
11302
541172
756354
726345
571316
319290
13638
390938
766411
52820
21570
844814
832945
888693
200931
359760
181132
993655
579369
794992
868126
13811
664223
360573
288746
536936
698528
554630
59694
226055
819512
255866
730361
801540
561768
352229
391778
589078
351356
217318
475010
922076
122466
807977
31254
289675
954870
149716
568134
755292
678224
501006
80169
835669
718413
543157
256104
726679
71458
529395
971777
489709
182114
444946
84432
571181
677152
879307
232840
817870
357394
492585
817339
971911
587942
669683
584871
481966
242645
199267
276322
350788
656677
588888
606948
654479
620224
933273
445390
314994
306628
89719
432778
685027
169910
282696
440615
513162
269488
159179
204653
897245
183979
746872
191658
905195
661320
729433
256962
645025
419076
945949
932929
699636
56620
46334
251910
6980
870000
789985
852033
462470
470636
561944
740105
748076
500604
298985
493160
151300
410120
167444
868663
427313
216926
15290
763074
78764
402640
832844
209501
780368
617733
199709
637359
59130
664639
969901
930449
756114
307626
252821
914581
241964
818377
84644
781868
835908
807862
52831
616012
386770
817917
535922
621405
514564
350045
151404
878585
582519
494318
466374
449556
71920
87853
18879
438729
665972
380180
222229
178687
13885
511945
780253
54739
842699
723707
828344
608169
811906
103221
133373
465342
264698
852440
334884
328288
819725
509564
390713
732114
568530
296816
102052
525584
496361
781251
836152
63403
627867
333708
339276
912268
314203
450170
838172
467409
24367
860107
465256
252388
981139
488003
410856
832093
990770
757102
105277
207386
855606
428534
164120
279554
830137
154301
792201
473712
683485
189236
834566
892536
65130
254874
687537
435144
35741
377297
838367
160731
821231
631349
888998
802477
75712
115232
537600
744517
197828
152334
140952
963229
534952
671251
161417
403799
631052
950314
14167
14037
26546
429527
573469
189611
502281
90682
871273
698369
74783
985524
326998
246120
496225
852158
184325
722243
490117
401548
698980
820712
462476
778751
20887
170588
968301
907667
644752
329793
784457
913430
765044
996903
42613
583160
864506
577976
509657
873648
389739
808879
768078
803658
423075
478303
745058
678874
846853
422645
766586
489116
614402
871163
71677
490311
391420
908268
511826
437800
12115
289561
982112
672924
906402
99199
982919
281411
897589
768388
595001
839964
544409
788293
65689
846535
506932
45363
150313
790123
252785
83073
330443
957548
788280
751281
39360
497485
998468
642892
65193
966156
610807
437250
373450
564435
759013
770644
693215
542704
616876
536548
345074
797669
596202
581691
953849
514431
158709
608775
885551
817473
378644
722648
475453
785810
11010
463943
373017
860416
969760
362698
619413
626135
800922
14173
394683
185628
947576
430079
724120
859527
346748
950641
817250
744805
172711
316409
127807
742479
346823
593444
669409
26104
770989
521500
599175
564139
109951
512027
590305
232088
347059
961318
54689
254453
268819
763839
847901
201863
495445
911750
691471
535345
667785
848876
181122
737584
925427
810828
914684
400077
866444
727748
969706
245470
766150
392067
688315
955959
950397
500955
485651
851484
868390
871577
188271
915549
590603
597001
230176
401852
169359
161606
886680
271517
542741
567022
610100
8555
436967
333162
446322
940309
27980
833573
457543
49960
959952
800377
54076
409791
686559
991233
146850
786756
269
949275
72305
676003
45598
506691
312661
3332
74160
183579
137078
4207
692524
915954
423015
334762
378301
610244
82136
299356
595541
866354
711400
189569
927441
837342
317508
121170
262535
600985
221668
428386
219926
606978
541689
628949
679825
733256
969694
208718
497527
235880
916274
991298
222169
409184
475718
655916
915977
86322
81967
45908
975427
205114
171247
270554
192611
540043
644864
244558
163291
358498
434443
232350
547533
197811
11920
168490
619478
179403
257897
10777
4702
277284
704501
149310
496816
740404
802685
942549
369348
431841
528931
780582
654599
192502
342635
686106
448130
463022
232947
355258
415636
304754
352689
713282
328432
649239
526948
514109
634403
75237
745279
248288
783211
663421
598970
640309
267689
511026
508615
314188
117798
302238
502275
785335
889154
924836
250805
797008
25066
499568
44464
161330
839200
345978
403693
687640
265358
346864
57025
485087
951571
893293
90338
911705
237597
93064
174223
708823
48068
207718
910037
407514
757973
346725
500223
922875
642805
292134
144789
362300
612618
953011
793377
465499
547410
356169
141120
766868
700669
268209
46562
524917
318557
513587
871162
698822
834143
804419
592480
768758
739268
429947
926903
994525
511001
467084
112830
786078
775359
268163
451507
219947
227835
858006
180255
377079
698463
529643
761615
100561
148572
366510
211974
975712
317014
638644
664531
820438
195600
21413
963996
740311
506615
367514
724198
850702
879721
326452
944835
97404
481188
450470
979871
217498
435350
551824
377625
773877
496310
983573
871401
369628
77348
204504
589534
602628
926154
458543
375016
56021
445912
649985
957407
636880
905426
528095
603536
873176
555913
108112
788512
358305
977708
850425
374890
392754
817101
495642
765323
14114
441624
610523
502884
29459
941579
838216
833229
368270
336220
565955
814086
59369
804944
224373
660089
401985
256979
714781
144764
448885
577519
524281
46520
748644
443860
933260
821765
404431
692062
345832
915847
898335
832784
180995
381253
803085
464375
950752
762604
457112
11965
121182
529203
914280
433208
103402
688500
996176
274495
253616
597565
72744
735874
74900
404754
276109
208578
908106
999997
212821
85965
275247
829708
881327
516846
695959
441083
424344
169601
236086
160618
549908
6128
267195
882929
940210
526591
916777
548540
733954
939111
471135
523055
215807
232930
556423
755201
175623
189275
268033
287484
10460
951032
544514
420781
534027
890524
989400
592935
631047
164105
32848
821497
348107
522910
794674
382025
747940
661079
261369
245898
870675
625860
421905
685389
443431
588484
820603
368785
558764
580311
580093
214624
402791
635694
323322
251657
255444
151164
580852
739956
408139
169938
208115
848579
348265
731452
57048
256551
545241
387484
647507
146404
439474
479645
866062
193360
783439
797403
783287
318227
313172
791475
525350
168416
838828
604328
761708
518995
234566
797719
777940
44485
480863
806590
291199
202175
866463
829311
135532
288972
692534
76172
695261
86384
338173
41215
496854
892002
344287
736853
683202
150886
251970
636460
188929
346566
291819
406972
311352
288872
662278
381730
28916
444652
57927
123210
857435
497412
312718
355934
254167
893256
508560
11791
580738
733006
666197
123146
418174
4190
183226
823523
590740
811621
513174
771340
600049
961580
189909
899061
296860
982137
193274
508300
525202
420978
824666
380833
161975
52089
715399
756139
444860
443977
326040
737993
732368
194635
311490
935812
872105
22243
424466
920851
166754
815636
209108
383044
522064
694873
596811
711148
737056
109760
657974
87069
53925
12981
186206
84609
23570
184528
495638
193588
462421
855416
797337
652164
777193
881186
787424
463364
216455
849526
627340
496257
671344
671332
325817
127837
492500
400869
642459
968634
416271
258187
24433
833193
100459
85772
760629
266029
958364
761425
491747
614267
949605
410662
450127
850149
737155
614472
319719
89708
152298
192050
404469
28359
222645
553163
872484
319794
113099
61098
203683
261490
205633
324685
610262
18321
200963
846662
122136
15151
563681
995702
233633
59959
852147
840715
493057
220979
475387
988556
183351
474478
201513
200073
289926
664210
305617
224481
280841
369274
589853
988305
834865
863989
634354
2703
544534
471570
544920
611758
794212
262826
151816
494356
467207
231721
83806
653588
871412
791600
392504
980105
289473
679018
434322
359704
857398
126517
530836
210394
54585
471403
523043
280545
948607
204429
711019
517216
479707
830501
827677
822571
492789
812925
633819
556317
928804
303363
441400
713404
572777
321596
372884
808742
22322
542351
446830
634504
88355
870872
643278
220614
668790
544546
947284
525288
246394
584861
994877
610077
553528
42097
352982
312611
619412
624567
653293
720293
369594
984924
769846
69506
182703
147914
980969
47392
326139
307164
588564
857085
990206
492976
781115
822307
719325
418781
621558
753520
399259
150816
917130
775375
600958
113739
385524
823994
4401
344343
970174
562623
829994
836146
377200
35549
690371
279599
907542
982640
42077
495778
440011
370716
464473
385868
984496
362951
322261
274385
569254
643844
978447
111028
352218
744780
616075
114183
753474
774040
900015
88544
94525
745132
164087
829953
699697
518608
544253
742510
666025
225080
495123
36127
540160
920918
424945
647148
954346
143179
763295
330299
868210
976582
636075
207166
439114
222895
463999
424537
701022
271875
223618
475388
170324
312977
814034
165927
216787
598279
957782
174055
538763
569666
331004
637735
364036
797074
165850
236207
61144
839637
397154
782614
690750
337878
535803
433556
652611
872611
842795
239235
990916
385036
50843
907245
109254
242506
834484
333784
616176
355776
465009
667911
773315
106062
603107
417693
550244
224023
980017
381453
603721
177835
797017
993041
593723
73795
33494
6912
124606
550458
495397
317016
257001
656068
358752
102867
974489
239101
166997
426852
208866
953039
726272
868757
28745
579000
109388
776632
378505
3667
27035
237536
318044
854993
153922
927392
58541
494421
607876
586057
215398
791954
671517
981901
606759
869128
19006
879609
614486
785037
164447
705545
594191
961831
583860
316995
71906
998623
979292
524704
497198
406569
451424
792574
136008
712899
926188
844055
281222
327971
41212
741653
334970
546958
839557
374168
473850
66584
41025
185660
546775
437328
365446
410842
574860
942840
367673
43480
723734
500843
510660
257558
900896
313555
750797
25384
194222
160760
738822
232469
212424
424883
849959
675929
14281
165021
648529
951327
720645
815623
65153
382268
91743
375582
518752
827763
321993
274784
450891
414245
55533
457690
256651
982313
157905
607318
394020
312703
92801
848047
532937
1602
847489
711927
965434
192405
226555
630740
139964
239101
990771
724844
105823
775968
756429
199851
857686
598846
790161
233507
55635
225226
835268
837663
362648
993538
887807
814017
689383
86417
404154
587356
965164
918430
766478
396300
664477
915617
958568
49105
209829
832401
311647
210866
544719
400807
868310
978484
624544
287620
382425
321086
308631
46994
223851
816084
153180
999227
488994
994881
902757
740791
431772
527252
57068
296409
924211
419732
750117
760849
31941
380856
320440
646297
947026
514926
373943
50569
459088
545977
845012
192086
865376
844929
546875
819476
721432
635446
968829
496776
116211
887806
625764
789688
219018
575125
94560
933953
690309
162586
982236
653854
174425
427830
462376
417006
499529
969483
689177
561005
398484
50825
352581
408194
534172
746879
873300
696684
363686
715770
253148
398961
908094
298962
393938
273801
807918
70037
777314
302912
139229
397958
758229
500584
341194
68314
366392
452856
263189
514819
432847
342058
778025
753374
62959
143313
627580
682312
962433
141441
168106
14948
889574
909910
464706
744393
554888
417881
747946
705581
618177
987049
590305
495782
43673
406916
286128
742399
965335
635271
825987
465637
387287
160090
544831
73673
498488
279716
993012
349243
116065
270108
830286
639104
788344
651087
575080
341616
386466
537957
854815
702725
592587
370514
397788
876929
552990
148376
383109
187327
106059
669745
922394
527668
417906
170107
385405
889323
562555
188051
1565
67425
568914
447310
670216
702939
723404
37260
194759
951224
464926
198569
219268
232667
37984
576321
990883
717308
180109
889869
697307
422848
511335
586819
535905
64271
966349
197987
859426
83332
564007
790820
713064
607450
44286
130664
828567
440087
419329
902484
673330
568489
283093
619990
465863
89686
803227
654829
163790
901970
679130
155405
306468
986565
991767
493055
251586
613030
793659
272709
783532
341964
491566
875852
291092
269852
559743
965502
712983
563462
888233
376076
231966
964962
118524
335458
261767
613996
648005
22210
615740
229209
594993
47823
872204
419291
907710
572016
858603
652363
973447
408572
865112
202593
538242
659786
668040
214210
482766
129603
694367
875612
16687
8590
690967
580076
151673
98395
75541
864592
892252
148935
741039
864662
444133
718520
461283
400
881176
335243
202772
618118
135051
637430
586097
351552
875750
601543
460137
38245
836416
927914
53173
129073
402627
147794
447294
662745
834055
39640
185930
42108
315564
498244
669102
45410
145156
87176
616916
733176
757756
123227
289087
170176
956705
290913
336745
171985
678917
465800
132495
606925
855002
637281
175694
136716
442274
564647
702113
662968
506409
74674
940653
161664
306608
714625
554496
34084
699491
811484
680050
580164
818528
856389
634269
709054
908696
532659
799432
541702
400105
636475
414144
131567
789744
601173
349
132101
667045
329278
938332
873430
266865
560844
265192
975717
262541
62291
116976
322962
122062
506872
360650
948527
241977
36056
869298
142505
246535
140532
582443
881024
293619
680196
963076
498936
964435
574408
713976
379828
330467
936957
648139
321102
89104
204592
421580
146920
238420
113654
431527
88071
621950
216231
558997
425392
815904
995439
591956
902120
254116
538857
103758
450640
190122
159779
281276
850348
81109
317884
698117
35889
245094
684076
310545
908845
190527
218681
17191
670962
846619
687806
968398
893293
33055
129642
436969
763203
899340
400606
469364
209929
736885
80643
724842
899459
521051
697709
879771
410773
775701
443298
725311
258020
869417
294126
618916
807011
650413
729422
263530
549429
406241
38990
883150
644459
494764
554105
739336
115074
634464
1461
590523
595005
764998
579810
134435
62457
593030
289609
693660
567933
423713
507881
405381
566051
644779
793670
958520
95042
278087
433899
485018
712653
342533
295082
556684
793459
382611
133262
365046
520140
408516
632721
68849
660062
666491
93413
982340
8532
112283
867725
747161
201407
195878
359118
881720
452258
582294
638321
134061
653074
731087
507198
877788
192560
836300
146064
385291
792336
488944
317123
188512
638908
565708
464892
894719
98059
270440
953874
763212
338353
959050
114396
68644
261731
363824
729479
777587
241716
99752
88720
347219
303540
883319
759632
518465
545527
723321
782503
820680
797394
453588
81797
130909
738608
369140
505244
38003
958800
400127
51203
950348
732216
212000
525532
855671
599499
855739
81140
392391
202650
108541
836513
424191
202767
443231
43966
622964
525230
643758
84023
660028
623294
444506
899214
481453
928546
212716
348790
800608
165538
616204
365228
379477
747890
422644
724095
890039
44466
62032
700719
147980
906785
350559
880322
293227
482582
821969
912648
55275
5497
441576
57789
586011
947159
88472
956855
468697
645454
83054
179260
419012
281574
209855
747822
882544
868474
139752
23568
202816
734649
891001
43990
284934
839699
985126
651731
712171
141911
251548
525030
86248
153157
813952
526975
956847
762675
651724
627476
81818
388845
271405
20080
916810
526860
445963
955127
171507
800243
683763
241439
989378
695428
74493
330623
808849
261174
425898
391253
246001
188381
153011
804600
402392
850896
210693
69248
846333
84192
470634
188835
141905
706358
335561
235347
207247
44598
56274
929780
972118
20505
171205
762672
774454
668648
723573
388898
686630
315548
427784
774312
494365
29924
754593
846205
364653
370105
983648
205241
333885
900826
632375
793421
623250
429118
311776
280807
445761
417847
982556
333144
407719
575449
789101
853186
827158
191721
134184
750442
292778
392068
423859
787219
569123
116373
959890
573278
517213
293735
786121
837029
44580
380560
905576
688178
224637
157080
176673
704831
632518
436119
369770
327531
633025
127996
319392
223333
826035
926727
842811
994947
105680
735237
112276
853149
821885
831070
466019
645066
346271
689142
222288
936608
939188
324345
920995
684231
190627
994385
559163
399389
464954
111984
809230
608429
717919
255655
913342
841371
774094
239515
932149
344904
653897
305170
293182
208114
821550
632463
131781
613855
288837
530946
746611
484368
354218
870205
602179
876615
382853
534710
702360
101030
440316
947670
831767
686729
781235
998369
115960
996943
163852
28806
586762
510325
712454
887944
955633
526943
581843
445710
595830
332199
991519
373880
813246
657573
291953
447333
846128
614001
601307
96620
675488
141859
208196
451663
650897
420952
374551
656371
140409
614553
392369
805293
898752
783470
749130
455951
614504
799258
38859
304278
144831
610142
819313
275640
275467
268838
960491
980198
453958
718421
155624
208920
835803
450510
173074
905314
155978
799474
115979
838033
392423
817043
426290
20745
923419
383574
620745
778246
897408
455451
778597
241549
831630
122449
614392
969736
35072
454600
563783
342643
311570
954995
686381
346004
540503
803123
346854
379435
155382
972756
573950
757719
244718
739068
716883
647105
984926
51575
519449
280901
381606
742658
14503
432417
843413
565832
704894
288347
941799
613602
341673
61988
820307
751660
236377
913210
108643
324327
451406
902
869653
535566
401006
783635
61410
590575
365077
5594
231966
894840
169013
157358
680926
350739
815005
584891
119873
66173
163711
835171
942743
595363
859937
273130
577626
168893
571926
482171
33048
238206
271104
469259
674672
59209
717588
235683
472426
970277
536503
845814
443422
481888
271119
728777
782670
288251
581057
581698
221374
835755
317282
908275
481768
138660
550320
922649
307754
119439
754146
276163
442228
869285
255365
823316
94827
873751
745826
433309
897917
429133
126531
674845
84034
187122
201643
54390
634535
8428
773674
371884
447114
80487
504374
672948
148918
560002
500578
222903
42357
838039
960249
905462
812295
893501
371187
457753
46167
100249
693328
993358
322677
283819
675312
336351
610061
785552
956951
791854
981523
785156
891472
112414
203288
157127
84882
584555
579837
692104
494515
356136
551205
601156
554825
352692
928870
839181
205689
389721
329575
932973
886967
377923
320553
680211
532815
839677
24947
297524
350186
307597
452855
338948
698209
559773
621256
980517
698606
61381
605180
72368
302023
428573
22831
696698
411140
208175
99002
838021
318651
775444
373928
171638
156672
692200
328861
906857
273864
438958
684982
83443
457553
37175
898887
712924
700321
711574
425704
680799
774051
407492
650026
381359
219121
674528
995200
643750
482415
155289
613084
626059
845052
676819
229261
3625
469217
732336
172796
958454
363182
962211
354971
188504
314615
95623
978025
398785
874463
698150
52806
510650
287208
985579
383293
131278
857995
910501
536371
662298
623123
705812
456762
794651
347609
78018
809931
36211
812010
283280
839854
349329
70427
390445
513892
937414
862577
137803
993636
712789
645049
924163
18393
2505
770347
639816
617154
604442
187033
239283
675160
392953
660274
185279
272851
291454
919315
152092
387784
578795
326880
666640
504237
176909
635230
686756
910567
779123
144575
468758
980961
421731
111788
460202
536116
375783
570807
368704
456448
41760
820871
4055
81807
866684
714705
968331
573251
171394
535981
777568
335313
175125
693871
538528
801275
435202
682236
875435
369319
381548
751969
404066
44035
618917
527227
684385
385605
194116
359780
247931
698096
81208
560424
992488
998637
724538
772369
964067
200858
597648
658774
305057
118830
385523
765025
937417
351834
578272
886146
371063
845642
976299
520629
880186
942597
850138
24286
173962
30641
272574
891108
603216
480515
446307
182933
890850
420725
687369
505625
351395
41479
92621
86752
573849
541624
819111
448176
581987
536735
333716
886747
557617
731859
953406
477224
314813
929001
489655
593799
846914
987314
834890
10062
433166
183031
884600
481997
988104
526563
275567
344526
564386
985750
38918
59410
178517
237126
416042
840734
418983
521162
766140
453961
617571
412793
706049
35512
717230
835139
366164
312054
353559
442187
920690
912142
82124
575292
356125
557617
130009
358719
778782
798106
527623
141043
430326
609214
985521
412076
979722
613481
421060
529082
590638
902879
610996
71425
725279
442630
48658
409346
638783
818331
718149
120467
42717
651856
163023
216687
471898
356234
923222
754504
475648
25675
141553
293386
872785
164143
899805
839684
959036
644353
634642
367658
736263
758799
804661
744563
944749
475379
832609
903318
923023
42441
230471
404159
94059
901517
730237
105755
182383
460767
189403
526636
103517
658103
17839
619373
835369
400224
881404
102795
480582
902235
477765
201659
159511
672270
251139
628502
335437
386520
15236
909027
666764
182264
587456
700238
505374
960027
702430
579600
715972
130650
669310
893905
578177
869109
464713
648080
151262
344076
212041
87053
630887
580744
287936
577879
907790
584126
617903
634689
750375
101055
75686
445634
776236
931292
284770
58810
652119
11668
535412
463307
767463
591877
976907
161833
963585
696553
722324
472982
768733
725447
11729
724068
988641
482023
119979
699546
432903
140527
266430
195391
19377
662523
386449
296402
491992
956164
258424
41276
511773
634891
144987
469356
936531
577036
803463
653343
691592
613725
448093
213859
752112
579751
5375
984573
406921
650530
793892
950744
154521
357998
581305
319352
293760
929285
823714
595611
514884
624204
776372
838497
571068
561105
79806
847032
416211
115349
371650
889421
31667
350629
452064
728719
532769
100610
539382
121596
45419
256822
192693
670817
273660
538471
549319
897464
641078
520815
627716
665472
382042
980966
580114
638955
983211
683466
944220
281845
931371
572714
139653
19778
810624
965279
682251
575707
410088
742393
848245
163618
652667
731350
810275
178791
836158
434317
588569
258425
889840
13987
513092
103043
92851
977768
276294
246923
975115
315666
71128
44940
927187
941739
755262
503518
382355
164984
459999
225019
302447
572752
571159
657742
98262
148246
549257
47784
46152
663393
627567
974410
724245
389365
29226
117139
984924
949232
978307
950624
504621
700723
444830
392512
7625
381787
259981
39799
847545
877637
965325
520819
748190
875165
518618
662852
155097
859109
768836
629421
829553
374074
434334
916727
28904
727495
170609
115248
860082
340826
197895
640396
167728
769767
873881
215221
623913
9008
543124
748498
523410
73005
972277
393149
156608
1472
689017
992781
531584
376798
582636
828250
647525
160299
195504
561489
483566
155189
237184
540447
360329
686398
986755
176857
355820
150832
413940
937603
13019
936386
45923
600877
663417
834019
834282
819848
308911
474415
535250
709474
153884
509222
406563
126153
559959
226605
345429
545270
407846
41818
944700
958315
593827
835720
328134
9069
662887
427647
40622
667490
386126
563771
715622
100243
427012
678062
719499
38461
109211
340180
481318
866152
698127
743123
756655
856762
538951
803166
645273
470777
855953
445598
785065
393842
10878
432022
778433
42703
542761
648418
572350
595418
367112
117923
209585
212615
99346
128257
96171
8157
585491
770929
688926
500474
372647
877872
296932
729870
32280
810835
512123
962509
961414
809882
636692
918354
529893
639537
358811
758199
216332
84625
843205
644045
681025
442549
349394
547389
561003
534757
467974
121642
140587
917347
74085
877705
950201
909252
137250
605852
776879
776183
598083
972423
531801
909447
624860
486415
913376
121035
696785
578936
828782
239805
125781
367561
92556
38341
824950
787998
7726
146037
359372
167071
53162
11176
573716
983877
50203
163254
381154
520072
862320
996535
619378
335595
893460
46785
232055
22749
393895
265365
417828
489391
856811
108345
804034
101107
594522
353017
148578
372579
920144
430177
550966
539963
228685
717756
662250
268954
670943
679857
923722
957299
44282
955011
435456
575890
986233
498389
658330
759151
550062
664993
786977
903305
765858
684269
296132
360187
846337
321359
859127
424639
283497
646156
564846
705120
200403
738563
118226
639996
971818
846827
499427
376123
308035
985565
378091
961620
708189
211046
431651
821404
432505
843541
600430
781850
917334
720028
227312
490080
862494
155254
976068
933715
57363
665140
399943
908531
380323
663750
40901
704325
305559
283498
979981
983368
681911
188026
830481
811213
510349
748121
268253
66188
939853
233325
327148
1786
725846
735289
852724
565257
951034
383729
703603
186038
895386
41768
517382
139296
560185
74683
116843
262683
500455
974566
922188
758505
300782
593130
56353
48873
241412
485853
182987
167997
444702
402898
500458
973632
66422
275722
730291
538793
902030
142995
384758
445201
115003
335447
75830
341535
662440
896483
136538
52406
392581
653876
365798
728067
719540
577571
279061
10245
242481
59636
849676
956055
669601
534583
359654
509827
931741
421794
643553
641783
426060
716482
705492
882820
917166
681634
416852
876301
741226
565
760989
740576
608024
438209
881358
490064
476569
529026
10692
498083
691791
60314
211462
1226
813021
152019
741599
942894
339355
547552
774523
32755
842684
324880
148795
759200
856074
613133
800258
233500
233344
57172
538318
167198
595110
711078
868060
988394
907222
761207
631164
87909
199437
980470
341163
452932
925339
97694
222326
493604
488921
329416
126539
697082
18920
166178
698788
853996
558897
131374
389457
993796
459237
637922
170369
838352
906633
256508
101597
537261
207303
678891
217329
683677
652096
410710
551618
126063
534807
760487
508639
889140
169423
4967
197110
596401
557721
705703
794829
146881
695503
27714
486811
40535
373963
568342
29307
669365
732075
642833
532012
95588
746535
192963
622073
323443
307757
485958
756046
837894
523533
553206
79715
231265
416402
881738
900776
68023
236454
216158
535610
748207
198183
454716
18981
21650
568175
530407
924222
977973
679838
856479
331550
791426
632043
385455
803422
235023
140448
581740
78390
994999
253459
640130
78707
114478
419178
95998
741952
474347
695372
567663
133261
79669
731383
747442
272282
61583
519095
915081
117730
727484
809472
185758
192512
696378
521830
424585
403636
141660
434959
260478
713676
430164
942331
914544
454344
994186
678083
621545
237783
102278
376094
267792
617454
304974
411421
494744
878035
723194
91491
924855
592571
19942
913895
354654
875101
850002
688251
729792
578320
817685
631572
467775
38357
489300
289684
226279
352530
804863
411680
528496
590998
312636
710080
751613
789497
10496
776223
860549
47917
219674
288656
926287
568218
839294
51624
906610
5280
534235
331489
386784
75516
894185
420788
978705
970672
368361
352812
859253
757954
828216
213998
492073
612754
939573
557107
921729
426445
135951
5045
155152
59314
876465
253381
52540
267472
44548
329003
838325
122618
797799
143036
812567
564813
914667
88050
94104
580990
700253
672748
259009
385681
811351
961752
551394
895497
939988
893750
938313
735194
155050
388201
656502
990669
843169
518933
55921
933066
612945
932425
483534
978147
230620
119165
670491
216441
640718
108471
586857
952169
391752
650238
10254
822761
334932
971569
118261
235806
292938
751852
259150
56585
506172
46786
681492
706840
55464
510034
410421
94266
133117
410562
646803
82208
988240
624410
35287
530379
607672
991563
898189
289904
710417
171721
64397
919828
431349
407223
235950
307249
149054
407003
929676
819509
273024
902408
907249
94446
447016
293833
664252
83473
548253
206591
987315
502308
66234
705040
808104
415454
930274
375961
583951
283074
621501
485303
217090
432700
452881
936851
87999
583231
229955
817022
123015
745004
115305
896911
942422
547220
411397
580886
42391
802825
149263
440420
652660
910965
824618
652537
381552
518439
358343
374151
10911
714105
374871
326734
835766
913986
189862
640187
756997
509850
477661
310423
930020
300356
449370
462103
148472
701362
513996
976131
299113
740799
817944
940913
162626
883567
762270
817072
554738
803161
582438
167193
303046
319309
341918
295384
837179
854679
238841
165784
233377
928744
954008
524901
399311
403207
878896
239482
710959
420888
453933
479866
820533
238808
520139
528121
542984
446218
541339
670980
698304
379599
789519
849455
537823
899245
102470
480221
914940
75766
620749
138245
674197
749948
990064
595805
827317
375649
875544
49963
960836
32985
275975
238723
977146
7811
48906
545504
709281
873592
261662
122241
169473
582987
468614
523330
192498
679065
781709
335788
17061
369825
649062
815445
911938
874737
585537
594613
298310
148330
709624
113603
945730
813359
832448
546647
726363
894906
17683
642158
100626
736784
985175
77953
977078
302911
466481
643971
840396
918868
637086
808176
73490
392626
47965
995761
213287
368488
58198
217410
474446
714554
630759
519330
251238
721590
495153
95873
465054
899937
103444
805047
563482
201161
510332
257808
696610
562418
293274
614012
97208
774050
895231
711006
973652
804737
320517
175295
287929
883524
943284
723366
635808
834384
298550
944667
72215
386480
117279
477900
132084
442093
539872
641222
485452
574216
396515
257572
635250
347111
678205
628298
817273
405659
838868
351399
793986
663120
366816
955105
547332
331967
142924
123211
970440
988741
463236
625461
534060
341408
245316
934468
560853
876512
860520
910052
179070
103416
238447
862557
246914
684257
375210
768610
539873
340742
143733
405960
275487
62736
352159
698429
613544
808593
325544
617711
114386
583508
896364
575609
264006
509678
580972
358537
81836
260879
891972
305450
515590
24056
190611
611102
797289
971880
218611
348392
185518
82700
465484
46748
551245
28147
825211
437912
77973
763680
575284
286145
941734
403630
571450
56783
212414
939875
693083
545261
375119
372030
997012
488099
808775
857109
741660
608048
278871
557871
428783
507475
2235
971636
276615
317255
123980
655114
86163
32831
510183
425859
291415
24783
604651
317218
94641
298158
724053
791211
979532
692966
572942
972555
567784
367678
948685
957080
738834
588212
576006
569085
167813
56809
761863
294712
953374
758386
93585
502203
804905
576325
716678
474970
337747
735362
823422
229647
385383
466137
859397
568881
879158
154126
612237
327394
768959
635091
785468
309854
662369
229867
879930
990444
345171
573184
206332
646495
112672
284429
634664
232384
889180
52617
249694
964909
442049
763559
426492
287659
607083
884081
965910
609415
333674
436340
837165
970446
530898
544691
763146
580552
149918
718218
353805
994036
673368
743962
743962
539311
199001
309036
724072
504631
602755
244246
165990
496482
845458
587475
140501
333467
347774
502032
499338
816025
499579
453307
851657
721166
792815
946506
803407
411378
770960
558877
47760
518222
973623
961796
395746
263599
321346
121199
118449
115528
933584
889289
35630
640255
201900
756103
630327
608852
50777
616439
94994
643961
710073
25806
621952
951164
995942
568469
439393
969474
51216
641340
63931
96731
731526
169366
991640
998258
340099
511226
581768
390868
211970
88590
200780
609408
727494
77811
789122
709269
695368
839891
889050
335859
686969
632668
829136
100815
826693
548641
199489
744769
747061
552465
971498
937768
902705
954097
616855
171000
203976
646717
362866
827253
978728
962985
284493
182584
599976
58817
278353
787945
727440
320834
89826
407096
2611
411756
471685
445851
209830
217441
241113
597833
369942
139948
471723
253109
968484
892891
308142
68703
536925
198542
922987
983699
103355
560530
949498
876741
608108
591662
317841
9985
240167
213306
799077
381140
791785
410941
717996
113971
551622
129869
234503
57726
960789
325796
312995
837208
241554
146852
84
697763
475048
716816
913321
623236
152187
13727
906988
370005
51090
893691
725798
256466
404670
396659
83286
774901
713634
89077
8934
351434
233015
347735
496508
869853
114430
169811
455861
896297
421630
306011
721383
894442
753508
256878
402540
104506
6568
946751
175416
174521
887981
695529
208870
78548
150678
445286
294949
334082
163570
66979
410366
39671
352792
971885
374375
793811
254005
183060
488072
127486
401123
484056
41151
685224
43446
255262
354342
23372
731012
132675
589272
559304
137105
679555
902170
901568
97195
848348
643864
518535
735192
128399
215704
461875
720738
924425
879541
651246
155378
891353
289617
47865
320797
663054
765197
897163
538897
655682
354987
104514
691367
400697
557885
723090
525473
168381
159324
479145
733165
479503
18425
237606
932199
471004
798439
319611
100805
980954
571419
623698
721556
648721
947767
573608
875437
288183
882320
18237
793701
285001
590833
343032
922980
793370
74203
217190
388189
63326
592506
597282
848129
316628
56904
835490
130300
207349
714686
999416
704275
52784
691190
800460
7099
700894
922107
849071
869511
112453
760592
307698
808416
479213
75884
396048
748860
973823
973584
618338
817872
32897
362475
28465
212898
411549
468749
326585
789133
115858
55718
89397
932926
719169
545591
976422
492535
498772
459584
325897
22837
291436
593652
156423
367238
959414
129320
224306
647842
882991
442589
451547
64063
951261
718622
735766
510212
109766
605862
880837
914177
641797
50508
145836
372193
9531
140701
699929
608774
261908
259538
92113
26244
727992
96994
697270
624909
957784
103040
983775
372752
646843
777767
362955
182644
586722
788999
326947
515405
520181
283898
559100
768667
148252
918267
709792
34335
435690
65734
570630
511522
791981
388746
451238
847235
666996
454252
665422
943633
593562
359201
167253
318573
733603
394443
542682
935251
540202
620365
758558
527068
234822
853549
298478
835506
417107
970983
573698
851595
274085
626828
787327
105697
536270
446459
751380
285658
540062
513498
508747
979991
499018
497758
995963
140604
360983
85514
397679
938685
433713
468225
290037
47718
298573
521833
147687
29181
400018
965961
297968
419370
98005
230831
945831
319839
901139
979442
464336
779361
60273
233521
748142
21855
695438
834001
61158
622626
153404
530228
474579
64330
348834
336863
687819
714453
428897
923385
752396
157677
219390
708361
977596
989370
559812
19094
86811
630529
815504
147012
514698
459863
566906
380123
587889
575302
719093
126094
215722
795071
49228
52983
632549
87566
515189
769388
679430
479626
485565
941745
90587
634390
419356
903736
258757
712785
423170
751255
993646
836799
544317
636078
858955
458014
620158
472405
776007
201525
997219
552616
715773
303178
457979
632109
466142
587182
248926
887770
657592
41503
190382
780647
457903
440040
466750
260576
605410
133448
845274
939033
740276
84547
752037
826180
314588
459660
845874
979056
714601
603751
473995
940099
612261
25162
667574
158659
978151
94789
141186
682879
634324
524927
96913
285310
702998
334591
502087
842840
815899
930997
909068
230016
489057
140954
816110
204529
639178
511310
30270
764644
820213
964156
486514
240566
392573
940379
501547
945201
502454
494239
496588
554524
445044
411985
810211
513722
712893
319156
340536
672500
789553
914043
405483
41446
538606
918894
390444
31042
859506
75796
464665
785905
134178
530772
890766
259073
872133
247486
226276
484602
876873
671033
21700
101493
202670
722671
456541
557936
148323
347918
722900
582080
543291
263332
865652
444015
621659
251350
218888
253385
850653
337938
540205
38027
182971
454410
437611
631245
336004
732607
708212
458822
866019
411739
763518
161590
1722
445548
403110
615353
429091
290042
816591
317192
478220
24910
843147
295647
452919
915828
198704
672014
165101
760209
592587
750948
88561
875568
398756
50817
930488
387499
821102
997700
834150
553405
297943
101678
872422
218417
227789
310015
969419
141588
966605
889076
896240
853283
446199
625292
526908
908770
694049
355206
111840
888401
996790
835636
928761
261346
442733
747171
304733
277713
103216
187743
668017
382973
168253
357714
984799
258974
938845
263892
663301
487427
696503
177143
766643
4588
119925
266712
165820
969972
99446
304108
85461
407284
511799
580385
347582
992365
760874
212878
502324
660761
664577
830917
949719
286691
573587
224789
102786
545480
444663
918171
619850
213154
959382
781509
742714
579753
678557
742274
817372
356991
653265
367767
145266
446275
875332
597098
415581
199672
443286
181234
102898
354275
344184
453435
379552
649533
307416
897171
288325
247423
273475
604547
148658
467001
638856
125535
428335
17658
587669
396735
602653
869566
501198
408177
844363
135098
648566
17583
740216
851662
104832
853802
613733
354179
117238
564545
448863
4605
946021
758336
855468
406181
543085
866511
995137
871752
300029
808368
894585
838307
496400
781031
113981
124028
9734
715311
308773
409452
310865
939837
826197
90988
761105
377948
111359
702845
752375
165321
362901
432566
286970
921016
574478
865689
180599
30637
825878
986659
190476
207481
446344
635984
19683
286071
462747
77715
329640
672166
566526
66672
604505
124334
685833
821478
954403
574384
133154
607262
718883
507450
213667
211039
37595
17232
125931
453098
392145
27875
964003
19352
491215
331208
638888
322424
770471
26520
577276
803388
209432
669799
126768
71395
129402
940321
699392
545046
129709
914702
818947
807199
343936
102025
402767
714023
753467
238335
804815
409446
382608
464837
374509
787759
817687
921285
544500
619972
641965
974591
750669
513641
58855
272364
808857
111222
187838
562097
725445
448607
260665
748918
302621
193368
219817
978327
314264
561312
26874
625046
474637
70315
325349
945087
899629
932012
970728
805391
269065
804747
339839
343835
438661
835319
262358
632158
821471
402384
879186
415313
461221
740992
725549
783008
353713
675590
861147
192623
237527
17906
925296
607492
771518
796500
581936
640429
744176
376367
937553
499684
718670
699811
164465
222929
307471
333930
742574
154651
91704
745405
444641
873253
52957
239862
433253
806446
269016
300957
612109
586947
540086
643424
679885
795250
558301
154671
171869
112201
210901
41119
142726
61341
616215
918328
43143
459464
531651
288060
773790
413533
844170
830768
861939
203125
956252
208620
199258
669749
14181
621996
803676
797895
90482
191522
623936
17382
628648
348038
492306
382556
685838
804510
949138
191100
768002
356731
812327
793734
341943
713785
45429
315748
430104
794576
690093
762352
46416
443329
371611
512008
615317
314836
160837
515408
931116
759301
381368
612475
661143
897014
287793
255757
873661
714649
408986
585795
580348
937884
749847
242530
823124
639089
975528
516536
406465
24217
164112
444860
978824
609621
706901
238434
800594
47368
459824
991568
201107
186730
305202
968679
423393
569879
869985
889465
283033
451423
264746
540895
826178
604249
357144
732920
961862
628274
274206
84471
865036
214030
539730
377366
799264
829616
496238
247894
891846
597414
435338
799383
309136
706049
166030
313751
226131
563446
587377
616026
961957
38411
200155
803048
661632
561045
391487
986046
944568
556376
757150
416498
11524
670967
688134
865668
804293
518833
941226
410447
946169
220885
937777
841575
356302
841193
90499
755088
627317
933722
545029
13764
483129
804800
341179
672614
892664
769418
148208
650912
705243
633581
409088
402976
994666
870258
940689
590936
651585
473104
779942
294890
147524
269950
340461
609374
808974
557200
749786
569768
386239
276576
574292
228264
179290
597298
6999
356209
491644
689601
992921
688167
723334
679633
697262
842714
985327
261075
183664
55996
720284
205490
162911
646291
448342
61199
196858
691299
421641
659628
798072
744592
667614
658399
452537
543667
628576
242046
710981
569239
363960
274080
143757
3902
71584
648255
134911
108012
505603
322195
202962
281624
721356
533194
779086
113533
461118
993804
147813
531957
409763
443966
561019
766118
495692
796771
372878
203957
389870
256537
411656
388445
364619
210758
703581
333433
713884
401559
94742
59699
7921
867666
278840
752834
557940
414474
231818
226848
600020
917687
78774
440824
872622
595053
974250
660705
458355
491122
663900
484247
988153
811525
13693
354437
564849
416116
942227
375095
53124
734462
872411
212171
704143
602468
30644
615163
435698
35560
664842
625358
472488
751683
527015
851038
466179
336486
771822
284548
661218
303401
759388
12075
149859
942942
118880
824236
768701
778382
828721
174027
729044
649098
999996
148434
644666
928183
511529
120968
223170
147565
638242
534618
520833
351703
338868
828187
325919
830041
924704
863720
931736
488736
418050
338686
288222
13810
27098
573813
279649
150691
813504
755962
666086
879233
809476
185137
47524
998650
553186
325707
62124
653399
254438
494148
913843
628898
576944
829097
239703
825079
329254
784210
273298
176096
193244
760324
238629
426158
987298
650624
917193
594252
860667
11018
371248
664681
246206
287618
877489
25639
360575
34231
227905
444686
534157
334978
688381
917825
677367
710624
70627
557967
745693
631961
569333
798964
152709
389521
243972
582933
698477
476155
283460
871510
730169
827485
481932
775715
932394
234936
675173
834507
356642
997077
239790
488678
42410
407184
140988
594608
856991
988441
429862
901490
986585
482912
537412
775990
848284
476387
190002
99917
60655
198459
279806
189311
510069
475616
563796
787483
480578
34917
636130
669866
277054
356751
221340
165163
764471
57428
469485
945105
770634
345827
599518
764262
355312
443032
933349
441664
535642
979898
90677
267638
175852
294691
873417
192066
398751
241413
158608
604421
57104
589186
939958
251248
514920
344019
510747
853386
231851
356497
664574
283071
418304
392456
705484
740143
334551
438364
5298
226974
644012
389186
823512
763285
599065
423654
113911
204914
737149
310419
82096
234667
195597
608213
329397
78764
715520
224198
521190
768963
898275
76842
651438
318322
302419
673186
140288
7656
524748
255063
197863
90074
495906
794823
114937
612625
839242
528333
399938
726888
290978
901507
971800
814478
860446
776348
939435
988776
621032
493445
851185
50787
765660
920116
681347
774898
835043
926851
235944
479392
832599
829434
106192
196945
276849
210121
775642
401912
110262
188434
995786
174077
782954
650666
84921
882639
760272
166859
376409
959553
165255
325043
644938
97953
260090
994716
973254
259229
995104
595044
186806
201435
909523
787970
680083
852063
255099
142408
185935
739806
331910
222927
797976
872793
675025
244793
346178
904881
911410
906974
47102
166940
818343
265691
202693
156664
357794
543318
605401
378298
235628
580914
222418
2767
840141
237393
678083
679058
251382
414327
31086
969283
380852
542582
351868
302731
200600
305483
645654
48293
451386
92920
737852
290020
181522
181797
841085
157148
961121
920420
656918
107804
640959
257946
30367
394688
80749
804693
371593
51382
358610
235122
286685
129552
591614
252509
118264
590136
646766
522813
386652
205739
702389
954960
443647
66780
831823
455762
3497
800573
524518
819879
599425
410330
333990
728759
429133
720226
647801
927166
498965
772971
911614
521923
453991
167966
507557
4695
990005
250967
886527
39136
283541
270267
484752
272433
447228
99773
416810
432271
620401
895958
930505
752449
938635
103501
133387
333888
290940
553556
556377
392455
469607
8912
706869
471043
45281
401942
881855
600548
58574
184060
161021
82869
409614
659528
680425
38794
648195
911782
999298
114582
719720
947090
615652
773323
105955
978154
460819
410577
714611
349408
508667
128586
818083
466102
472217
379260
319208
230866
928471
843430
630700
914292
111751
852281
494937
90187
46456
376650
142102
251486
652089
110818
287172
989439
946559
459669
600084
166499
498178
301567
448417
342485
832445
244008
908214
823917
586599
715109
266147
98016
823132
641201
494957
85745
62809
649282
474199
602338
278462
702804
49564
649124
302694
830249
376626
677067
845826
138173
378622
760281
594815
613886
562927
696877
669542
317636
887183
414873
49777
440171
843548
702470
454307
358754
438367
204873
553106
263213
284563
833921
324111
143291
595355
222156
828059
929588
470453
619548
668035
362572
499663
678950
924757
727635
373865
905473
414329
938884
889631
155292
702064
580362
461288
461023
424184
420559
13001
633659
118596
604634
913523
545128
946594
198414
437510
730930
399293
9277
89874
968876
325724
641201
13404
787820
393941
554779
614955
439377
402189
497709
491765
725963
694047
47222
717023
220101
299647
163197
552580
832789
324502
589114
696749
392827
538104
657791
246431
884345
76397
559776
655317
256384
665364
414523
103741
266234
797434
547940
860776
647321
847996
224645
415453
2812
206318
709204
381539
217673
113249
937901
439076
854807
47545
271021
865943
954969
183315
765387
533982
895516
652983
157854
596765
479658
93338
282676
479875
225730
226666
959178
199615
905080
34588
480848
482331
737558
419197
712964
634104
295166
114193
463097
619317
87284
8170
227308
346688
5005
972852
634557
732593
287436
751009
912874
714106
439447
451913
483008
17910
578204
726653
348787
156316
14885
751249
298131
817902
488385
732460
54646
547817
359382
769307
426941
371586
245982
552769
191304
806300
36300
566773
913081
524364
948642
165502
163086
787492
326581
145220
617618
652456
154073
203223
344080
865131
854836
982179
169005
305637
800600
235064
401178
824965
94406
14018
339857
322220
618014
685914
936506
951683
36545
8043
698208
420165
438879
459282
421916
437680
558883
515229
630891
518231
70440
580245
648181
492574
278321
844979
86715
291078
637300
424877
161554
782369
923528
753334
637080
712218
555014
352577
410360
77174
512175
786014
701693
588735
544763
807694
574252
236393
868082
467725
37043
341663
349258
206853
298809
910272
263424
779119
835283
535938
60036
178400
808130
586737
221148
612813
31189
913836
216296
970362
118060
862401
762778
149895
664834
935788
