999996 9995
590423
53268
12405
601918
970793
957428
397502
948029
479405
242306
307080
166944
913747
485091
257437
476248
70404
308228
930395
258983
587110
120924
458119
783397
261339
861581
211349
534121
825215
819820
676778
108910
938734
250523
57147
159482
726757
157354
556733
910683
529981
319539
925268
379087
666063
363187
724901
530327
904283
437255
957708
263857
45636
844275
145307
294516
469953
797269
687544
712162
762621
326796
343748
243840
565722
245894
977985
17324
611862
995686
288764
930566
493704
140726
104060
568489
98194
260712
964085
976716
791682
993940
137105
501262
380639
27971
917696
333859
592373
904219
42195
364514
321148
605731
322679
436042
167316
31232
148690
119775
860557
623511
334996
687243
3056
616551
904043
39612
194406
593318
783363
974770
7267
304928
71029
321398
471283
991939
476376
150010
692479
769826
778548
482881
986345
993194
662029
667918
435051
897126
86165
855963
92670
229061
424810
826681
157076
30898
972537
745084
303106
208579
55505
298931
28832
35155
907884
66626
305260
273427
678872
895940
39478
175490
420665
535749
862299
219097
674357
756192
533615
74509
318608
717041
822201
960562
674983
399729
61400
244957
474261
505427
708129
871335
179588
339699
139839
954450
335202
853697
612571
674852
63564
192494
772943
425717
569088
813106
367916
17052
523242
477889
828380
626257
503677
203411
216104
99086
239098
550593
618297
151325
271997
478781
450028
999052
792918
354618
281957
954137
822807
605973
749323
561656
624094
941859
817851
927218
206504
21178
183217
984714
60191
946310
862946
588790
796651
981953
103083
481407
206961
455313
566711
378105
357255
880636
397363
647169
732936
969244
157600
313634
115977
335658
831513
410153
833784
391045
49622
18016
253412
127148
445624
694142
911559
237012
586677
363677
468599
293250
232376
172844
754013
510238
772298
243011
530935
953551
567990
744449
249135
928125
582469
217057
978612
676021
118819
605385
920050
445361
709158
46542
373779
453884
196248
52145
815456
263780
832243
359231
774541
608817
782547
390121
540747
770505
767466
957469
333991
186887
700348
578333
464976
95778
88087
519822
186393
663628
648388
488969
388813
231890
67883
700739
30713
24670
76180
910632
208670
904606
43158
882120
71613
538325
120275
674214
362120
638513
541415
80715
228098
786530
74753
530291
89798
707666
774342
765245
769950
770562
118626
656953
798919
912967
342781
587164
792122
157927
272782
926969
63573
377667
251318
278960
187229
986827
809140
313203
46965
802402
580173
223902
26313
394618
584681
61171
380736
871171
412024
451144
508025
186655
22988
507663
786544
749656
861435
60090
886379
311943
715968
674328
975040
867297
304540
327920
37248
561989
868417
15126
607410
424529
156638
4196
573743
59269
58063
946554
354634
316576
795363
546440
670634
351710
33763
39559
339619
415225
477068
300604
7987
179596
524504
2038
497361
399969
344103
880325
494138
231311
281861
830828
638288
579942
870617
248883
678201
454308
828568
762105
249956
398037
344571
257761
12236
737733
635869
899085
322236
558623
233581
645713
373240
33088
702289
645934
731155
970267
532285
752254
505136
229357
756496
326812
966553
944860
438863
449466
290881
348989
556897
618923
238705
344560
958377
46040
14890
881153
10636
678517
249063
617958
280588
167444
25894
318661
84647
88717
160285
916866
29905
866146
460417
214981
731408
8093
550695
735149
735116
465771
937013
327728
302070
148892
388333
760982
116572
893119
381426
665054
169602
463821
309762
883970
38464
501944
392822
501332
534616
670295
738773
548506
223857
642397
811256
678553
636531
991048
630149
894795
80140
480041
396532
759825
842715
740035
873657
378942
232542
818350
778606
851400
338293
632500
643400
813514
613374
928583
89684
159618
389237
948142
227709
19970
204654
640964
938191
599186
401434
926270
124717
534386
781765
201049
634740
19191
248359
21865
438774
57861
255810
645196
830286
863259
590021
901447
862863
593029
462321
699056
976591
330257
155842
307647
782173
458060
493966
452968
269189
351962
214117
171414
283975
619584
924923
318188
982970
954078
700713
600735
108971
35917
524576
17835
360583
817034
729668
624794
829273
952019
308178
616484
463767
102944
458346
822466
788142
337575
22155
842293
647809
865160
529792
214055
586689
909605
411690
205580
569253
606802
564964
45191
152646
431021
868252
667757
887039
804685
427476
341771
676396
226530
304731
864514
67212
465048
233531
364872
949409
107284
355821
137186
951366
27480
329678
344537
890234
145692
251323
876176
998977
183469
711064
121323
293213
991797
960008
930369
363785
425961
602837
574547
85063
672624
451718
86424
214370
396345
177341
966110
624491
65907
175336
871864
959095
345272
629787
578821
830000
489595
100298
185855
285555
273705
85021
278116
171025
98554
919303
511597
174701
570619
58080
876091
807580
29857
259866
714223
299790
213742
441167
426745
413552
488089
2382
678112
470317
849761
239713
831343
468811
212047
52353
287527
31089
320381
530181
382803
55282
14265
164429
504484
376587
450658
362263
128018
442144
334755
665930
547748
990790
166005
578136
177015
995310
375
177496
426883
672600
254275
771424
337862
196340
631237
678523
335239
857031
339338
858524
706216
805947
385546
515051
655796
192322
882543
984959
88441
457254
984292
197737
583776
783125
278483
739403
387183
213951
207192
87604
619905
759925
361471
898048
328309
878517
301291
317183
438267
84850
889116
171953
158136
85661
993625
544741
882621
754029
819428
680049
189827
466129
49364
389218
95113
806644
447838
120439
327887
416048
566819
643561
31276
800848
720561
862663
949646
256953
450745
614082
865227
666696
290680
433578
772648
821657
755329
183522
38970
96241
133388
119506
586843
751120
838269
445451
959708
880961
786768
657316
980495
37471
517369
7692
599071
856669
534537
237086
438711
598342
671027
312387
498172
366062
97144
289008
443489
917671
974049
570405
932380
399062
647643
777188
454209
38124
710180
157702
239743
821115
218737
973003
897452
440304
852762
571328
566941
349589
817402
930663
545070
593887
854926
292720
536692
188448
813500
137641
909401
215860
840728
155928
590515
481334
418783
62625
534553
520998
138624
68457
10743
993235
322698
573649
312636
999754
348703
182349
875712
680881
801394
449056
203872
508704
385075
863195
452021
62029
866347
453952
989484
708713
184829
54696
777769
543800
269000
704810
936259
135973
24958
886469
440674
120206
427823
294877
501704
441071
638658
622720
804994
99048
594210
403035
458699
581243
572423
299461
191134
768315
823611
358782
68544
969
475316
647918
761863
162266
568306
385987
181317
86071
261843
151793
119045
337330
958227
998069
392451
426460
339832
336029
864775
817992
86238
267264
634417
672699
344715
634738
630847
122816
864278
440627
832448
21526
71627
435948
330454
530769
266768
625438
503182
615514
546726
150825
636010
497991
27696
516657
425154
391993
429145
405031
937026
385174
107779
389093
760028
166425
184968
699859
281927
405707
498116
826927
253474
985359
724655
140824
57730
954738
176730
913275
394616
34140
445312
81343
411469
729321
284414
852412
662930
634524
869205
779182
667303
299783
836276
247343
241520
117350
319943
413307
243184
42491
535404
505356
825664
605431
327723
58806
821013
594159
505040
94229
405547
991821
705042
467543
774169
237861
5687
621732
152083
648607
484291
752181
106347
880894
453540
961101
784722
651390
158630
321251
405578
534664
306658
895111
50172
554612
917558
662917
567363
456739
635277
1437
190918
2871
818569
825081
290808
365227
442672
751934
532456
713402
86324
689507
601687
385636
52975
48503
568152
614862
980717
387593
906319
640379
132359
668198
170620
177586
925269
455478
330178
641071
159979
340233
808535
220463
837237
576112
345133
893774
415103
427538
897787
729598
850847
5960
939239
377356
796809
435526
665873
473899
875069
34000
832968
805110
42675
820725
158448
452771
677327
70653
495795
829797
162868
821936
266927
461045
434553
214325
967046
602261
156018
286562
906054
306320
943000
393201
734913
343782
323313
714778
720337
463864
928208
429945
177541
842314
747194
994190
948262
204230
146536
626981
320093
32770
751075
547638
323188
478749
219669
719989
911700
71511
406484
866805
139833
98049
393497
297286
76206
565187
404036
654286
865246
988765
662783
32749
40607
864098
854644
46770
923192
563588
953013
329923
695093
580225
837369
641997
530836
489810
300854
224984
988607
740080
760323
302143
716643
391530
224603
646211
413813
232553
851026
956283
898395
270667
726051
377616
85391
461883
342626
874607
650238
681940
615163
324394
165560
365933
172386
137022
537660
946976
98972
927847
640733
209919
258844
268810
149304
942689
826107
827448
703221
815737
674058
266001
704530
249106
828355
117674
241879
137064
277335
483103
865626
691774
50658
797306
195606
340375
626847
105862
633574
563928
410960
258809
773605
802036
235562
181694
456285
63551
581305
915482
796316
681631
487862
430456
928197
730506
931595
314013
660915
981680
783289
308204
710155
918876
327411
330106
685289
253899
723795
46600
548467
589685
723304
294830
834409
362164
410930
640624
522054
959146
742973
149357
82981
962331
169347
7242
896591
787591
687710
975727
918301
609074
263057
787690
214551
344250
664552
501315
737217
649887
420814
516035
500055
333028
775515
424644
141093
316422
237063
126655
707434
314429
559342
660207
382697
673297
764830
23314
792413
408798
127152
849949
468907
334557
866983
182468
34822
316031
683408
739068
673149
107920
142260
13478
491735
936906
373603
263795
461470
976981
492466
948364
709951
131191
650076
448801
86150
81520
647259
983782
76716
397693
597361
461892
350763
606075
212913
647855
437601
511397
908477
423651
300595
736939
61482
114535
860432
402856
453559
819676
842317
97727
126760
438133
674188
814978
632250
613078
546827
323683
923446
130698
161762
522386
951246
404890
139168
684871
355924
554872
535506
148486
518404
240042
429419
918411
633057
854900
74455
865411
394828
906569
688475
679925
355407
398443
552134
511996
996327
825690
722618
274329
91287
951846
333868
914940
985658
880433
150785
576148
8047
61530
772488
448305
346960
780450
638440
299495
375009
364144
781345
116520
583786
810683
91958
27884
4439
798158
713538
696036
232128
61536
67422
664022
946990
939529
926262
720792
129866
488209
897749
209735
7997
934120
659180
346652
134018
396852
292034
36200
901039
749501
105728
379960
227217
205195
411045
54620
105184
718818
806259
5378
204820
575307
672744
447511
742306
599361
741934
998161
384039
266142
791763
870752
40894
618503
758255
456023
26525
303534
806737
286557
202751
229660
197168
335747
415790
315286
99391
837519
738991
550927
866619
329712
780879
129019
659297
421895
591751
709053
726483
867467
507715
980431
98203
880270
607999
561399
919771
277528
329487
929630
167841
953776
181879
518553
28017
394556
437533
333183
785119
424006
131959
440243
679751
147051
704081
469558
818607
94789
129831
827204
890975
910739
458282
665592
140220
525980
246431
781673
766527
662809
506938
521661
696003
679415
432512
459145
441265
222129
341315
83198
599929
887202
999661
984063
389957
110639
721464
56215
504610
802485
418276
52091
484790
821038
79456
414490
752838
242852
998899
691629
429412
525947
432921
996072
63842
86542
273324
907219
448396
513693
750315
936763
758197
631594
141873
177516
361052
885875
959318
38225
775259
78116
103259
30455
418477
301861
39753
418385
987058
43804
133426
168294
532758
805382
892461
41775
562541
272898
29795
865173
777235
18373
925507
977474
386075
948697
287299
609853
286722
237220
549151
482309
784118
269823
822626
216294
936601
216563
20970
256970
63961
200364
113078
874713
429691
675825
332545
472684
618450
554063
566444
865800
669803
813605
79128
416128
600597
822715
188296
910732
550872
365111
503672
850212
421972
408917
863122
379646
540599
987766
156656
438405
578806
173330
815688
831230
687484
10170
863099
830257
559687
456619
69049
606084
930165
829552
938162
255762
838774
986211
965606
446510
837978
492879
842765
726238
208422
328043
67619
365387
161631
246776
720597
189363
955134
793444
3586
236787
822904
91413
507959
236033
632738
961316
76880
830986
222285
623517
557813
206691
436702
225766
703076
266530
993439
703662
969465
794795
433491
29344
992340
102010
583427
732996
65284
495063
148870
692044
43319
540203
287570
574560
705854
494172
269060
996233
764922
467233
617877
404355
384979
851551
458658
937647
292390
299413
133931
27315
295937
67932
549221
302626
314086
860423
115145
443340
810394
389314
602421
981738
875387
761470
703300
698547
61378
443996
601684
179943
476099
7107
394254
306893
571735
60333
776208
933466
527791
799345
7751
777331
119451
362877
811280
593523
487465
762731
514218
31648
281266
494551
448783
187062
233962
63040
347463
748149
345970
562524
231813
814679
503508
142236
82182
916337
538804
655425
397301
495849
450811
42365
605180
137747
748359
29575
170559
121656
652116
541031
159208
458097
197378
811875
965638
425148
116616
571114
888334
765897
748889
817013
245427
129495
122638
647381
763731
42690
789038
326650
45377
684099
944997
272657
18822
67
878068
928231
414775
248805
789937
546196
472656
888620
610823
761091
279457
836384
504050
446930
370440
513993
378188
767500
479882
773435
873601
514226
620126
745167
970888
796307
988466
889857
580635
898836
553967
50166
217025
656846
560075
97065
132309
6667
593934
844316
94783
470750
319603
265082
329820
208053
449917
686219
11697
919335
40515
558690
93357
335167
729600
606605
191889
234207
118288
642771
709480
940242
88935
105215
362684
28757
492634
417016
817329
537243
302098
600866
182012
318185
22430
190139
700060
299666
879858
369857
97993
325725
67239
453767
697941
937100
115243
257882
582130
922714
279356
666155
809481
723220
685429
700586
927490
800175
860258
705886
797027
897865
188736
837945
53304
719550
785387
905704
363214
915856
245666
757600
7380
440271
751153
826653
214689
265212
42857
152326
107734
171785
848080
182656
79506
827420
448889
926770
914850
647725
213986
575710
994601
2411
80825
538640
475978
169863
171118
951839
429759
70902
950405
109467
532864
219509
601138
937978
64466
516768
568804
590133
634331
484006
561864
469919
284071
282079
638843
516292
345114
395987
399690
371501
711639
177482
713576
138860
992350
533040
861564
795186
341931
920571
450153
964716
641132
475445
960458
684177
93891
524902
337860
992780
240541
969634
598212
666247
848066
12310
29255
180622
131549
495031
199679
39411
285347
671192
653292
926752
358208
581937
862065
759627
93454
333399
739350
603757
473525
478099
773365
590659
357564
392404
631065
427438
781443
11633
903824
826270
201482
535395
518881
197091
206316
747960
224300
244894
995776
411955
470216
692114
231292
788389
955460
206953
699268
711984
86155
760073
597018
808040
601701
54965
150292
375512
663577
381387
702058
180719
773704
226605
374135
907072
991619
245806
896447
288444
53536
740872
223048
17279
161382
625813
109772
363248
406191
967526
915248
64275
17793
582122
505194
458927
891494
839938
289317
17697
132521
786430
100819
400390
680258
921522
840396
917822
426859
496562
549821
808267
628613
985897
854580
52547
823467
469191
520718
546422
914403
20940
207940
324860
555907
845264
369222
190049
489565
816882
646543
533457
14841
293306
43055
361974
352395
548610
613914
539163
259836
945758
411140
34856
893597
12319
942317
539816
575646
913488
458582
146916
820045
426692
974281
926256
701912
413665
38834
128862
410128
958731
930758
442100
615153
796108
124462
189662
104629
384435
592346
619935
991982
3307
747909
458831
687000
544445
609953
716597
732440
249251
73675
332869
556973
504837
11328
620198
172346
952217
293300
623528
851391
583208
719868
451540
863594
206689
284581
355550
416184
650211
152083
832588
51279
329557
226408
311533
883377
366706
210157
44650
226566
265748
610638
671592
357051
266661
235986
548928
384219
888449
342404
345458
462158
845992
743116
592080
863677
479086
870276
844677
760091
67461
992973
869476
902604
922199
537672
792573
784930
941820
731805
468771
281793
400383
596926
419612
204254
95340
654731
566481
690367
624442
577424
641844
858429
483882
413315
600205
690141
883926
949209
570065
682290
663678
233052
889143
408088
453183
273463
547365
763110
278958
457201
925579
335793
138111
281278
62706
38765
676603
583339
809981
864803
998746
572105
138205
390005
807961
609068
552369
436800
532845
873317
37756
130735
827995
753269
212611
437466
855633
52254
394664
150217
51905
869308
102311
212987
660853
322197
105942
211081
179400
116612
520924
838070
998287
333638
590924
157086
946760
707002
748784
514399
152899
92288
261855
34493
616846
792210
269673
728424
160760
895199
304113
381001
967227
808972
445603
547405
746905
726427
113718
186115
686565
848106
116468
682588
720289
803636
989782
276875
339419
863989
847211
198461
110981
217040
929562
132846
309629
790830
795175
996957
584776
852111
623773
384269
382434
882146
420286
455529
920358
37427
999802
497294
875478
839853
510724
848011
584181
609107
910505
400179
478856
549374
246747
427145
688231
333195
816221
54391
214371
487175
275316
297714
865810
877440
557665
224478
174142
117124
18172
459153
850507
773851
567368
950661
948730
842093
686045
646574
793518
63436
117299
478010
904930
327202
721616
849090
604455
564554
450350
646145
723395
261109
643924
634356
850818
956251
893315
993344
856241
871760
516843
658228
1270
118019
299039
78981
814788
762999
514313
988450
47889
417361
415389
778185
447601
888445
304956
121271
792536
886579
28684
552643
618979
729043
228756
819902
332501
480196
979281
951438
948055
990700
488440
153715
530598
854402
396925
845837
518659
388402
828229
367095
504835
359944
753556
151932
720099
333227
422609
456851
422846
189866
581216
45045
629022
588659
947782
587086
136219
873494
952706
919794
592509
212604
58454
720439
439892
558089
72659
599736
922552
351516
742603
94604
991761
769554
576684
550487
862085
703053
276909
423029
177666
593619
386232
100228
232712
713640
755475
948702
456900
468907
216845
921501
424292
827376
414512
729939
973413
33272
87439
278207
636545
352671
225644
787063
467851
714839
428288
791699
532817
763033
480476
988895
775596
9134
635352
729898
716182
498391
339097
807963
445962
633714
168611
73317
688022
583389
565168
323320
267703
1716
542068
861904
199248
629034
920243
99896
735981
705707
803063
576628
154313
34109
939996
823282
745968
953267
348569
559686
478182
452770
64996
818846
48220
145694
176112
727258
606407
844713
348693
834102
250990
41240
916989
78710
508464
674335
215271
713222
404635
194298
249415
756152
404514
75285
990019
842612
453264
611918
539288
658248
585739
46815
174885
496447
88803
819094
806192
862208
998414
998340
691862
461075
792611
774193
362329
357834
501859
208598
566861
567203
99816
325963
722008
847561
960451
15847
776744
8756
371526
153502
629366
616373
579822
805468
232141
577333
610070
380612
301965
725519
147428
111410
118742
191151
102420
305926
237934
33915
87622
397866
69701
347397
926965
940240
184295
801165
491406
337597
891806
376877
608775
292430
114148
876077
531004
653301
818084
629890
458519
595371
310360
724609
919418
838439
509487
972211
380204
913275
903410
801125
325128
323923
278321
220109
182870
821832
461063
16894
902079
907073
256070
393289
681418
102580
477512
309711
345131
509246
478275
914680
121706
642897
859657
568567
131106
578547
109118
135961
715097
983034
758162
417267
855606
704029
278382
817742
317583
201581
340969
610898
825748
257781
253416
443302
538669
80779
356900
49057
318979
131318
918800
494787
815158
743093
587025
659756
168120
882681
786322
70781
234995
200433
531433
657881
582800
860639
7966
474152
146331
507446
929081
932148
367438
122416
114531
649080
836959
460279
958365
564436
945927
211345
452560
596173
819284
32218
216065
735408
853169
110844
542233
144578
505968
987611
822342
520339
603634
941132
828868
709993
311434
365479
249417
329041
97082
215095
550694
917486
464352
774230
721602
993801
971612
719692
695561
218026
66291
688863
284345
759232
564202
339320
269225
877638
181677
192099
889926
677955
388878
387540
347877
968077
994219
850804
97480
166000
292684
263578
637571
237940
314958
669158
234997
721848
699599
499988
513203
993116
977102
309927
120941
63015
602572
517902
759700
365475
902785
25289
693173
184081
213809
656273
488073
598716
876928
988590
142804
90072
433486
291498
948998
230265
313347
968444
400656
209111
547043
113852
216567
298140
548262
536592
73977
738219
811200
877119
964877
951686
446372
250919
181069
426207
838874
187842
810113
95083
354640
505028
281486
547536
943132
150584
940776
942542
688963
985798
849450
71064
850353
935622
8706
614080
688860
930305
988160
277586
442741
585460
503582
150798
125351
623541
832632
330069
440360
626591
83520
578558
997181
828311
238730
550500
182829
302893
584452
898961
500541
88736
606053
407228
920857
497080
680935
136552
807436
98747
932326
466740
277747
656603
421037
821126
437879
577003
446951
813746
791052
290421
107970
534078
261037
339607
421385
693503
694513
853031
251118
397672
410514
512057
3981
380266
350464
82177
559117
636156
648901
71817
176970
525787
992830
106641
197647
587618
966773
162925
183228
491761
690900
890518
784586
795495
451271
874036
20483
420117
694015
830383
845192
58635
709436
421320
850631
45086
567332
571763
699955
568830
381448
927604
421795
500918
778828
361307
7791
514711
528924
239174
850813
629184
647684
501075
437224
780921
933434
471650
363778
539552
814220
721339
188211
621475
590390
226320
842317
427947
641527
538311
337279
436201
933468
668362
273243
906009
208968
913204
228612
29179
574712
908341
449247
345737
807675
779026
383760
978085
595482
378404
518286
993251
98236
251518
652619
993332
673402
144564
229316
855556
340692
590643
578336
395935
580459
346493
972038
614222
357028
229027
198802
92990
837415
206218
958300
69887
136301
433766
757385
679680
559690
297136
142824
871498
242556
418000
45557
546710
779861
14747
730900
534171
435705
968660
350080
122091
781948
440518
370724
999610
165507
906793
227397
626151
232631
40275
378008
242957
848810
946881
577887
968717
144562
888546
590548
680013
90222
771547
742650
667335
956925
360233
700380
378701
256351
388065
595459
915470
268398
481055
161205
328715
63781
83066
852559
179565
7685
378136
18715
273222
90936
541872
72946
953876
76750
522165
261493
856560
373989
948832
71797
551998
751939
702524
540141
91812
496980
135090
719705
63970
378128
926796
352282
402171
836275
90186
350373
857878
141047
686053
41108
740010
869561
403887
249420
254859
952965
277339
205113
537546
709491
454665
946962
256415
736853
124744
366684
493023
272171
411226
286624
452933
644220
290484
997195
446308
740622
363491
493628
492334
991746
617389
246262
847808
233380
149439
714633
737738
951892
194203
972818
574620
838401
694221
751961
993071
282627
85112
925666
97811
422402
927946
964882
425501
631439
514890
171160
254747
875827
598549
560613
63626
198781
951088
115673
130359
703567
546142
747669
500311
796105
774657
720513
801278
121598
255265
474250
679077
583653
480417
756934
946713
69706
751432
724301
892963
23147
598786
198907
580008
800436
158378
593901
374746
830538
780155
101302
404768
954433
482429
620655
107449
963979
733341
561141
549465
282332
440380
88718
734021
932167
959499
609570
684424
423341
397302
282137
695112
958213
472926
132223
775108
400692
730680
909141
973839
784205
950132
165611
975598
744097
187285
170053
76453
151607
998615
167215
416172
399385
49190
191472
127817
242658
486721
106926
888903
835452
175338
799381
210593
617928
126020
477486
685167
8707
235062
853847
327050
435181
747574
571601
88977
95148
699969
617952
612399
984710
963533
623366
280043
150239
410591
883628
678556
826291
155449
661665
650471
106736
784210
827040
217254
62924
980712
173210
789002
770622
980265
816185
241382
536496
838526
922857
636695
725304
589746
643351
593495
980554
986824
528873
567972
304234
664977
905099
600363
415315
251526
640800
400915
42103
156205
502427
2499
320081
519554
817579
590735
264771
71390
483762
537543
368221
456998
453580
110311
728084
925605
703451
806431
759865
143859
350208
771709
465738
296462
18387
301243
437476
566751
780731
992588
256344
551952
995455
723641
719446
160986
145986
261393
369846
67124
352421
972797
136883
843447
568629
805248
503468
495996
604945
431728
508740
227640
23575
214458
67311
915113
642368
430934
540437
962353
852287
27512
229792
905149
204920
18250
481146
385312
758578
530507
383063
886968
485019
413821
624882
933245
633562
274901
938560
278548
325307
779095
690562
999765
807444
67480
612862
289172
736083
178761
366185
182470
575764
436476
613990
417289
704795
864508
552300
110673
97786
827718
388320
968462
520229
259549
89900
295163
14673
34732
838254
159800
84079
272775
7916
691414
385097
616693
170822
627284
932529
821483
575452
917624
785962
308144
787351
402388
940513
691559
693936
319027
675875
674375
874367
674413
931317
114030
414319
319844
369029
516378
605898
904926
664162
686898
614501
754317
217160
779277
117303
110724
922443
521150
122124
118198
847228
968150
660821
381711
675265
739858
817904
932125
552471
325137
602970
950120
534940
709277
504633
658280
184514
271747
173956
377463
983103
630837
577045
861740
144149
870272
129261
675621
88096
372951
777657
557912
318490
308203
733551
428496
686279
671530
573787
937486
62111
659576
727071
230602
249931
78116
940863
910290
569863
427126
184677
9034
914388
284551
587218
159452
239005
619182
427666
45191
387080
703065
905490
647301
868303
365190
398550
762685
711117
430712
185820
764378
791774
323778
158953
597824
106088
977044
875971
562992
294708
387275
420752
519079
358727
383947
923548
766708
909631
436576
270658
11955
486098
616516
485461
497190
439880
150272
498360
595649
643960
353911
539803
909788
808426
121944
188408
187923
502964
559074
185274
179287
79606
789533
485984
884581
565343
456221
663332
527225
251436
930687
696719
969972
144751
795020
388220
232173
666138
727991
130710
224911
981899
530356
520012
814402
136553
657992
350896
848435
718656
296590
865857
836330
136090
707921
735949
559788
703265
305218
144555
10153
649873
674019
517831
697063
849328
544842
899641
554084
534733
545371
704189
378879
521221
412345
596115
988584
485706
227159
545714
45522
668594
154198
685989
814007
956701
107239
458660
945945
682614
746780
677799
761061
632976
219942
562644
387037
696597
94642
495241
555482
303100
11015
243902
811565
303702
675599
660087
388347
228037
957601
404155
21199
914331
11576
84536
533415
355027
547170
305235
111018
225893
594095
508159
802903
973897
369298
169637
931920
527592
143330
864589
783119
663491
324211
947142
147320
812895
329615
113123
41335
625839
201997
907675
200558
922329
336329
320375
745334
755746
136384
970555
759421
189275
893055
27157
387005
43454
687003
930284
454180
311403
657918
185723
551422
158020
554035
989047
975553
420416
78015
202551
922796
309082
179148
256058
848998
572751
106839
871808
968707
734662
736634
123932
451741
133892
407602
234657
994032
412658
268645
682219
88951
778962
921369
649562
505970
843691
968446
578269
195462
82237
928899
608748
81559
2958
865581
985577
979448
918250
985113
85976
179114
808746
416863
589772
74468
147129
355082
450779
584973
705263
757088
752396
16265
306839
830450
234323
436966
207449
613393
262634
610759
284974
55196
282055
16013
505415
137148
337160
509599
192755
739640
78275
747251
476172
157302
778241
559718
913903
391594
277810
102109
700297
609074
450257
743276
51023
443583
729933
342716
331209
141915
484811
774397
242173
905017
529686
300080
914698
160630
874555
669122
70266
918239
881765
627407
506359
803572
365924
854963
37964
847347
812123
219997
684606
611822
810897
636483
330717
778699
12443
743108
306904
893243
387971
83297
340603
562004
352649
459195
106888
35336
352492
656904
173635
770914
846592
795936
480009
270790
226495
142754
613174
212007
106086
346444
55391
649633
588221
703963
262124
861085
568443
243085
901516
221900
871454
123073
836546
355684
32654
96280
463440
684707
834846
548267
833363
422701
289393
939737
579148
997662
611378
310450
44802
870047
879981
873483
172747
720490
498118
627594
642237
21239
269473
346122
472121
76805
896435
262760
802080
721818
969029
267722
848724
997918
62806
452200
96383
296521
392718
394733
627160
650593
580409
669944
120811
86106
483914
678348
462204
202657
711617
45280
82629
442722
396444
517705
130924
830372
41580
499541
321373
312755
765638
109348
837564
221475
73035
918583
984853
786037
354439
334342
378832
77783
682507
927389
333146
240332
109731
874453
767262
371284
598055
83183
393239
960006
914045
498805
160301
357615
308721
553471
936972
357783
567789
712404
192774
600823
65834
595411
4943
178496
787165
207956
60388
513331
886329
402924
449027
313739
252931
812370
951936
165009
718239
137941
216165
106330
995159
869356
677837
365243
178512
212205
346091
273480
649151
249529
592699
271941
523308
136028
905626
827588
367659
429421
159533
31339
760942
500405
332233
623557
424582
330801
753287
202556
67613
908905
909451
411548
795280
861732
551364
970771
916096
925728
346896
524066
248668
350735
608757
402949
577530
356344
687463
576295
736248
315506
465487
250005
906481
427124
14394
808583
113234
257558
883972
49340
569418
680358
680875
949982
476924
424220
564002
531614
126768
651075
34804
731753
657474
729378
932973
585707
628702
642071
861397
429743
646240
274388
359029
285736
634819
163542
16281
64534
996832
160539
384770
734066
817861
853743
971741
138273
484042
534502
829196
724190
561641
947063
248762
37099
555804
58141
855521
477416
213324
605943
957539
478052
363336
244122
352531
957241
900225
683013
919092
629396
404631
348704
227133
515333
71274
729890
90664
783235
66440
763127
455758
873025
173309
319014
267542
709358
599911
95004
992262
692223
122353
994943
283958
69191
315046
381121
880002
239635
480032
421510
185743
518779
29110
123051
165719
898233
495281
541246
97365
379703
54185
86991
462902
529851
421510
813485
756026
6833
258980
59228
262284
942817
769372
847535
935471
231825
990100
998631
337124
968542
405300
997352
232158
511266
887887
277593
840929
900956
655962
734096
936453
658387
882025
952811
945286
302709
828791
862989
961500
287226
902040
257325
115440
432036
808748
900883
52429
348169
87867
755210
371290
794195
641480
180933
748555
383765
535631
850336
131453
571385
263017
500792
821220
383721
863801
590602
488052
935049
786173
380730
159938
367989
134879
959037
9888
494464
3802
248084
329510
76843
917765
93200
421648
385539
19078
114444
270739
396862
525978
124255
756802
753708
162928
561980
867426
401719
716862
577154
831861
634834
608813
105321
352296
136677
386958
523315
139630
488036
344972
245391
774506
525715
48675
927209
509134
884331
414318
781604
1385
30171
123444
878269
129852
105008
582126
198827
977090
937822
336478
649511
787935
653642
841671
195516
210797
411302
748327
774290
412050
935640
417972
669440
717110
674762
208359
582583
276517
609242
179810
727384
881336
967685
265339
888217
459382
361875
620153
535245
972281
144751
820252
768442
403097
115764
815169
74934
275220
50678
56535
627255
675454
916713
21962
124478
67710
48915
432868
983885
278432
9959
825209
27733
910884
333129
773682
677838
102609
856998
992828
70122
978901
900362
742539
431922
374807
97307
450862
526789
399193
314778
233549
964640
196609
708851
37711
699587
826173
640913
465963
93372
521424
871286
947881
509307
721062
175313
817114
519747
167734
285774
25407
459543
60481
855490
678858
238609
716203
955298
317096
38609
446479
475085
872664
761986
388282
679401
545756
875914
840640
84155
408523
599469
253985
767247
413570
219195
394935
203480
622814
686407
366476
722907
895754
549021
101965
731809
980303
701315
671141
906782
934674
396973
237265
674941
75419
463924
786779
427072
194574
683894
816308
75550
617962
855249
6592
765185
787057
144642
538886
772659
438408
951110
116612
889007
127497
655722
943503
869678
797961
310491
879230
857927
332524
532228
744452
39901
538510
610152
279482
173530
818740
110479
574223
48369
857644
66906
881748
379867
12827
182781
603906
119017
743891
338954
894516
667198
333198
100691
764236
25995
357326
847695
790877
483122
853355
613222
539944
38083
890704
711410
582395
405001
307092
756365
560070
95100
696294
732234
94022
777581
345733
360356
456884
845212
713534
127816
837701
869711
207517
991079
716088
422046
482708
949075
332320
554082
209328
392028
490939
90520
279757
375456
967672
763876
720900
743216
602961
140293
157414
329102
760084
230242
531660
303449
201896
655741
927802
99331
597355
254492
770369
252369
807554
41360
371655
918842
820672
518946
787718
798670
706211
431512
209322
683047
241168
190308
662022
870892
924221
363418
618699
253933
938748
819491
238188
957210
251493
342296
335266
39868
440878
791803
860099
910606
37491
177559
619361
792749
128958
331383
206577
785850
732409
218978
625865
813910
969968
313814
891074
24675
396182
871710
961445
10179
921009
390798
735257
555576
647989
19109
464518
491506
604427
180820
876637
624619
778902
232209
493081
651564
101153
529689
120399
423677
338
894806
255583
922720
959932
94880
195593
832498
50970
623029
969971
646794
770082
757562
825831
841006
634754
608312
886085
753014
895450
616237
774664
468248
412731
762672
456547
184552
217222
565892
275784
244390
521253
795206
191313
265079
983233
716561
508199
572168
839292
598703
981027
446720
111442
155213
26561
534202
477499
575281
924343
130820
545229
804869
306782
962573
211649
779957
944382
502944
508161
384851
817101
837085
833145
11061
729449
573492
755895
726081
274761
328595
639230
226386
783209
865352
172865
945316
998452
53837
535569
913993
619433
439997
311415
232249
516670
358141
473843
296574
386510
203423
721032
253359
842154
692446
197031
498278
456855
683339
165331
426434
72562
401017
515025
52905
766376
719023
74460
569669
227523
486284
583226
382374
939170
755231
830570
679236
482251
167190
906805
124383
482577
681591
734005
839244
207845
297464
43246
438141
587777
408860
747886
517990
478458
960228
225867
667114
321062
623478
368718
754406
955475
805339
380946
987653
240962
411805
220704
988610
308860
945876
261122
922444
726360
695452
221398
540474
585838
480171
667725
847661
550762
669121
416372
990093
187050
955803
984687
872746
487890
682350
830543
964098
360350
341948
496701
721712
983723
256569
933817
81678
372401
326500
214267
494874
180179
178888
568713
64250
768223
4362
178301
439928
825569
864002
437610
262663
378840
273328
466945
111263
856985
425635
497294
105858
987201
503937
377252
546437
689783
148920
858435
224874
812518
299735
504382
338694
499320
305132
37676
256117
223180
414323
690986
734463
30083
500164
659967
577797
338401
141620
69416
134709
717391
998174
958825
483437
428753
745735
669438
629072
156810
711780
672151
546360
275753
746854
314074
441683
206439
800247
181277
179061
900644
129558
776265
417571
257228
67031
990896
641373
322537
789961
418983
928558
456484
598122
897524
1329
256066
788101
791462
827568
919717
332569
444163
802628
908714
221953
904198
330227
215982
506603
508811
442610
287968
789513
155385
952688
661884
162764
124474
514649
678452
355320
131424
884573
209383
165433
878348
618873
199202
87851
754184
425938
962577
414184
487813
395103
601239
984180
497652
367172
608598
196354
400911
781937
715587
848307
646640
440738
297800
870239
518944
755866
211907
39580
820201
223648
758370
320328
388867
54352
577886
557588
232408
119603
680542
875974
463127
636744
479556
279960
413161
299678
655553
634910
274593
886961
912683
419455
361665
730481
204506
383023
624250
811850
805390
516765
355249
668668
682297
551778
129304
739098
982172
535421
886170
250749
91751
904718
729354
268641
649454
875224
449068
57067
93141
894421
998292
481451
812849
370597
151722
778865
744231
881351
359579
659610
286279
590270
371768
367355
756006
655979
552567
21588
203108
4700
932030
293676
299248
955600
947504
226626
189439
837633
517124
798674
647103
917246
556903
652123
609751
668220
303989
261381
188811
658102
840900
697945
545004
100080
29008
65122
599741
424825
654294
621553
413396
63735
964359
590150
202895
3188
932888
657864
393906
568808
526276
211703
807040
329436
966816
427744
62795
972391
487852
432407
556611
494775
358501
889041
903212
80003
19058
527926
578559
584390
12892
334074
598061
645529
26627
334755
461284
42408
757656
187463
266297
86550
516456
59074
850822
504206
440963
608234
52791
481479
951190
235569
699433
287467
604529
150077
731931
164896
825641
215115
951751
983400
79572
983685
235111
487500
932696
810242
703656
839522
103338
435071
262267
557076
42370
977279
119010
875414
803847
843768
387613
26884
966667
664086
639431
922850
150530
994820
319736
247888
232896
202284
272249
31714
718393
628476
226205
351210
838105
872886
991809
933104
863380
781479
282849
77235
807289
524228
539263
501036
156590
963875
857867
417761
528021
371122
156027
404144
174988
425235
990909
387609
84169
354124
36045
388795
996297
14192
77312
492090
61361
687831
532017
885017
995689
385221
917619
706744
546835
477105
400756
876644
791965
556543
542554
35749
296350
530141
622825
227098
440863
73078
473608
965416
290807
747275
581600
902193
223151
278336
329381
379168
155229
714447
636940
781388
625162
449178
937855
750408
162771
380219
378595
998882
359441
797317
364735
679696
796406
945256
94522
5963
523130
591503
518026
92621
90938
343175
239264
796015
241783
904273
239000
664794
228016
941678
937542
983587
396237
737179
39708
290351
106792
342854
808225
678942
280218
528402
897193
660387
862879
411581
643826
349472
286319
296664
764559
267715
558268
910918
730687
109407
968024
925326
709063
404369
514869
373396
845003
129203
75422
340601
837360
968239
14313
87120
209852
106042
412267
587768
418097
145269
336689
325583
948367
986814
612053
59313
861970
283597
360868
200095
818231
385027
180747
378883
469432
526069
199055
763750
262634
383020
403839
694971
106192
17510
588254
245808
62852
660900
965370
388245
216670
753179
11276
545432
127614
143610
376590
446404
835548
384798
769960
363658
204389
607524
561904
10493
507603
550572
483256
602521
547787
937991
199765
846571
275948
545596
732838
910239
830187
979214
666159
746629
148847
399069
828886
501356
829785
167891
678356
112692
705279
674711
918709
630760
681196
392013
986565
227975
749371
560787
910856
350470
723776
766219
711164
969032
173894
66155
937371
428115
232816
265135
173155
962784
442946
388735
326862
555989
568765
406077
315492
442340
354005
772814
311013
229614
529641
422552
62959
305512
989489
421577
937228
924692
941786
619933
218234
129945
17989
281293
910037
451371
774114
854747
741804
148740
755324
763541
333931
614724
311018
328949
513385
440513
645591
721899
580288
560343
169087
140618
922513
837758
72338
249489
751029
433967
192789
282461
885941
307454
660045
113793
461684
234030
514284
29540
139521
807799
476050
895145
916498
986065
312503
907626
902215
874987
793088
145296
498260
617830
56678
683585
259889
443936
322587
132476
345481
164109
269457
69210
866558
656864
78892
989343
639613
180049
94767
79891
810727
663631
284561
330230
574930
491976
205583
239546
744486
667746
976895
654104
233755
664570
836760
73200
623025
721942
225858
99629
839668
813323
978077
578640
652209
27239
123542
368756
111370
641175
12664
618536
291886
739383
955331
885225
689847
828239
335948
424438
412572
536583
212928
504412
861485
153523
740289
654057
953172
452445
359394
340901
49818
977552
600465
693243
677401
728003
506353
530206
798533
964792
145144
144048
876548
686772
413533
991038
218409
174796
349518
690300
116252
886706
470779
504532
120840
900964
234250
782080
374938
52989
572715
676832
310599
885829
605879
830520
171570
545546
46194
601446
760500
791778
523858
854317
530384
365194
40705
287774
640611
56110
29368
769377
880250
952335
41884
172217
424674
509335
921067
762990
236318
282096
418290
278277
546401
385631
612934
443952
261613
9820
161607
842040
328280
604355
359357
710020
56229
670822
230411
469469
155564
451510
382633
524135
771776
188306
157682
141898
118098
40097
688020
40793
398744
193365
832197
636135
592632
178230
601516
773984
324436
910945
613973
175588
488281
523935
315504
748104
509117
615706
193909
378816
127791
155545
977427
823240
378060
911672
857787
821901
987265
936582
106657
636245
777116
339575
64787
781070
767000
304040
374698
848997
589482
65807
500675
971952
516099
358980
33886
645258
861323
656880
15810
351884
783512
388337
529758
667533
533898
193304
108143
301678
18162
196842
82211
835338
129842
226787
861350
753244
690808
877975
270648
736287
991280
334663
498262
79482
860308
902849
908233
531394
917403
275458
959746
812856
156934
655929
740437
566006
299185
999494
169194
509036
405398
796504
753009
127770
98882
18444
892776
322037
360241
74798
124550
43037
271978
887740
355615
107245
276249
481648
108827
53117
479228
805737
24036
118746
286540
860640
381998
161781
186458
583554
214049
617359
810991
361620
639892
395426
499783
489475
436225
955780
467654
364471
480515
667301
333887
721837
637108
957249
209819
752086
856918
687209
761028
514302
747342
654129
661380
661415
635606
108085
638432
127422
196639
702834
873162
91517
45625
350851
861717
230393
305782
41477
972861
997510
53494
798973
842012
426927
715775
606670
431256
749324
949140
304101
54430
929123
264341
175871
917356
84175
677978
194226
755543
633257
969890
651685
965120
931652
704311
225732
217524
101401
33129
354534
924426
740331
441195
170769
76601
202760
16470
140082
918937
184826
531921
981350
643496
418657
611387
407848
783516
382173
518290
721571
273483
65048
653880
317390
203851
996459
680809
709366
143748
936489
298208
778482
530952
860608
85993
559200
35677
125462
509038
31677
993158
994212
125902
67116
969761
20955
282172
885680
278338
146340
85096
129521
790741
740209
254005
927914
708911
242207
520144
137144
50676
497539
609879
274708
482366
362620
486848
535553
787580
664138
451471
677498
699928
135108
900345
493640
47277
522757
33393
51454
156024
665642
563241
871489
246142
971186
529147
742933
111209
389845
646922
929027
722382
678427
236591
102181
521215
472606
661217
466861
73505
447472
383077
177663
444757
635001
197554
340717
127644
788595
940417
598449
602784
537427
980772
540875
646385
957054
109833
961062
311803
97856
14744
278016
106757
959119
387043
287176
263948
374112
856969
766886
160041
280332
367643
368588
876445
889085
307283
649179
615059
339899
702941
65868
183131
527780
45857
247045
43586
925121
866401
877080
490683
385111
5623
88636
355557
109779
640849
343000
272210
193348
514298
397091
941711
410367
486600
105221
20870
208118
491155
484363
231345
184092
200660
683557
36163
681871
233697
241305
762810
522530
527163
289156
365562
303717
579394
165410
114436
144867
629200
239724
374128
234535
477639
617619
293512
44613
582185
793263
664779
616270
257071
249594
430997
893696
298929
466740
321860
684311
123437
792879
879618
457858
546573
156080
700668
861870
673130
651335
62990
527244
965531
623903
235603
465259
457578
988269
673449
116091
250605
171395
989577
898976
883629
249660
66220
935433
904427
560737
917365
469499
985084
314885
947598
392723
223385
504484
65530
196707
850554
716357
704791
622268
426183
288308
181596
251823
742772
619473
975082
300411
85205
343508
455113
900789
194534
504287
301965
249327
270824
835699
363279
81978
616422
740313
975912
83376
68821
586071
843766
997158
201459
495852
407429
401901
381067
891647
267419
344596
161856
673271
630058
282372
169627
60926
933474
73226
583014
811618
780970
77800
554441
731327
59948
786783
429920
147997
656828
772314
424736
284842
491875
176795
491113
279098
692551
398806
474330
928298
600025
113366
295366
114289
960652
272564
820976
254632
92768
272629
286236
61687
38801
44784
619915
351603
713752
429793
789653
638600
843266
829872
331779
774323
48026
796686
559682
947754
775901
910453
555018
948029
909292
32693
937643
710715
782311
773971
582987
817499
30919
808005
909717
799897
168887
484811
95865
809517
33393
48086
598211
460580
276331
645831
647558
424789
890844
238246
971638
664338
357354
453217
857739
25731
369319
417258
808755
285277
256184
598570
469183
636514
159453
738889
201737
40496
737563
22125
680555
821789
676187
730285
133617
386175
562854
771016
414805
960493
748201
626089
915174
810699
660961
466482
433329
481140
669711
407217
516407
216217
991670
133934
456046
875003
337287
423187
77757
330056
949105
399776
697558
553602
444351
726915
136237
337377
402934
308898
479539
866892
956008
500878
351623
176496
724987
266741
829512
848563
336868
203551
767857
188269
398951
859833
226173
504858
254518
315032
894832
60946
60774
558724
901420
713323
731290
810752
145699
261907
67471
557198
359232
47873
966997
742177
414864
397678
941947
251698
21572
96609
305276
553416
831828
193635
291532
114838
161450
88769
66214
12633
976022
34809
47851
966942
533323
897232
217892
887172
87800
259193
125712
899486
360970
732980
109516
741304
60742
644954
848648
354370
593008
97912
738793
485499
250424
782962
738785
112919
586207
812441
276201
556129
384810
276041
518678
198517
626752
184250
818810
854508
111429
956346
422785
946781
949619
634640
596317
824182
966482
562276
166226
747188
166204
348860
101943
295367
801043
566321
168480
210048
260385
766829
870853
975439
949514
95267
879695
762750
563157
980661
878758
714398
675473
134137
307241
929159
365989
355391
783344
924190
680097
455308
90186
796098
83091
939317
481198
780816
708292
964178
719331
420801
122705
480361
702880
88115
537700
402814
750482
183259
877614
114843
618793
932137
885736
602974
108590
337348
494999
45106
678521
505014
19812
729912
830442
264665
335811
772357
156276
727229
105901
208375
843532
184959
283824
701162
125118
547191
580600
272193
628796
327079
314498
181994
832610
47030
81851
328876
864844
814332
983837
308223
700544
733500
723468
580616
401355
768172
747383
33981
421420
642919
748634
593105
159296
384111
269505
429289
874320
139037
847522
753572
805613
983766
133137
138856
832828
532741
674195
809455
300052
296953
610130
360969
687667
902504
347943
929097
661772
477722
402363
912854
656697
744490
974208
975888
553394
608251
513777
198946
204941
331210
470265
937252
530160
694496
663482
148444
647281
907647
230802
699884
51843
407512
900103
438586
156494
103746
418562
612651
605065
74341
327512
570024
649279
192180
915203
528550
533695
672388
102103
610720
272929
70304
217535
267147
424964
831171
111769
674771
465303
95189
814278
688884
148960
95371
996747
452562
810766
150659
828514
822677
899171
953078
422459
358650
164737
575219
960981
738198
831706
383138
764541
113803
769514
829803
19358
104259
150882
925512
616186
827576
334022
34222
568714
624693
738807
528554
777978
897850
300150
751241
488265
793148
676630
677107
640363
293732
768328
647178
469592
658194
255107
555332
118909
38221
805000
907935
741492
540150
322146
248171
552531
957048
104648
539369
556604
891042
64979
235349
224808
10102
229031
930909
224971
739089
574625
681829
418580
771832
896285
311318
729696
409136
790295
278617
163951
877057
42547
975516
209844
460429
671399
637825
89882
498558
628758
411371
845750
33139
694806
495910
39502
172892
415295
705348
931892
45056
25019
228974
359325
540808
177103
855946
172473
929833
954920
434052
22498
818681
81968
873812
484883
858216
464737
580280
996258
67378
204590
797437
846188
633638
996894
983856
513747
574943
399125
3361
967810
703608
794399
610700
160338
919532
2835
439766
833539
978280
400425
460718
934632
528977
93512
662380
386054
397629
166743
537573
694285
803414
273330
801601
897093
438620
868658
657876
646815
117354
201786
839727
806436
3787
774107
603698
795546
267622
350373
827226
64857
382636
764585
372314
500854
183565
701656
916929
266191
227255
355533
527074
566858
965929
365402
345066
103695
733565
713866
903329
513724
570824
334416
738044
935832
469595
20288
173292
945727
705169
852742
373874
496655
542200
774045
23758
175243
750031
118895
277164
35934
43628
887787
950586
512806
778271
296754
276564
424197
969336
670177
923846
883406
982884
56811
403588
7818
48467
43921
427539
679178
82460
120389
261710
249336
178388
596861
627792
8625
520156
529527
244642
438140
404705
313795
673447
752555
522600
615152
732699
6684
638149
86679
382931
86871
335119
886219
646161
237391
549752
350866
821334
382373
199707
312469
984535
395398
335711
445039
521583
641732
892135
723447
230623
572298
293343
542494
353631
883796
884611
296463
748305
776040
399550
251429
295560
135368
450394
356129
552942
52136
333186
231896
610508
940631
276774
958136
83301
671339
632748
427072
183322
548372
402813
979932
853919
668943
930777
756505
20854
187144
548267
690952
116795
270861
456395
368991
169791
88549
150086
25055
911341
991643
247370
802739
555932
168781
672901
27833
131470
439582
763125
650479
498827
528586
9902
201433
488748
114073
840095
577173
905668
181804
40518
719562
500512
730371
180825
787976
398354
672639
661304
735331
881848
856918
818245
294119
877618
491822
856434
254581
970355
900379
246492
574349
278145
451819
624216
297362
62587
723556
159712
479609
518569
431237
826036
320211
791082
431332
990243
478582
900262
148592
274120
121895
920886
109799
687574
591790
458820
875590
624547
705265
194482
553731
429496
611873
22154
250078
891893
817882
104020
267552
206852
457723
979095
598820
651933
144075
719765
274961
473288
760131
12409
430261
248795
371082
953664
522370
301411
26583
300136
7422
572974
601925
886933
911302
736764
982887
939163
161101
226620
837696
40590
244923
291022
939271
594930
753516
142493
501883
717806
623846
765815
278608
631169
452559
973001
229410
797023
76373
848583
414435
223609
726819
815732
393048
604705
458328
171874
816412
211515
221519
91866
89837
746653
907646
777488
950886
691001
925530
643897
560199
26788
388854
176869
234202
604004
789624
369056
262373
832297
112624
449163
346436
826831
706110
954848
74851
614054
865539
68332
503191
512187
10017
533101
349455
341229
535231
400750
533124
688587
911981
318951
787717
58982
366052
64664
858845
371057
522984
551144
363226
928154
730430
592950
728865
687039
381118
300085
762576
375852
451066
90553
298228
771393
640506
960028
67606
235850
959130
828023
405497
434413
332561
491809
651549
7699
823615
962556
143749
856762
359720
732541
511774
613455
436994
827943
573230
815223
131821
338673
511776
280939
892357
484831
173327
193184
5279
178808
255045
432418
337156
472710
881516
779758
935202
242703
563509
707642
338744
955025
816947
611441
628
382848
783167
500104
46841
698818
36306
360225
713019
455028
389602
635469
188095
580321
919634
522053
268178
674284
616011
71051
177894
557880
33730
409550
151737
252669
76410
745257
884580
303645
570829
202906
758388
635210
606680
955895
831220
935407
710174
562837
934997
900484
796098
896267
870106
540015
500171
559533
607759
142212
932016
227936
615117
429745
108764
921475
903566
898271
330348
819085
167114
323065
539687
858060
425724
943549
274511
27371
917528
891170
162261
959910
594186
13021
35484
156179
465278
361713
652382
930798
210456
271485
695636
963182
932196
121135
192356
155071
657323
596333
748991
350115
212108
506987
27247
354500
393571
989785
700563
612672
938719
231675
725379
838449
653834
686984
137449
879423
207471
129009
740663
101269
513744
776359
994302
618669
336521
164974
124401
770835
730532
398657
985870
342131
202002
904136
484214
162121
19234
841067
429238
884382
932719
873075
537763
939717
674662
92818
928439
886940
999435
512257
858910
643211
699303
678681
644082
365905
983907
657760
663986
79323
847280
836759
120667
492069
562831
744243
735808
834710
244558
356998
894222
962390
491839
170580
833111
413336
495537
646790
352945
591746
624721
519557
183051
752337
436183
840115
573479
3869
253017
573039
904429
120251
943875
16590
105505
550365
301142
314018
459302
651554
464090
846859
927278
836734
162192
356940
480624
21392
164125
230716
44792
484287
209596
497725
573590
14410
873968
744369
457213
6871
269767
324882
938322
991595
224512
963263
461236
931308
590902
83129
911564
509042
643242
976841
517032
540455
93104
230917
775043
592531
117566
661687
148433
867782
934959
383273
428145
421841
885938
529421
600014
822397
681745
581361
772565
428698
466939
215779
223731
573392
610418
80176
906595
62262
686454
927266
817764
572449
936530
95763
476689
726063
613130
411799
390228
843586
998252
203384
783983
640296
562237
269746
70408
418966
682628
328027
493410
633365
578117
671759
140167
49666
629245
518669
43066
116604
55363
799817
408195
570319
996468
947696
101501
746066
408888
577875
399744
546531
825375
826890
670566
525293
953033
508541
84509
83976
286587
181386
681495
352969
399888
682163
115319
928085
345108
673006
181862
269365
636961
274764
800279
233225
628370
914379
461079
905483
694367
101196
281036
630286
532602
965247
712084
888806
61684
39953
639807
471563
852710
952373
76888
209550
764636
396021
907847
381866
470808
4445
173615
801346
861764
518189
197990
494737
888561
943391
452717
840227
271225
237223
433942
2700
638491
423512
979998
515864
87904
941308
398958
900444
859412
459834
494122
278920
800955
355158
76586
49834
571141
537086
836248
818457
71971
339214
506111
945684
433650
740710
99447
273282
983906
275327
625366
811164
25804
601320
95575
431157
920921
855332
823569
901773
928849
593998
987237
919760
489306
338922
176835
146777
149810
483843
182509
643316
139634
597229
589023
507009
669944
959186
840075
968803
400308
508515
310573
677951
153414
243861
582432
415633
882650
522382
557993
16995
101332
629954
264816
852724
467690
458910
206645
823798
986339
122426
897517
456852
334818
859114
779495
352620
152863
637019
69224
936219
742448
453153
204474
185578
518226
442855
469072
773103
720848
562671
63113
845693
359745
791131
355028
489541
87305
503693
303110
778662
722990
921310
66294
189908
443767
306471
637474
82239
236354
886233
927368
884333
67123
318700
102917
612151
367086
887530
141424
346840
852284
508495
500135
343442
403952
62769
520664
512116
718215
533544
688654
116153
701674
915719
151310
664838
137064
892846
958872
144254
972305
831155
340874
925428
696575
727426
953975
916718
658697
365597
445380
786180
855901
86457
864375
369657
675216
255401
424176
701631
305008
725166
867322
458424
50863
333598
220016
987112
587803
750958
34354
508576
259957
796893
312041
529363
899160
684146
179236
974623
275533
514230
39338
63129
215981
749699
369046
485453
630613
318328
542720
17649
172467
466415
71067
305345
22511
471591
422390
186919
339744
849927
158131
589481
245323
747808
459138
727675
820002
795941
245091
62854
485753
821038
996738
238958
315305
460123
79053
1486
267443
903091
833189
927209
81230
701029
956040
644860
578963
821016
718469
110765
425485
902495
386747
418470
970598
975994
806444
567685
661668
741887
484026
595396
655115
875043
658601
480808
678326
720622
794775
275812
897649
176955
647257
983938
533455
523355
548881
813336
229868
443846
855894
563075
734619
522259
547866
67118
273572
39753
824287
816598
114824
992783
165904
108585
208891
867661
736071
328291
464323
857301
185860
261736
172226
886381
896416
657142
328484
23073
443005
605913
119096
598681
597446
697799
631903
630895
499065
319923
937048
952074
719082
915600
38903
780873
819264
496454
843778
343671
662951
210091
210570
551712
175011
305664
355637
670502
467014
410916
368506
379926
244892
636857
361654
616726
198583
660006
825423
115382
636620
597159
88254
619107
973372
183966
392768
319579
802602
496092
989817
202197
198243
210567
825503
623072
571775
194953
850228
624604
885298
33238
714223
208444
270378
949914
630593
27767
134986
477492
484752
735232
654297
127731
848258
528638
135866
273158
415375
273220
125663
422987
522302
947683
278686
86351
831876
60493
956333
455765
970640
113596
232447
215078
890514
152670
490940
878657
993928
936149
80091
202380
609118
279717
552140
372021
231380
688572
861476
870925
56441
476747
520730
156386
723696
190870
121299
532955
859933
305211
813288
900918
968228
835494
309619
379494
442097
730890
729989
156842
1552
646754
132631
302720
645571
975092
895259
694744
294608
815402
201359
655410
657102
905462
763915
374641
495549
399771
575915
701369
390568
782809
915457
427734
305466
134890
52981
760737
739195
430356
109159
278754
22146
540971
294175
304091
357140
141823
322622
287796
537011
772691
142957
499247
880583
894748
246444
40561
820405
900650
727724
964662
748488
685444
957655
65897
180372
566434
198755
733348
33198
52015
744591
109565
830097
202680
196667
681203
941004
101818
305842
343109
549155
259546
400032
923663
892858
609797
795948
136765
473720
128995
749809
934586
345383
4077
440490
275300
300912
708311
198255
391267
762331
305233
693229
745682
442411
794226
79966
999501
396650
335645
157966
475499
912512
749094
452708
802583
793315
765334
747755
651037
985776
130499
5688
728176
173082
810695
804146
493898
909421
225711
382925
376928
107313
652526
149105
625097
205624
682392
19383
306760
144042
889766
292265
395522
348883
676962
837510
316725
295422
595343
266172
811668
853596
312034
401850
484351
546722
790539
812177
935556
57014
184314
379379
960362
797025
404280
889627
887744
132721
314381
403219
774693
891783
33760
731022
832321
119801
879750
687399
157710
657389
72797
915783
572818
2855
442627
990296
130519
97913
24333
185295
637910
128002
613761
774439
368300
164171
63484
971873
985844
490047
343790
660311
590552
755279
167552
864323
706480
675956
283508
521820
982156
862832
379382
482730
349860
499796
904438
821079
399172
17897
20507
485154
760206
614302
321131
30177
363276
450947
920454
678875
544262
634223
6586
237563
98725
624901
978634
458843
552876
556600
842215
286730
115783
51438
625222
46007
4737
513144
193736
44841
94496
550719
997426
248149
131162
139857
954420
648951
72723
364698
897556
715909
470855
99057
747084
827488
192341
784156
849300
916639
193529
538966
726254
644647
507517
199629
818612
298747
81309
526021
671876
265352
608965
736384
415617
369195
46814
735045
316016
588444
68081
883587
643940
656788
316825
932460
93923
845748
954871
777841
513865
783933
660454
37683
760886
514681
933586
51227
85736
119512
290709
797857
566274
142050
689948
404026
759992
735522
318370
361095
926176
926705
693893
312260
880259
640145
887071
283363
786042
158694
551731
530216
965897
509910
368512
754184
114733
862579
451626
298114
140400
393582
246690
76308
221386
242582
456306
415071
572078
110462
570059
684502
836502
777189
646912
587504
993403
315729
100540
238623
148656
60900
371880
713162
615438
455498
538266
576127
238247
740761
104779
10902
3755
84243
450979
559166
599683
145338
664998
156398
732243
267239
786985
101439
693418
453790
805198
833919
881218
40686
100579
909948
719236
502710
419425
364351
696238
152162
868825
726806
52192
578361
875798
319592
974027
554076
528629
106277
32627
791994
227679
283507
991922
372758
112979
12174
51647
885889
307222
169576
47239
325855
615284
770800
123480
567768
955220
755403
922974
810694
460701
164565
386118
721262
891148
344241
846240
136250
713371
701452
221650
90053
977303
713683
755842
621392
898447
345480
937687
283385
880965
761682
945410
532054
567855
243317
201297
200566
388471
510055
398481
79998
988660
232211
666841
222140
875104
375625
381943
955805
582962
164384
489126
765377
684725
869157
114252
118774
998226
333053
663285
51739
423025
132248
574819
816370
936948
535224
382775
183975
418332
972324
770977
55882
124571
556430
856912
880500
853859
305903
28939
944
44541
112558
279355
464733
325303
170271
125147
15584
319431
533923
888921
957012
827712
713747
324416
328445
867023
726746
314163
366789
425513
824671
641291
539845
210261
197201
643103
532719
109617
309281
891012
444324
569978
173169
909532
108327
595496
778645
346496
891340
619312
108870
937276
540902
66153
654785
67745
656771
28696
107526
733849
141265
113877
956162
220087
547871
180362
47210
874877
592077
384704
772677
947647
214342
681227
445034
570726
492349
679472
590337
618466
388185
553100
344838
356713
785786
515394
875759
507671
524974
229095
763534
598330
170656
402043
580640
235095
69210
735168
481261
252867
838806
335662
476384
523765
816425
685674
210506
578860
141504
265703
479011
95653
94678
971862
429348
734755
29757
537501
374523
771100
738104
272207
413985
458195
366758
564987
604879
88332
75174
763483
255696
267351
460121
237354
24735
9446
404319
661494
897390
875683
411559
813570
789095
529303
679579
470352
474913
761556
131664
308660
782053
253714
378925
69230
498251
84099
117442
625646
246757
263331
777923
15474
657802
386731
340264
937065
526766
829652
101380
692999
290854
779749
841877
69964
78954
799545
275644
184863
793451
543383
886150
898280
168112
714693
254206
998928
512777
342738
764198
996516
903412
982370
139255
25521
905231
496008
600541
58605
526880
663961
571859
355991
995346
987391
757957
835887
114045
697612
113411
841075
420700
166091
688694
598096
96912
621440
591005
517978
597990
322829
329671
371256
269414
113696
629394
285070
795412
585260
389360
456407
185514
916287
842196
453111
146506
823703
123977
983056
110089
958069
404988
51913
890632
508598
450645
501267
932776
744312
982962
21325
375222
711084
495201
866289
704922
328750
235779
665483
604963
688114
922274
919632
709797
434610
372303
999195
373081
743511
645324
720499
226227
541042
477844
865391
259868
306364
764267
331480
395809
1345
586588
952532
33615
418188
828363
412402
853855
509397
721857
90894
239109
70230
772016
126269
34221
480701
376861
456622
8839
82350
121145
111165
308191
164441
158597
562471
382088
464864
317774
522051
367555
552977
567553
164132
667041
454773
260506
396351
512047
405152
135865
461054
631092
667772
408540
847237
751300
949849
396601
220666
554484
57446
46876
838516
881465
86191
406804
704910
432450
623069
560368
545027
946664
146780
796973
527979
861013
57398
814290
552459
745422
540403
569625
824187
391589
775883
989060
400487
292237
840591
119598
354849
389567
18685
466786
223136
394449
136454
198747
433111
682003
966919
617284
490288
754558
712184
797703
795601
529600
64524
581227
104220
258149
371642
167331
799840
708122
987170
398087
355101
357587
974430
452559
576292
734403
949596
76515
489329
711624
999856
661229
13978
522097
292801
454822
894645
491089
205202
940625
708550
2341
542491
949220
155899
10810
694690
384337
251737
494476
380172
537473
485397
597919
965571
842111
491066
861985
218323
575613
281722
856715
747719
455354
638765
738803
321028
295392
820948
740213
703159
890934
358752
361161
661492
80102
334135
88564
301924
495947
210625
790110
957840
866443
975029
544486
440643
846092
79544
559896
578605
270079
431866
5855
620280
410323
470929
37324
259309
282547
187181
25641
749419
304432
798865
27281
821554
637172
679540
819312
889499
356207
47132
409573
336014
191641
871089
789880
508423
954838
431752
842225
420749
924901
974836
730752
58923
407222
943979
816407
616232
396030
345568
116517
948108
773812
902623
598135
28511
762740
788304
141856
214583
406687
894614
841916
681899
707164
788207
418706
479570
662473
732721
911480
272611
866592
415836
491847
988404
512806
309333
192761
264739
616805
911671
583070
808844
24952
475192
934284
519982
305661
203795
224071
502577
935277
322009
400109
902541
284605
862655
688238
836344
788200
497840
370503
550568
335735
246798
381486
349076
363295
434161
275471
755599
342099
843497
602287
841463
363199
613521
496328
641348
298876
58160
331062
104343
584973
256687
620453
83303
13089
956447
959089
452336
47584
58205
684382
560498
89515
712985
117077
879118
798159
849247
690407
880889
50446
770592
13570
900745
369663
316690
931824
971727
686952
963925
943331
403433
112666
157305
911993
176344
989313
111440
875869
62196
873849
295971
892368
748754
254264
829588
284258
146759
743907
46830
354644
487469
216717
573151
624407
781140
847501
346268
912196
699952
303618
155602
124944
973312
397932
436651
455937
939096
357585
253437
797856
981357
489162
629707
569787
203143
427995
648338
830058
832508
347878
28465
500873
540459
477167
211111
766029
61494
18212
336660
219649
250548
99308
881286
141687
984586
701819
134505
355063
122733
599865
146289
479655
75761
225923
249741
39955
403901
32945
774094
806067
261377
362029
102867
951816
436714
44469
803260
99080
199779
967922
155458
84088
159706
618697
44256
329239
862232
175640
840484
33139
910660
75799
595995
1862
981589
98055
603519
836091
224669
918112
131457
361593
185109
776723
933767
644639
568300
372755
956333
669278
877816
343671
513797
770026
201263
728241
94580
211331
192817
619758
866895
884333
606979
812766
904804
951733
574985
622292
130951
413233
183471
211797
981363
986830
814406
704522
837764
405366
135975
72656
344119
213080
596002
299708
826701
413502
762673
593717
170715
867911
881731
492378
671589
172631
574968
545908
575316
853842
691782
889467
249764
110149
943692
424137
187689
6020
101154
513971
332172
973297
212662
76339
536556
713344
518039
693776
323439
108995
470993
907761
491107
553308
560413
168332
530810
181247
425564
8176
264584
850748
97231
885806
590856
361256
65049
799651
733851
320622
270647
213388
932876
275416
56924
52547
78839
204997
565659
533403
407875
246335
68849
367408
995795
564398
243574
447875
462046
612040
455829
470368
988219
633661
705725
64210
483645
158526
4574
919773
489410
402467
603821
84658
202183
950808
676447
71641
820516
830696
763348
672189
268818
97619
540420
401627
238011
358763
236425
315466
396883
234926
337436
531162
574486
623101
50528
165551
691421
763411
367586
555397
226670
536933
469473
567016
46670
125076
641508
520631
494594
146492
833078
756097
740377
654127
487411
148869
525782
922861
291908
948563
603855
787294
55140
157165
368406
399568
3501
289956
396696
668746
408671
769411
887283
316098
606491
390839
265041
434748
148458
268225
546638
677496
39030
419740
412308
713232
755031
684597
313533
390188
17914
976411
361297
123420
95257
972943
185864
384199
744824
218096
436561
810671
782656
269239
98846
381914
656079
961435
345974
301698
333197
79861
213875
723543
282319
732672
990371
215317
307970
498828
843685
909440
534518
988827
880193
613877
884139
801067
517702
769441
982731
982481
788032
30541
545585
9377
941505
419365
943987
992831
515975
457557
834649
282748
854291
414854
445725
895678
906677
830689
356372
223675
38260
762680
381200
294996
477034
794957
476651
452145
983828
699706
423231
688741
303402
786843
405699
43938
964559
399632
512733
391563
37228
718127
608240
680907
525736
17699
988418
187059
180040
796492
731817
610882
640482
733498
674074
932253
996662
268075
494649
764868
37312
702041
489832
586923
695596
117106
224410
629185
453056
73258
403833
390464
755449
7793
989374
720209
815028
490068
790681
158925
526333
3620
513294
759366
606377
725181
513113
924876
485127
849193
315455
896045
918490
366790
293277
392771
773521
849818
767278
576071
944399
713312
190026
932456
897734
633944
6910
903410
917049
287327
248641
83483
718834
333633
903178
592755
746374
628872
639378
792876
112537
968226
510334
860644
859067
278259
851260
859025
927415
66342
704988
852782
994947
108554
757501
304335
120415
811379
946639
455197
963848
417885
618995
649323
198582
245673
353207
586924
616911
441736
342244
310784
345907
318463
532970
321830
536214
195379
558159
596701
864203
812823
864324
437271
196616
806595
338123
20562
806906
436725
164758
237224
603746
748860
613734
907713
934723
613372
940458
747541
662033
635126
616623
516438
372016
755973
657944
631002
776675
482369
904761
146389
592845
62111
729152
419803
443478
607068
791659
957053
615561
112852
151350
913148
830435
561743
244872
468883
534869
811772
993326
837600
604991
772741
570195
969777
770254
449029
169211
117837
510866
789404
447988
299533
659688
925667
191388
355486
448367
304783
138009
734966
277519
423285
843859
363673
62079
358056
919170
948316
605442
54234
967496
854961
89850
378798
80632
261627
435474
277512
798571
630326
976974
983275
30625
669726
633822
115484
551981
866819
509478
682902
339425
354491
644562
456617
190565
351586
470416
915024
782868
663038
362034
979359
571925
759893
573087
56189
702826
772490
750847
482332
414155
324812
175065
328055
251044
513997
842423
655996
771889
496223
526969
756092
332744
78641
986961
580928
964064
436797
559862
591235
316403
577903
489748
487894
144813
452608
465191
854651
826115
681336
10709
564840
958893
706032
571177
915763
182933
804103
356113
845993
973051
808586
269562
263697
311612
567038
541331
468194
824742
141379
996607
882305
179145
501889
253559
829652
279584
803
522267
888926
81510
224387
93416
436242
638994
917152
51431
347027
345022
547811
224307
470538
189369
743800
891147
412898
258710
259703
308480
368703
634251
364604
687724
226541
304115
534381
858662
940422
700861
117198
487639
206926
998919
203909
384193
817011
362424
279813
126126
661750
920807
360195
960567
262877
367680
219298
697379
871880
727982
10846
101265
635469
18988
47987
110264
60607
242719
761461
60821
28887
390441
887076
983447
907897
914378
747004
947989
886305
427382
84162
383840
519772
228282
284922
277949
616357
618737
982597
162284
12992
876862
972654
842439
498645
183572
90319
890361
125185
759467
202200
26726
413535
963275
745821
652252
510584
127274
314392
952324
181379
460772
628896
195538
631535
439661
865538
74361
546337
718181
713833
194859
405916
748496
729081
112502
89942
974316
512712
632333
20643
676708
4946
444338
609575
293442
706458
548637
571395
307572
959207
340144
746998
606687
511299
668667
438747
