29948 3706
20114 25330 934402965
25955 16585 894893353
19355 635 681049670
18715 12942 689973690
11175 6464 682672565
24943 3684 592917227
27331 15548 874737010
29021 3408 991856656
20755 6108 542985961
12321 8654 764594742
11362 3818 676550195
27660 6026 927233865
6663 15926 678530316
11944 19061 898341030
5759 24514 892971547
27495 3515 613048114
11766 16700 631751299
26903 29839 889464558
5327 19700 770200164
25641 6329 903575861
18706 27977 868520309
28416 27968 658416467
19083 11516 785126218
17873 8466 831676954
15277 23996 885901699
1531 1381 850022755
5227 21103 697170310
14601 23257 670568602
20959 3771 830691570
14940 1752 528516877
14727 18923 989289566
28874 4863 781336715
14213 5509 531964914
13240 29233 746559026
4336 18908 832175845
23088 15912 955958965
7615 18591 628084212
26442 4451 568710596
5387 16796 912381955
8065 21775 557948384
6007 4700 634591213
4080 8826 976506779
15133 14129 703892341
27783 23497 732719174
18925 22162 929499480
7618 15649 694190873
12541 18429 519548025
19300 22746 669871020
25629 27080 926599257
11609 14329 720922806
3772 8279 661457467
16615 7927 813778389
7582 17638 645176307
6218 16356 869335915
2182 21797 564826491
25331 15994 730978905
29358 27424 655508294
10959 29160 850210360
1918 8407 829088235
9749 25621 749934847
25562 7994 662001354
24349 13414 765876131
12198 27705 852842300
1778 1177 580076409
11412 9332 939070580
7543 19101 661257310
12558 27214 507522839
17752 7381 710690519
9872 14150 798713379
1602 18561 614961311
19799 9442 902938410
23823 721 965515727
9899 6459 513456381
27715 27749 573423371
14684 1084 950097252
6629 18719 862758166
1531 16925 944488459
13211 27628 843186332
29242 3132 552773822
3135 1383 957224113
6736 7965 643469123
22221 22456 623694528
27325 29627 627970057
27627 3410 692135897
1464 12810 511142927
16039 17131 692702770
21141 11302 569002964
12860 15737 889782725
14687 26755 597626785
5034 477 530837111
7556 8549 508863137
28918 16965 796886304
458 3176 912829370
22359 11820 776803037
1381 5175 993352359
8988 10001 769694121
4569 6017 551332636
125 2047 561258291
10576 5326 790617909
20681 29506 813369655
1648 6297 519372503
925 876 957160404
25029 12124 973225660
25880 14410 794208050
18155 19606 894199252
8690 3463 699052693
6838 6419 689507457
17870 23307 602786404
7628 23999 796745901
23782 16079 840536865
1082 23438 542650690
16060 18124 517543236
14374 1624 718058115
27731 1953 781799841
26972 17248 585222769
3810 9698 871850091
13263 16541 820789782
7695 18881 812522245
7720 12530 990485367
5945 27820 911486735
20512 18811 747939391
17049 26525 710474457
18648 9400 673537495
18006 20207 995155732
19001 10690 722244002
7980 17365 948642161
25895 13750 638814610
22844 23239 974209337
23924 20600 675010171
28568 29642 697769594
25063 22315 622139738
27828 1796 910488027
25942 28572 615882362
22258 11267 820023580
6765 23324 523000653
19936 9023 718269976
15196 14088 829736302
19030 16242 522448935
28356 14291 752686532
3199 1812 773458348
22624 23380 613309098
20535 22306 773676387
21601 29117 835747607
10276 26549 988261512
14749 19296 508494604
21823 12551 706143600
26057 13167 524608988
10224 25275 989433490
17393 3893 899857451
635 10344 692276297
18284 27893 806720876
29826 23410 726999751
29043 24576 716055343
4699 14063 824235138
14926 4141 649829189
4969 26923 603153205
11180 20534 981869157
9965 17625 903797320
2746 3957 558950757
2988 1917 706650988
19853 18148 650944161
6876 19705 861572745
16794 28176 929333253
446 15546 790184668
21976 13478 501144430
25623 26731 947148644
3722 16721 893854485
10243 4744 999929515
9950 25303 853892244
17030 369 911411444
3588 1053 512462793
12811 20871 596569368
892 5949 967392021
9675 28577 951198986
1155 8471 816187393
20341 20032 998613962
22441 4773 858290380
3628 13084 798232311
14152 14038 802560006
373 26828 562309344
24424 28753 652153600
13405 5046 915853176
9538 15826 916038511
8564 18449 989840466
21287 8689 526417545
19362 9967 990472151
26872 19654 602930060
656 8771 761252950
22620 11984 938932653
5849 23629 803095098
23604 28685 959033937
8724 17531 705512748
12914 29545 755302172
4493 28291 945936043
13251 227 655405670
3240 12299 954119863
26187 1288 667008066
1823 12627 819065057
28807 3736 898423030
18171 20103 692008215
24598 21642 735408043
4125 19859 957517455
25614 11210 654169091
26498 21069 890691547
26332 17498 821535372
9589 29378 797367853
26838 19103 680227788
20222 11142 897172413
29714 918 796591623
15797 21785 509828342
13655 21503 932103959
9366 11973 996078316
23497 27486 651986723
19756 25612 984671011
12839 17087 711692983
26464 26408 535069007
10116 28941 996404464
9500 15858 531880217
18380 23317 988167880
1146 15317 816891946
24481 29196 927402273
25284 20349 521448400
17030 25754 531872729
5520 26151 714666172
26633 29575 898998853
759 2458 613573030
8397 3864 731876459
4205 20489 917246475
7711 24632 660297747
27809 3260 626401893
26634 15432 721072600
21847 3900 604253775
3166 25248 808059310
25387 10912 833006843
12090 5274 952880759
27396 1974 982458597
12151 9479 943220089
5057 8862 733824345
20842 14311 965415735
9475 15572 504646229
2329 13791 571729763
29632 3158 846600393
17684 17552 905336795
17531 23035 873041080
12899 14936 977432026
5333 22237 571133038
23486 22370 524808586
23742 22937 909524191
9084 29073 654834800
12473 29085 689757693
14809 15131 596010994
23197 1649 873065307
5886 23801 914285601
28383 6289 901215187
8039 3863 806627127
11977 22521 896526858
23798 5359 753307326
12957 6642 871676108
28208 24334 911256704
11465 14863 891814155
12039 14210 824270236
8109 16075 544392903
16865 2405 705131506
5305 19063 839377524
17005 12946 718955037
9382 7481 617024371
29409 23639 667542423
13392 1942 927268379
10642 18430 817436450
8920 20730 987945322
1775 19663 596110051
6926 10702 656838580
20067 3241 581558059
17707 12391 776005540
14368 4709 779397529
25593 22466 954702603
17907 16060 950250123
22341 23278 669890244
23956 11322 540400706
25474 19193 785510495
28719 20373 625762365
11268 13374 804206500
6878 19040 872624155
1547 7081 558586981
9310 25560 579771691
25036 5432 889797690
20500 22183 858209900
1962 28693 843230525
19991 11650 540051131
20857 7321 538956993
16283 15170 664219613
20882 16719 930887611
21877 26086 552376056
921 11334 547819810
15133 27193 666513492
5517 16688 660627697
176 18714 898271991
29510 398 961131307
13883 10224 584880994
6999 1638 882681387
1450 11156 765245303
21297 19849 702335667
2619 2602 652476111
23380 28979 765985695
18858 24573 865304769
121 29637 602311996
24431 9432 879049814
3301 22706 879168106
29832 19878 550078402
1277 29397 652244952
12140 22978 621803255
10565 29349 703663292
21323 20094 775545205
11476 12008 684356081
25876 2926 779696880
2329 17657 753869678
2255 18775 854722359
9661 7415 620951211
2016 4212 522928104
8774 1630 682724926
4207 5943 600651293
7097 22991 523851865
18700 11664 935164367
16879 15317 769904536
19933 29323 881163093
12378 10427 763103382
5387 8178 794111170
1808 27362 990121371
19860 29931 953724300
2344 12028 625763263
6293 10072 768040424
4308 27105 908885377
20779 25961 974649252
2156 14728 538819672
13677 26025 857917056
849 13263 500689042
12174 14103 573366229
380 23757 506091458
24537 5693 704547891
2396 17622 694331155
21416 19305 556119841
24661 22935 707820014
3687 12051 757248952
20207 17664 847830060
12403 20775 943436847
17544 25181 952767708
8797 27947 643117971
3892 2949 612017572
21876 11862 887166402
16998 25909 576888881
4623 10424 676799373
5115 9805 804763285
24324 20924 825902150
9658 19250 670765833
5986 14025 852149095
16981 10809 539764558
29155 12813 994505103
25809 9154 869352268
349 23708 818098282
7923 25807 885021513
2959 27210 714590278
1103 10729 945894657
7273 1205 759918677
10681 2277 967881860
11409 6148 678620940
14617 17618 947827920
917 22540 596645072
10912 3312 609906058
2911 10831 532160352
6933 13369 962122130
10340 26364 993116227
19352 14428 980095939
25278 26527 829006516
2103 25026 796972343
24583 18956 961770473
6392 4299 846848045
16741 17710 605591894
26382 21003 750010252
8784 27506 830008989
1805 4356 697262854
9246 4803 970710157
10640 16728 610184025
22953 28858 894446060
9904 1476 602414661
8157 8092 931881143
3583 12578 581843468
8618 28875 945223696
8021 993 572252042
1772 15336 675342566
25510 24593 765128951
13025 2372 912754094
16580 9484 740314002
7097 4332 535614543
6814 1017 900545903
25717 14561 890839673
29036 4371 949805575
12149 13055 970566919
10426 26910 953531408
11290 22333 971656179
11001 7078 760015605
20361 2699 918302458
1655 24629 704309667
3914 23232 662367424
12110 18837 517356396
23406 2945 532684162
23730 16561 699731837
19487 10295 690289906
1202 22876 999082966
1180 2083 538926418
5003 6 998066887
12975 21670 616146906
23234 8081 773474365
26790 19805 615576343
20485 9116 768896644
26226 29512 529797050
11907 28693 634690790
11919 22426 833423560
3797 994 925898201
23968 6458 505587850
20644 10441 681568735
13487 19840 927417142
10841 10619 645091503
27710 22119 996923758
10156 20453 699432351
23781 663 924018365
12927 19714 932115614
13895 20128 710495359
15880 11409 927839454
568 4702 596799736
26348 13793 628912194
18863 16409 837566391
28936 23110 683426819
16222 5631 593018331
8452 5603 939274335
7306 2039 864468482
3778 13504 683184913
21027 25996 852441811
22329 19871 929101752
5545 9787 755919445
28717 29324 990623756
7551 2 918590081
8043 16811 789749725
5646 4588 873603196
9374 8049 875612739
11326 21170 744782601
13168 2034 542155379
14409 15631 675283028
29537 2653 643612880
21090 1927 587311703
18059 3012 962845783
6364 1477 571438515
2418 11295 724871804
21705 5542 801131233
26167 29641 745353150
4607 7894 811203220
10630 19868 811040556
26267 20960 846154490
6274 7383 755047774
21817 9384 847712849
3951 7071 972579474
20655 2472 530032067
7611 28497 864027636
23001 15354 852525564
21123 28171 635947270
21573 17360 546508930
5008 2637 557743370
8214 4361 716892606
26394 10705 518364977
8616 27017 556368019
28939 2103 945487932
29458 23479 721645396
19989 26826 884252129
876 5101 532475381
11470 27401 539061699
25850 4101 528561112
13676 10232 718488305
5853 20273 954981385
1908 20361 741150996
3291 25400 615843574
8210 16205 568788005
1828 2896 765522084
5321 4529 836521055
17873 5975 826094695
12151 1473 840037324
16674 4085 719704269
28443 832 625737783
14318 4144 588368641
2132 25690 981293440
6948 4877 939481664
12048 9053 745971178
27065 9059 712009684
12731 4350 602109916
9698 23966 725316399
13309 18297 616238769
25070 8651 875029024
28543 4831 827534144
22784 24062 709945117
29854 20893 622846528
1351 4695 582527716
13059 1967 935608852
28986 7997 998689819
6972 9500 875408638
8814 23386 729104036
10160 8294 652560111
23809 23034 510373486
28246 15044 885664623
7725 27238 548608007
5063 4656 632644252
27282 23136 913755637
17282 25945 724557023
29862 20005 786492547
795 16180 733463750
8686 26121 670206798
15203 14583 665848961
7804 8149 857137314
3711 22581 624229220
1764 24000 961941434
23324 6814 698414961
15013 5020 777991394
29383 22405 613905880
7123 21924 536159099
12375 16957 833758107
21138 26779 893178939
20940 13441 656499318
12719 4068 925746890
27565 20991 533589863
26762 18681 643773224
6871 22251 577832944
14130 28614 965255581
3576 20072 806959097
2579 28251 714169752
24389 28597 822661181
13841 5901 745409987
3422 8111 552429636
14863 13089 718275430
8778 19214 595109494
11684 871 842103475
14309 8992 616918625
647 2545 522086802
672 17840 570816777
29022 10087 512006695
12090 14372 844637105
1965 4188 772575230
29900 6148 992071785
28970 530 695937976
16456 14402 928853781
12170 11917 698537254
19936 9564 849137087
4958 3631 648301699
5898 28320 957638171
13235 10521 760402461
11549 7570 848917243
11041 22067 864564418
1962 9047 695373868
16093 26282 714715643
18432 22597 525277154
11131 23073 741425083
22877 14309 996184103
15393 16796 940365132
28076 11573 562529434
1996 16779 758202452
29392 16687 623651081
17259 17998 727966472
11721 5707 652349158
24653 28671 628655263
28998 847 529295384
9416 24769 716849905
9503 15635 683965664
6341 26859 512925862
15651 20366 859720181
13589 16591 960479222
9513 16199 577837621
4803 25923 703748309
25231 17318 890826196
1430 26777 847727600
12628 12470 623189905
5642 17248 636582889
16621 13707 688875676
7972 12768 844713141
2962 1704 911756004
28368 11571 728396479
6790 5715 701541498
12634 4463 521622772
14772 346 922724871
160 3205 760186731
26592 998 552127613
13200 26838 871683786
25147 16123 517994998
24388 2302 637940653
28673 10864 676174508
23178 8687 974119944
21791 17619 668042979
20617 12978 954769346
23008 5818 878704500
15316 3881 694065161
19965 4580 590526077
13028 2652 955477519
16236 21729 953278095
2082 14321 878347297
27734 15094 604169520
6117 8923 780478022
14769 18541 560469467
21697 4339 728302217
19915 5639 921218466
12444 171 835710965
13744 27334 877065115
12095 13762 760889359
6638 16224 715685825
1552 16794 707970960
27520 28077 988994422
22314 6848 677887778
6506 28446 790565256
17350 19820 874026489
8318 18790 977641110
6472 22483 591077181
23694 1841 997903609
5347 20950 540874489
7796 1698 519651029
21494 11033 776128180
13191 19355 649323298
4574 26200 960300475
2562 7684 681881641
28002 1060 737568201
13619 4064 628860320
15277 10524 578182808
11376 27614 931148459
2718 2946 783407853
6424 28589 779858224
6651 26565 715877915
14002 22587 788144439
3058 27347 785045751
23276 1441 853903001
26494 15472 660564704
20628 15061 958117525
6536 19168 793864015
23762 20944 952330443
18928 28136 729792297
14492 24762 609531470
18946 2018 566661262
1246 4171 831535478
14490 15557 593376770
3100 9283 931382063
8239 24078 655284629
11635 7904 886568948
4871 4533 846428891
27686 28544 749825512
12755 28736 687411262
13253 27849 766599092
29440 24081 559126824
13672 16869 506654298
6080 22149 614102153
16413 430 793415114
16357 10817 793134687
4097 9181 976958012
21159 5749 589970703
160 4997 518981039
6039 4961 534623143
15584 12362 555441018
4729 23241 927105274
9904 26590 884401262
14720 27182 970999387
26706 29026 814719280
25148 15143 844671258
22883 24215 876522035
13464 25336 639433689
12449 8507 641019794
16077 20158 819671933
2904 17565 791040828
3467 28426 923441751
16691 6855 847554121
17588 2011 624087263
9336 26301 970968827
8138 10441 636138941
7627 6174 588500670
929 2809 675836130
19108 11117 768363494
26106 18018 983521077
29219 3962 528819183
17193 2908 690279227
14495 24187 888107403
17023 16725 754536652
26135 27355 993691724
6287 1005 936056751
11017 15642 645167784
7837 5850 840684952
16152 12587 563948004
4562 17704 655314266
13907 28083 885955919
25161 19955 751519635
8735 9495 753029303
10815 23101 808008293
27494 23806 667665902
17562 27652 698887433
5710 17328 747065937
4360 1342 720378849
23624 27566 514507984
12233 20062 927071083
3122 15322 752518744
19112 26565 930428375
5556 26107 629044285
11920 5403 601888979
127 4782 878749959
8056 28278 580421286
16891 7867 655401487
5954 9515 565991788
12422 15972 789829775
13323 11282 851483056
23532 21754 901964247
14650 18382 897600856
16498 24559 635813037
5618 15571 831079300
27954 11148 909477274
1985 14439 611409476
16468 24944 595700199
688 21331 902790792
20092 13349 864394970
23153 25851 799657080
10057 25431 719273106
23997 18492 651078585
18984 6925 765559701
25725 25542 607920794
7811 7856 986702641
22963 10761 631845348
17230 26048 636920479
4649 17173 982410606
27782 18373 606849406
27809 24714 928637477
7461 29033 809541928
11491 29171 666425947
4918 10168 593269564
25392 26490 596832619
9246 272 992029814
28130 18441 889747892
8902 21797 841081773
27250 6814 546335135
7315 28182 626153645
1161 361 760683684
21269 23493 897189820
23196 3159 723582264
23655 28278 555549634
16617 16712 933986539
4042 915 733129276
17816 25204 910176805
11868 10633 677063306
23062 4274 961523192
19845 11323 570006006
28485 12681 871736647
1696 12960 988590048
9009 631 982111495
8737 1694 540088994
14244 5141 654237356
17559 21146 583382390
22789 24873 694684799
28838 18454 577695972
11261 22804 840933734
26647 91 716833073
11947 26305 879551707
21976 21841 720341586
25274 10970 688893849
4298 759 675241592
29851 10853 893197702
23496 20187 539516703
14774 25933 983213667
27420 13208 973637281
5761 507 549153303
15494 28317 815784075
20107 26853 564032440
10855 6296 568878799
2974 2237 751769396
5104 3431 820233576
26447 28088 522820835
2442 28265 799099180
14775 406 648192690
3834 23453 942334280
10792 1467 533595621
19163 14617 851302899
5593 13630 541923266
29546 4509 955952902
29235 25058 745857604
26298 12744 964728012
25950 27302 678357868
16777 1755 673273728
26730 26639 658827107
5708 11446 805442937
4034 28243 502127986
3479 6318 703530772
10460 17191 729195518
4788 18297 942015891
29201 19702 932563505
20925 9073 518757606
10246 14165 576704309
12363 24136 989711169
10422 24033 838069929
25162 28690 971999694
378 5664 783675631
11879 4388 991705296
5017 26687 804277734
27724 3048 651596906
29747 21 789194161
16037 2269 551721521
4583 10855 878542891
27590 17255 666098019
16957 29917 769782089
441 24615 790346581
17899 16071 546274919
10090 29460 783054205
15415 22989 876118191
23649 4336 928748651
5522 325 872719507
2277 27611 553364805
3796 16266 520030618
25726 1277 759495079
3020 25843 889389863
22996 28542 625073646
15616 28669 662758215
28827 28959 593389463
17608 4980 622278647
3156 595 885605511
22096 3362 874045604
20235 3866 982072296
19000 29029 821890688
21498 28447 557269186
16466 21522 662663814
5296 3973 575997073
9663 25390 716502188
6942 4256 721421713
26422 13966 562942066
9671 14085 782000265
12583 15519 739759370
17660 6729 746398161
21915 16489 868568940
4720 5788 525403482
15026 4185 615387713
15557 27465 572659310
13579 29589 989195728
2353 17799 577547807
24552 11402 802118619
19111 11 798189069
4540 22739 654728602
18128 14270 692722497
21873 9517 602167377
27667 14229 991733742
2192 12123 766764148
5137 28824 885442704
27370 24785 655715635
15912 10860 754135351
19455 20296 570050600
8206 9782 899081622
1226 7950 608148177
2626 3182 933112569
6865 6606 940386117
20257 26091 931565707
20734 20905 609621640
1654 1799 566775629
4743 3629 546568789
3800 6415 584532216
18559 22377 886775824
28615 2792 637648996
20880 28522 717048355
1649 6732 574477404
3037 21993 902734600
13455 9525 673531297
22312 6650 964866844
11916 7573 997363456
10505 22688 855753300
21096 16735 665568693
9302 6118 792019633
20159 7203 843675823
14788 17182 706754237
17220 25403 951895408
21086 21614 884280563
23325 6139 772265765
29550 9135 630601114
4035 25221 788251914
4991 3082 862645593
29105 3227 966021517
5950 4577 633786482
4158 21682 582702344
20408 29492 641858844
7410 28736 952354261
19773 6535 751634574
10981 18449 808595064
6160 28343 963128250
23478 26905 604426942
3425 24086 927268453
9135 576 696178913
12516 27608 563807052
7301 22654 967375092
22287 3403 798393379
16690 7463 503346137
8461 23668 899912231
8414 13522 912732106
10692 22808 980182736
15168 13204 620747775
27120 18456 984884175
3400 1006 911773487
14714 11339 626986342
13137 23989 863085907
1407 3488 672149005
24135 15431 773229255
29492 9700 517450308
17251 21065 725143450
18968 21291 688208246
19742 5668 662442375
23734 19252 816474053
29589 2103 762554431
9909 12669 853316593
23375 22172 842565271
5721 22534 724185304
855 13474 801867366
2845 6359 738219930
6403 13775 793120017
23458 4634 561983865
27386 23169 780273975
25673 22433 947182366
14399 8065 756469440
10489 20638 691868796
27637 6980 590227244
27274 1719 561941138
8143 25043 988394996
18533 27111 804242939
3220 11284 792327349
5029 14225 899234767
23705 4006 610891264
13284 2126 513775711
9921 18438 888045420
4182 6701 545438493
18546 6322 748746307
12464 20691 612759350
14759 22503 727694880
24423 19928 507911174
21353 28215 919107030
20230 9220 762209387
25053 17626 968667853
20781 29259 812367640
27908 7418 625709016
20308 7406 753520074
690 13333 905388745
29302 10741 665963670
4224 2131 776332103
29882 13104 731693753
23415 355 998606965
10633 21300 733956107
3913 283 956955990
5356 15243 863365298
21549 14253 627230286
24966 2557 593235049
9819 22417 628188323
17784 13238 789776477
12007 1219 729935731
20719 23560 914392104
20540 28917 794407826
19244 15878 877746916
4278 22747 819257464
20659 23030 864676633
19633 27149 914930879
17448 9478 708315422
15589 11102 851692791
13306 6266 534779286
9580 18754 583880524
13232 9598 785118225
22120 15257 671191836
24217 28939 744079548
3798 13619 785452837
16 25915 585061633
7608 9692 772236495
11690 17598 526727642
20358 12517 975775369
15371 4024 608137666
26713 10327 963744753
25874 20442 818043654
3534 28949 935343414
1187 4145 608841658
19100 28866 911372705
19892 13989 740666045
11021 8488 517226145
22912 7522 627972418
22322 10376 646372428
14335 21335 507213423
25474 18644 801717846
27959 10293 873465368
2846 27443 738774249
21161 4046 683172053
7524 915 536390505
14793 23827 889915566
18617 18450 756541905
18674 5201 774845734
3204 25468 612437981
338 7947 965306415
23689 21246 704292220
14200 24036 881722276
26391 12835 807434716
17590 24599 624014237
4654 22462 802534135
7336 1769 892511336
18602 21209 839703108
2990 19479 809832097
19017 23568 691640637
4579 25500 689457693
24982 16532 690016432
9145 18975 670528718
27116 1835 808965522
27294 28922 920194859
23373 17589 695719124
23962 29830 949214869
13506 11583 998914469
22556 7546 632653795
14072 2277 729425344
29835 8313 822674739
10528 10097 649448722
24004 1304 849112385
14094 14542 657359598
5109 10374 587882640
22019 15233 973102071
12712 1875 813233707
1371 3168 837685001
14771 14964 733726314
15700 17126 885656481
27401 29271 745691180
8887 2705 964027351
20548 22746 542442765
11478 17343 610689992
4459 11050 736949180
3551 22028 607731106
29038 1799 993107941
8097 14924 903943047
745 21905 585455340
3060 12875 513361634
22749 14523 732816603
2957 11929 637614746
23780 19494 752081889
24810 3503 779100548
2816 4305 515120587
8388 12785 918952639
10104 11417 795218850
17930 27770 891963469
18513 26995 871547685
3889 25044 657396685
122 20477 767518493
1324 14830 874541732
15576 7726 747589843
3286 2610 515224533
1074 26461 726429485
15847 15797 910147381
24878 5392 634952136
18091 6010 747211993
1621 4505 611686930
15190 20425 779012721
19199 11981 708107451
18262 1924 923505424
17723 9179 531259604
17481 7598 675930171
4701 7362 612380822
19307 14664 501381268
7510 4266 842821011
24562 28011 755074693
7586 7179 950871546
12114 27356 530972334
26095 22562 876658768
25887 15603 621030354
7628 29713 909707567
16806 23735 598198146
2892 4869 870568477
14702 23736 644810948
15189 26860 558134543
14980 27757 910158327
1203 28174 708956828
24335 23713 867062173
10962 24760 975163928
11213 13092 962178960
13096 22530 889408061
18827 23061 903740741
1207 11234 877735338
18928 4468 598653260
1109 3511 674367570
14150 3177 607987686
18386 3228 965142580
2227 11670 807253287
4620 27794 564987799
24837 20331 662769831
18103 17915 835878583
14607 11598 914636193
17448 7991 571394772
11094 8179 709644299
16610 21078 877044052
14761 2999 789006086
7697 2920 743975469
15855 25156 846625028
10849 22441 770954597
7632 21162 661087181
22856 26921 781580228
29316 14324 578370511
5639 1915 590598557
12141 24529 931704095
16799 27315 757948753
16921 22558 945355774
22247 27730 617700331
4665 23754 950431767
4092 9488 889814887
13569 6494 528998491
3632 9827 990147628
17718 20264 802937557
5000 17324 703456203
9226 9277 606511195
27679 7871 917507210
13692 26134 683280565
18554 24812 538936629
15943 15696 659484355
24906 11540 872506470
25332 3881 731380111
15071 8995 582349942
24933 11510 765260109
26155 17404 889127949
19029 17878 952646224
27048 4958 780860149
17582 24655 944064007
28670 265 948906928
26066 391 988650149
8671 11088 633324291
6520 1165 776556586
16737 17945 996636305
14503 28947 872054491
20763 6072 809228751
11573 1034 555897660
27008 18155 674067593
19905 28678 604848084
16110 12362 901309745
28923 20831 846887856
11727 22102 527956067
10812 20798 895642725
3124 25927 610722956
4117 20481 580274213
8990 9577 718354588
23950 14040 589182114
16141 23381 763685577
4612 17682 946752522
18886 18087 650537686
29021 15874 638562772
18389 20062 608591797
15943 25567 612882408
4074 19459 842083074
23677 6811 886322637
3079 2870 723243445
3837 1538 709545497
27945 23772 878782135
29910 16135 883877656
25685 4525 551653324
19799 6379 521355719
2963 17313 915714612
21602 7524 797562239
2878 25961 765469238
11911 13871 516205623
11609 16403 509106056
872 25128 695769994
18979 18318 630885340
13383 28938 640485992
8890 4715 915903236
8233 8259 834695852
24943 8635 877226035
2259 18325 797875065
10646 6418 734344616
27871 29088 964525554
4969 28069 827064033
27835 28295 742333299
21069 18418 598456550
16682 9626 785972946
12762 14378 864900123
6253 29412 639907602
14849 21880 913932233
19240 23350 902334991
1866 8920 946056755
27338 18344 630561473
24160 28843 904343965
17598 1076 890059084
6683 27973 955237716
24872 5622 673833984
16952 18052 504156369
28917 23143 806563735
13612 25690 641766199
27921 18045 628102172
6001 27499 810109351
29142 13456 656904392
13155 27828 968092613
18082 9176 544053828
5803 27729 533399655
21165 12643 734255668
22287 27727 881646850
8204 28284 843323046
24008 16938 913717981
13933 10665 504805640
28794 27958 953237245
24256 9822 988137153
20860 3788 618559478
8899 24175 586612124
15548 10877 904392241
24761 27133 869006591
21033 7511 702825428
27889 27747 953127166
28442 22330 506791707
29642 6465 688356672
22590 16901 929710175
22221 8402 993813477
18165 19568 952267942
24752 19409 797710316
19736 22597 898261723
14149 6228 632542935
4549 17732 894231391
28457 27359 969281510
24649 5044 781905815
12633 13314 572682408
20617 29912 985076287
19149 5136 892062971
5439 10770 751681419
14503 25798 861631218
1403 20485 603596580
4692 4414 832585242
7450 620 771403754
2567 6483 660175851
4709 15163 792775772
11520 173 535770465
20344 13527 841763241
25516 29062 739405953
15856 27846 626709820
21486 5897 670354733
8243 25584 898141454
14651 12455 910987665
1330 29242 631304685
26523 28351 714545026
7056 25239 841396928
23918 2947 833012114
14660 15093 522357369
5752 26958 895453495
13937 17821 677977659
18582 17527 686988245
28446 2228 605214184
26798 8149 598331577
16097 6808 751827328
27888 23537 836476441
2502 2337 537124755
23807 21655 707014281
13003 12328 858948897
745 20277 965877161
26678 13874 510069572
28365 14976 890404576
19124 19661 624435845
4246 13318 798125099
16579 26134 598356345
20807 1671 524024134
5732 29736 664882704
16304 20345 648295016
12732 7854 614642914
20859 12732 679276073
6658 28171 796139317
8334 2255 514658001
7259 13168 861520688
12564 17339 572047077
27084 1267 503563724
6415 6661 767425924
16832 21165 512157331
4826 10943 704116196
13165 21094 839141790
29795 26194 777667494
29096 216 710590583
17060 4394 701163953
20148 11462 932222529
29648 65 501725460
25647 8908 633991499
2708 6938 588736843
8421 15534 533651828
4278 20243 927462465
27850 2464 572448020
3319 19159 579055654
8774 22389 510944423
2225 8736 703092752
10321 13038 698084427
8998 29102 870890788
29091 4800 522040076
21753 14157 839146286
7408 25820 501739302
22236 3481 760335617
25316 864 924158015
27107 10863 848725329
19722 14966 936706718
18898 6081 745337585
25250 26053 982322239
21719 17279 538318075
4323 14457 546671585
6684 4260 806757687
23532 5430 765443512
6610 19532 703137671
12332 29292 534768253
16026 29375 678847729
24347 1895 685360882
23471 27595 860296230
20486 1275 758841378
9826 28810 784187315
25465 689 613398706
1274 20104 982077612
24676 3988 581928745
29797 8995 591051913
28837 11993 521564506
24571 3422 788182046
3219 28777 786320742
25215 10142 999051627
16945 3917 605811360
21399 28140 747359467
1364 29646 781515605
1626 21367 565742860
22189 4064 832293596
26823 22639 819925666
1111 11473 779516656
11144 1714 936648707
5950 28181 818096227
29921 3621 913983633
11470 23371 923254291
8970 12228 908707579
8957 17089 659957305
13187 11639 915458219
11963 28412 809012321
17600 9526 911045322
25979 9514 597394613
26875 4424 793769436
19059 10431 776229098
20869 22332 802441806
12128 4597 801324525
11194 27351 729491382
754 16276 836557929
15410 865 747144206
16626 2509 724716107
19377 27433 581510977
9312 14526 784384875
9845 5371 800401167
860 866 692826045
633 13788 528672336
4913 10840 894970528
19201 12979 569026371
19489 20409 525000469
18340 24919 666194613
758 29086 840715824
22452 21763 931890955
10811 13274 899568075
23304 300 820236103
24688 14674 624810378
13029 12085 814554991
22627 6556 656795329
8382 10715 714935248
26525 14089 906778149
9931 7013 578415315
2490 13963 699261241
22692 16404 786813878
13613 3051 502907372
16540 12555 868140854
23462 25956 619383792
25370 1585 992359265
22099 27399 659625455
15105 5952 852467954
402 10439 708388263
21548 2985 681608994
16491 12083 797185065
6376 18326 750496465
24030 9953 719768929
27681 3093 710238174
1632 3408 753059842
9535 24462 621652518
2289 4320 908352909
3530 8540 621416751
7423 25485 868004700
10544 12619 811148707
26187 2862 730413512
24532 26239 554996814
20847 9403 523119538
4346 23990 938199506
25748 16212 629269939
12073 25418 699183799
16920 20061 661612719
2868 25472 957155069
23118 22231 891746084
20276 17579 698122476
1706 6256 615331323
25369 17116 968704455
25061 26449 914113583
25686 29508 524025340
2820 11290 937230282
24900 16240 974428231
8801 5818 954309214
29568 12549 788105009
3094 18534 988447054
25153 28853 985873546
20922 20877 937242270
27368 15377 602662145
7913 23211 879960537
5982 6998 671186907
16678 29608 555494494
22273 23294 941311638
29798 1538 759272253
16752 10740 868797984
23834 29796 512335261
12417 29179 616827563
28405 8608 528066078
25282 3346 644684270
19202 19574 930951893
17249 23507 727773892
17278 13983 868861023
28279 108 957448891
2827 21650 615334749
22034 434 854583437
21006 16857 891043076
13366 20982 645344073
23832 23250 565471163
25656 13927 622420042
11924 25174 747104990
21248 17403 602415645
816 2637 887008257
21957 13253 565814209
15478 24654 906141445
11845 431 590086228
26208 14392 811067105
24922 29404 938275321
24685 18555 992302434
21864 7714 880045487
24199 20309 769501858
11296 24697 986520281
22033 23128 899103383
4258 3028 755225385
29221 8733 996415133
7004 2517 811862544
11401 17157 503120397
19428 10443 515048449
20779 11447 654452013
29336 7546 905957578
22784 671 626035107
1141 8845 613966835
15884 24634 936259863
17113 2962 951742356
13293 28526 576628470
3133 24003 527955508
18795 8609 820430924
17051 23888 943107325
15234 3738 903954133
21157 29210 853710315
27918 10112 855119713
15074 2413 607875811
20080 19560 850307394
23210 19646 893586191
13890 12403 982385573
266 21608 713262551
22627 696 569106972
23471 914 610456831
4534 10115 867533295
1348 16658 842316959
17802 7000 554325986
13655 13839 991031127
14696 5952 891492327
13492 3028 713392804
20555 21039 545403376
4102 22918 669391043
28009 25202 772824007
29480 13848 840576077
17310 12632 988866970
12722 18448 990691049
20007 26906 562313152
938 27797 949704317
20841 8521 766312475
7872 3769 618084746
25472 21404 914767725
29351 12080 888859422
19768 18412 755355602
15898 8021 764658166
29119 12532 641583339
7989 11121 904976767
11902 11644 954775097
26446 17700 878674688
673 10857 693983011
10432 26392 830111730
6709 4633 923869305
12288 10718 932143878
8003 15069 674838058
6761 5911 516622007
2528 29792 649227299
20663 7418 875103041
29438 4814 662081926
5757 11268 586596486
21660 6709 778785477
12300 16773 882571711
5973 28913 543201449
3659 6400 906477590
7593 13981 882966737
7765 4560 926864429
20361 10450 577973481
22982 13520 794150827
7640 21903 814795423
17927 21090 591396200
21597 21417 938483264
15969 26597 569327181
19665 22290 819035292
39 24592 649996741
16004 959 621037628
28414 24217 751037847
15343 2462 871820438
1639 1454 819305818
9150 3086 892992601
23313 29641 930210844
15638 17317 771401783
14888 19322 672524603
5648 14609 689524616
16338 27713 782660826
17624 17455 715056727
8801 380 682465870
9505 5626 783260930
26883 17422 825434146
9256 29378 631711473
9467 13502 727416319
655 4561 946348477
3529 21681 619399992
20369 23931 800526004
13697 22501 688953685
27313 14564 550275219
1876 27388 713423083
2825 28397 577102451
28617 1388 554069428
25334 23554 900896299
7303 21923 926420001
7494 26257 830294766
12285 13148 588935465
4264 20751 867662264
27828 21292 667147548
9528 11825 552319394
14599 28241 547186365
9743 10594 950945490
21180 20323 796891782
16286 7919 825118630
17212 14359 672128382
2256 13928 768927197
22704 14471 719828244
16693 11546 919577131
17218 9317 942366484
1417 10081 581100632
20340 17541 569434518
21323 28937 996675801
10306 23696 895366599
5345 19968 626848113
28328 28277 640107924
13434 25943 726192660
5256 17457 647060578
8464 8937 955434623
5620 7579 562714011
24996 23290 539452053
10881 7056 914733228
4389 2132 762239614
15335 4464 908675746
21860 12791 934658356
14506 21172 876717669
10463 12235 956176585
20654 13476 588440928
22904 17046 711767167
6532 25132 829968682
8891 14755 717067494
16973 19863 873472852
20043 17369 834163196
18929 21990 567987726
14502 2948 801769973
21267 18357 861051585
19069 26326 907197059
12667 2911 691633504
9499 1486 933600685
25155 5364 824587399
3517 26898 779593191
28062 2133 654072516
27016 27586 716598014
11547 8858 528091143
21732 8065 763548546
21860 24730 819346100
14523 13218 652046324
26927 24066 873380233
7608 2208 595992964
7517 18325 927238403
26786 25578 876695619
23662 12300 794011562
5852 7102 534407861
28759 23537 841038079
2071 20601 609374935
24793 8139 525422967
4710 12571 718575769
12825 20081 613309911
14151 21299 893654480
15217 12610 668548999
3987 21746 546728378
2452 10376 978409060
7730 10099 617637992
19588 4696 788653041
5097 13108 947242007
24585 23873 545989375
17834 22803 944133929
28487 13696 849953235
5171 7042 886643050
7703 12662 753815975
2605 15698 681071959
22450 15882 909042470
18459 23306 719373494
5934 26005 654163578
589 7225 567240730
20600 14322 800870529
26999 13899 632300340
7968 6582 940277168
1699 17065 666346521
21676 5631 970155565
11594 21503 818745498
13899 15452 515151429
2902 19279 944694776
15966 13633 735457268
24268 25395 843757177
1248 1182 552752835
9248 8017 781758692
3390 22109 654556837
22466 3092 606983516
1794 18300 767429440
25111 4496 899726167
11632 22525 964713370
12802 14189 613008072
13603 25830 894378909
14209 8377 592028291
6045 3021 520917869
15611 17152 798587067
23351 28092 715216295
4462 9614 513365847
1984 9702 723632160
10649 6915 694202826
18840 21250 700275868
1063 1740 671547568
13144 14113 653736129
14373 15311 845363552
25830 16524 765139211
25088 25876 698943044
4520 1861 781864813
14014 7852 563358779
11095 921 607082513
17044 13017 970808820
1287 24327 615858497
15789 26534 791680088
25983 11935 924808854
29288 25389 616051767
18828 20446 771654608
10874 5848 691394215
19876 7445 683283353
19463 7048 592191643
19808 13909 962933471
26911 26565 750458650
24091 13608 715569817
4434 15120 676025493
4099 11978 830901380
14706 23520 652879035
21790 20495 636248106
29834 15726 643993136
10849 26769 843659102
8625 29779 780959348
28413 4626 833090595
27455 13388 928723583
15815 29475 832486807
18434 3085 577241749
20208 17687 528079590
29911 71 636581620
2201 19928 992178170
18196 11206 550552970
17056 26404 769177227
14597 27163 809870625
15119 6950 652175247
27658 7341 842909790
7763 28791 735299234
11503 25661 994640766
23641 9603 607545996
1062 1379 822797029
9380 27846 685058268
25735 4716 885144603
1818 1512 966004160
8186 18088 599649864
8204 19824 897100878
22302 15818 669624319
22558 28523 978669006
5054 2833 830660464
5803 27002 572595520
1582 28502 877930228
28284 6486 915496517
13843 29912 841924364
20325 22814 978207470
16255 15368 836941164
10557 29419 970320574
3187 12495 920253919
746 7550 880583688
21163 1181 906947089
25980 24739 648950670
1506 19819 582161772
17574 29261 952665391
17879 18161 613224215
6589 3987 926032521
5373 23334 901691868
21418 6413 782653973
23273 11476 945387808
3348 6468 888160284
29666 28945 748342915
21529 949 570685109
3571 29210 523048155
23735 25809 907250802
15721 15919 906002178
7641 8746 697817917
29473 17338 661810657
10261 5423 550407807
22384 22639 525832771
29240 8534 884604945
25531 12738 558252078
760 28285 706122012
10831 25461 502760544
18335 13994 969642443
12016 19101 591568480
28580 3774 530129626
24342 23412 591627568
27904 9880 982605258
14563 3586 755857673
2269 9943 914941686
27879 1757 925361725
4281 13563 870588881
20651 26534 889440567
6913 4103 950679550
745 28842 901389729
10369 25060 609319870
1165 16337 804538868
18519 14577 854791577
9039 17566 735663964
17266 8345 654165239
15476 5409 596494660
6073 15864 978853049
17484 7142 663382028
7041 17864 600615677
23665 5782 681574536
19643 19517 718268726
12704 16919 558560473
18839 26458 706882637
13391 7627 955866845
25795 16212 642254977
27205 29749 639588134
5926 8890 609089869
13584 18169 764291196
20528 10155 760915281
6186 29411 602106125
27455 7617 712725237
21297 8309 867497093
9378 18938 864856601
11013 4885 570829743
2157 4424 525405996
1148 12603 737540705
18936 22648 548155310
8745 29433 757256508
18310 13996 956977265
10979 28281 653654670
11076 24009 662506053
11862 20908 899760120
19659 26323 828229847
26326 15075 905034581
7324 28251 636974743
5566 28599 841638947
9783 2951 885870729
19691 13621 867899489
15413 1761 990599232
7293 21613 554194196
13005 4774 735219255
26827 9411 895685816
10296 4195 507372013
16757 3111 595417055
1075 26888 736420337
8679 21452 544603706
18899 21292 582935079
25388 22759 949328735
19646 29005 829142059
12620 28047 597785839
2783 25802 720633005
4697 1683 625252549
28950 29724 751663675
22463 28310 980659272
3913 11578 562263957
14795 21267 934909033
2344 6377 991551976
5198 20977 931097129
25744 20182 910337547
25783 18026 677426845
22102 14789 962144948
2242 26253 909816419
25544 29197 934180840
23636 25279 844358667
26403 29249 661036370
14466 7749 637987433
5890 13495 512388790
23983 22194 835321475
2520 9906 764548496
3915 21948 531297589
25618 29827 770267741
26419 20824 856098702
13520 6177 926561628
13746 1136 628112518
10423 15422 781921916
18187 5105 601306772
26177 4368 559971685
18302 2107 829711628
8308 20746 891566506
27815 23938 519992148
15016 164 501155699
28089 26014 847947560
7685 569 596844151
6178 10467 661396917
16759 28577 507024075
19503 16152 694231128
6418 15838 567440060
24615 24339 910276970
15915 25725 694191636
29610 3786 837532342
10732 17212 946213535
14421 8467 707566678
23159 23394 671145952
13415 21698 578514040
18648 15330 514027493
5124 20351 560554663
15548 23999 981491166
3094 12857 534140691
20050 10706 662360490
12915 13669 765785816
3649 2639 531375598
5562 6336 650138575
5688 22918 943185832
16436 17997 941216368
7754 22418 679410779
222 18034 835767734
14064 20745 820542422
7306 25434 928428856
6666 19269 841424909
29079 23867 910603699
28137 4806 509079640
23668 802 569096685
5550 23425 694041750
23173 21047 960483727
28922 16550 915026155
26641 22670 763298152
9528 21991 675262338
19688 9217 547031389
544 7193 806614894
18218 18019 610018983
28843 8729 648005547
2170 2315 674042963
25626 7045 745706272
24702 22086 876495305
14905 16830 743309220
24843 11079 948665829
5620 15121 815450442
5358 17178 661402371
16025 28386 756181577
15907 16124 852316457
27640 24548 997985515
15087 15818 847207207
21559 12927 997785015
12149 18297 848215777
12291 29436 936334433
13725 26206 558064837
14594 16428 732402549
23938 18374 596552483
20215 8874 838868156
14939 17462 616090244
13690 21863 961026147
23566 6143 885346134
29139 15111 533232396
23428 20633 962218353
19859 24403 938212644
29178 12737 631981920
13061 454 528580120
23036 12751 868035905
17180 21429 582577394
17296 29934 708289832
17328 14219 829281147
21115 23221 908144298
863 26449 980992578
9182 8668 622667729
14738 25616 977725222
18946 18721 954587409
3 25336 911187167
16925 21482 957352845
7875 13025 713768280
4812 180 888111802
21536 20545 580458161
15042 17333 581314921
5081 22253 665335655
373 29262 561200790
18110 2087 827942527
13641 18698 936895046
9846 15628 924249300
6964 25099 641654621
24945 27843 701567154
5894 7625 592092528
22376 6492 756315138
18714 29084 837229553
9673 17256 991307879
176 26383 677824817
10908 7003 639499764
19622 7274 957589099
5148 18875 518468322
12107 8046 791719353
23318 5952 835365493
13265 3916 639948056
8701 10746 932740755
12100 14790 905472859
5256 9896 906152305
12005 4697 555164742
1939 15723 624153577
29755 220 600472846
20849 4593 931422815
23596 16371 798211019
13926 13217 531296755
25847 11671 512604119
25402 3706 617646573
17849 16987 873637892
28538 433 735016634
10271 16064 843938120
21954 12362 809348401
13324 24088 718732937
13521 17094 639169379
17996 16252 721452419
7025 11466 900090094
14507 16586 994410825
1089 15061 566133699
16104 18592 879907372
24466 18591 503814394
20404 2867 605557425
4131 9538 546341586
7576 1733 994720751
28328 18116 562586611
13677 9288 839198077
17342 6513 846886998
10348 23947 597807013
1119 4957 925847910
26207 17514 689975982
13825 29692 838694627
11540 4649 710982793
16952 11222 984759794
5886 8422 802346384
38 10628 689448593
21657 19859 904547450
17937 4213 529953454
22973 25295 520015389
18152 27363 890897562
28719 6334 948110283
16201 29862 740743061
18713 18586 578544347
19050 27659 582439628
12524 25102 712353873
28742 22449 555814705
3476 3668 996659981
14744 9928 929542970
5311 17442 592614362
14329 26907 617776854
10266 820 882888410
23774 23231 886633575
7255 15305 518829502
15786 7491 857587383
25248 13029 987151583
25968 6291 664871987
23766 22066 690634814
14687 19564 994301574
20003 24334 891769693
27749 4731 966147583
12993 1550 534664115
4633 7896 902619548
26154 26232 692471810
27641 29484 913812680
20568 15205 778178719
21874 11576 970398843
25052 3365 519405720
21530 19446 752091423
25516 9998 841986492
1298 18621 840968257
5432 5227 549000743
28038 15880 661804641
5696 24957 759972516
1834 11292 617860834
7843 26833 531931842
16474 11258 536656998
26033 29419 649014875
21749 1895 937567361
4469 27363 618314434
81 21589 517118175
8744 16207 855212495
8133 6649 857984635
1106 8285 562784136
15159 17323 873450092
8184 1074 775945871
19359 1132 672498226
14389 17044 789679897
9627 146 624388406
7683 25319 868129054
3949 13849 513807671
24518 21711 744703721
9315 6989 691123162
1700 2940 832584997
10653 19251 668715737
26824 20079 931958931
34 16175 894601974
5614 10029 921554663
11332 10799 847860259
13304 10843 743613309
18555 8577 750494417
17220 5642 727441436
28542 10208 665564581
13657 21062 583525636
19387 20279 789565741
29631 23364 675550974
12503 24387 720210924
23167 14829 780634426
545 13632 727419750
18763 973 836130245
2312 21357 555326377
8431 28504 649194208
9261 14308 640895349
19057 11791 717209426
5271 27407 898214499
22264 25679 605725015
3371 9751 533528851
10745 19467 829257681
22392 25048 969998475
25705 1825 520019337
18353 9909 649984499
6919 17817 738950174
2806 17119 701549641
15317 15601 600531510
18400 29045 797729548
12548 20839 753806926
15572 10999 852260703
1634 8719 832387309
17696 25216 780416999
3814 6674 794285294
18285 549 657138230
3490 5472 525593468
13291 5711 576894309
17846 5545 649944742
20306 1367 636068250
19932 17529 686891497
23234 10862 839425267
18931 11662 630581179
20714 11330 854264619
4598 14934 978775327
26385 6218 694348679
23521 13185 523482168
12987 8852 836470349
1262 25290 791310159
29710 26975 933598520
1578 411 906388993
27139 9775 950171310
14536 28787 945153396
28568 10289 874507626
27484 25492 813077814
29740 24721 603915900
22745 17919 860847398
16448 942 933095989
7709 21984 714566911
28214 22814 845307323
4266 12767 505563803
884 22568 873317107
24930 12606 632666972
4136 15770 828095577
6687 27274 877049029
5146 12236 843127644
18314 7972 530037925
8554 5421 725408975
21453 27746 955337531
5202 201 746732444
16292 7109 523598083
28666 6852 554591071
25785 28658 957205858
17918 8164 783561506
24809 6537 933310169
330 17794 884984641
13306 8264 599192379
20363 26931 697149522
25348 9220 952225105
22659 29020 665038881
16077 9835 829244854
26756 8296 714750306
1285 24510 584248861
15202 17063 627667769
3631 28540 803467390
2314 9093 833147152
15157 23585 749287140
28607 20079 683836475
23620 14834 837559993
20916 22978 639887366
24464 8096 508527259
2477 20982 694223775
19456 3178 995011070
13938 29803 854394820
29040 16102 877750842
6664 22513 846903531
1122 27432 903769281
28262 29155 782365451
11098 16912 960608110
19897 9392 931643087
1795 22153 565564257
27638 22341 829757135
12412 10062 604128691
22492 19138 854195158
11923 14829 874999114
3620 1579 932229705
25437 26688 937606058
13931 14606 512096309
22308 12468 786257943
15746 19117 518800689
22857 3892 605992619
3878 8929 998194378
1004 25012 565597892
14320 15335 593324130
26142 5257 625249515
9379 17813 716804880
6097 7426 607188971
29647 24484 783170017
25687 29756 518021371
14287 27539 646657458
6162 17685 645355654
26164 14212 554612617
7527 4814 740056423
22707 20662 880861629
18986 11782 633309081
17825 15830 693427217
6272 18246 992849777
18164 7513 524535601
22593 3549 520066398
2938 4664 724085491
5561 29767 827764444
10111 13724 934899712
5962 20073 546150290
29926 21378 798270434
6434 3382 610058788
21829 20591 521427882
28936 6898 950293639
119 7510 729656757
6694 782 972023316
11832 29891 539198926
26093 3619 744416091
4809 16165 985217349
1501 15404 702685934
28654 27849 645838272
28919 19395 515823112
12255 27072 672642267
9749 16322 765020659
16091 9152 758518852
27859 20452 990723835
24294 3536 673731591
9817 27372 638437482
20108 10459 786092021
28384 15076 540509567
20058 22616 828369708
948 4563 664543269
18483 22089 912140148
1723 21385 555116642
21379 9251 713807692
216 16361 820658891
14495 11716 756332229
21295 13990 912425553
13582 16733 842428069
23075 1092 786275483
10350 3044 994823163
18888 2152 826929811
19215 18777 516084882
1870 9134 774603152
13135 24737 814083936
3975 2320 987823355
1886 21070 629473508
25271 29780 995086176
11411 12509 545911638
26031 1138 807163667
883 8802 503315737
3326 8758 950346077
22503 7382 777688869
10160 21738 827422181
14417 2606 641003806
25597 24659 828371652
18002 26913 711248334
6681 28680 934585473
28926 1826 968969441
16418 20869 743431551
5273 6529 846593947
29147 7278 838509861
6906 17584 945201005
19956 23215 805321150
23085 24973 949000759
13419 23874 889091008
7202 9659 690711869
16552 4062 598198349
10205 22095 933267435
4900 2281 767679122
9886 12210 983808765
24476 16626 580076794
27517 7156 864989262
11309 9128 565563785
23013 886 846934365
26099 28992 724508855
29747 15476 637911122
16249 18626 633461691
21783 6038 638891827
9476 22621 668034241
4957 11106 682195442
16305 28366 842771762
6468 5604 776357026
11629 14477 829409471
22250 13109 867265014
22878 4449 861815093
6669 27497 785009943
15216 17093 901410655
18283 19103 930364719
10453 4857 901168384
2379 25717 822271981
20020 9997 977449981
4934 27450 748394319
22774 6709 843657734
2967 24220 706459237
12307 21152 518709109
23894 21168 999266753
29163 16778 817834584
7625 7495 889960149
19394 23588 989691371
15039 19360 938370512
9059 29679 835069373
27377 3274 845896174
16250 13125 815658886
16433 1288 862259437
22166 10990 552925799
27409 35 980379423
14817 15380 507338539
26230 28412 595693130
2553 19229 588990124
26910 5682 950408292
20513 16946 501113634
28886 17871 800567431
10320 29559 927833334
23651 15301 832457097
17982 7604 917890932
28285 18214 573641023
27248 106 729641269
1325 17433 748345690
26697 21173 995431083
6823 29246 874685086
12547 369 603568707
27964 8856 813335934
26778 15445 966929799
13234 28608 566634596
322 27789 949448913
2596 20876 997711487
2913 19988 561975994
16998 1518 802177200
6164 6723 543671116
4712 3540 655795295
946 1353 650730935
22536 3657 849361234
7703 8042 607548956
15205 12580 516506801
21867 6765 589589872
22217 23121 989999076
23684 14879 682561462
14488 601 620582087
12091 2732 556488767
20767 3234 796537152
5895 27088 587677952
8605 24365 855284290
6966 21560 744878498
2115 10129 667379812
19757 23832 698033672
10977 29653 661862388
6047 4657 809241580
25281 11064 504935258
8056 1287 686533918
12932 13786 952581154
8594 29638 714177550
23163 17412 639801495
24015 2833 564175201
12413 26610 669341766
8534 10863 807491278
26225 29842 592859791
21262 15024 916139880
27590 24706 912620351
12242 616 622261520
4913 10118 918870852
1171 15420 602610609
12264 7531 834802371
24182 16454 868002010
17129 27157 536643245
14445 20591 603455926
5099 26458 743866702
9955 13685 939694403
17068 23090 719362270
5524 29212 666369893
22731 13476 985566467
29887 12499 869731734
15376 24292 798891505
23684 26916 751232204
12529 19339 997591342
4280 24929 669953147
11619 19091 957070545
13360 10981 549195753
11303 28189 646430452
12203 10593 619753397
9633 4931 610828663
15008 11605 997782100
4774 17932 500109040
28965 18460 978645168
13946 17998 944209977
18651 22931 975474425
2445 7638 608519579
307 2737 538235614
13362 6227 537301910
20242 12810 588926116
29502 18551 503752434
29209 7195 575125774
18928 10938 515331601
14282 26682 662653748
1435 18681 577523972
26235 20910 828468607
6778 17318 930025697
27434 29111 892554485
7985 16219 532510707
24147 939 925112609
2074 24801 924302101
29090 10929 613432858
19427 22266 870540892
18901 6125 564845618
28026 10624 702850356
6805 13087 734311943
27209 270 755547742
7845 12644 634605361
28836 12700 529134756
26369 11957 503202713
15524 26940 898957179
12199 24701 947940506
23072 25190 814498666
13998 19092 507228563
27512 16492 605070846
21946 10152 835794948
12701 6573 633341224
29461 5605 794501699
21781 16178 587830854
27201 8147 522881426
5027 981 987004589
9390 356 802842595
10725 2047 794665216
18841 22599 870721249
7388 18506 575298194
26668 8378 596706009
27968 27192 580086067
26440 21753 982164621
2331 5822 660925019
25474 18695 786062700
14237 24835 500463879
1836 19264 637009783
7249 18152 556072908
12712 20796 577296593
27203 8403 641220238
20374 23172 702084768
14930 28806 628362433
4011 792 740202836
8650 20702 935389238
17822 28443 770885870
20053 7697 821985390
3411 377 884205070
26021 15910 966161878
20810 6638 923650130
3464 19744 803906297
7319 29164 674293847
10631 11805 966574984
28960 2494 507191096
17942 14716 633561278
11061 16457 615062961
13936 15954 664699125
19210 13576 975243052
15048 14922 982907255
23198 18269 990088153
3978 11028 719940127
29355 28472 884471294
14703 16577 609784596
11152 18416 910328186
28865 25426 707018256
895 14445 856705593
11890 1134 915395911
12767 12653 582056506
12754 9756 876318509
24831 18793 569464516
14473 9181 838271334
4328 527 632862755
21878 9335 707154082
6498 13923 904799147
23349 11283 963646781
13506 19483 670564754
15005 6745 636120650
29517 15275 804087027
21310 23350 805024439
18374 25648 811837782
4662 26410 851941464
29895 25323 633115807
27513 14887 986248500
21296 14512 523259902
10172 11584 619032352
23020 12752 617876325
14553 19664 525971548
1206 28779 830892230
22873 6942 767711929
17688 26235 865761426
28435 27960 750416222
5230 29907 949100348
22681 12514 756320218
17695 2726 996473824
1563 10860 725522190
5927 6886 957766848
129 10380 693574890
24757 12503 656713034
26853 22511 690888298
11991 3406 792404082
28896 7949 989899425
11798 4754 931249687
22550 28197 579571580
12798 29012 581224202
9803 14819 585788138
482 6778 675426340
14094 13153 970010049
7463 11536 834225622
22987 2330 803982392
4230 2014 633613966
5808 9329 514619825
18179 28285 561064640
18562 25749 661302402
4207 12722 987191381
22830 24311 910909896
18702 26894 810059330
13786 2610 610433046
120 8288 856073033
25838 8053 994866970
6815 10619 961093242
27357 28910 685874934
9359 29339 883222980
2945 14942 675326761
26896 12377 527938634
3230 4552 733732526
18808 26268 733426777
2010 5108 682994213
5478 4507 648078493
687 23867 618722722
22047 28513 953933763
11066 20445 859033720
12633 6148 807107318
4697 16038 610554838
5022 5729 812483013
22668 5940 771270681
28535 28173 836166537
25108 6832 659738444
10007 25379 554939936
5092 19861 573703938
26468 20251 554101039
12784 5438 509227124
9832 22115 772282190
908 7362 950742626
24123 25836 834148146
16418 18167 885197547
343 3567 862849943
1475 25224 792553865
16673 18636 644573240
11189 7798 527666813
7886 5019 678503202
7458 5816 958551228
17765 14623 600873303
16345 29298 665872852
16962 22467 552153494
29219 8967 856302577
10482 1412 949991394
27723 8973 643426387
14535 10545 520007444
8563 11389 804341064
11075 25503 796923424
1858 2351 713196540
4886 28280 919757100
18602 12913 980009318
520 22277 879631286
12205 15846 955882318
27427 26048 596524402
19972 22789 609003925
16694 24341 815661171
26704 3182 752220384
11784 19171 707202191
16701 28961 662283737
159 12117 889805477
2076 27765 526911729
2745 7763 877286082
23266 19160 982471930
15127 1464 587651204
5603 3333 660509194
1372 17414 814784228
17031 6648 518209529
25716 21997 978027171
9172 13454 532758306
18096 27613 805158971
7076 29593 624326591
5357 29015 575085423
14454 4074 725357599
8023 20464 932303520
193 398 730295248
24579 12427 797653776
15460 24516 526119174
19726 3353 837285536
15247 28797 856521226
15934 20676 870284050
17103 7024 940228527
6170 11427 582327244
25953 11233 990528980
7969 11932 617138361
2446 28840 734178568
24042 25422 644945476
19753 5608 640713924
27300 12159 622442396
27185 11700 793140878
16241 10075 982001328
27778 3065 968632371
16349 16277 895420655
21534 23410 854923974
2183 23930 644893814
7465 12810 798085411
8215 8911 749998967
9581 25184 501006447
9270 5957 521444548
20467 25630 981722070
4662 19205 664160643
3318 23872 599375011
14181 16188 642538589
2757 21669 552143972
29838 15899 565509251
11813 24116 933644484
1674 2443 590463283
23857 28039 782715678
8288 25716 659362838
5258 2994 629012228
20490 1372 744437008
5701 23808 598487242
27394 10305 586498609
29832 14707 568856004
11255 21078 743993184
27783 65 604055028
18967 4658 886157030
19541 27256 987689393
25037 9487 992936428
13966 10227 800728876
14756 7677 983200144
15994 8600 947114344
19348 7473 680236152
10112 16477 635923336
4288 4019 938651616
20239 27575 597635297
22016 29358 788624546
12216 27670 832126052
19859 20618 613112549
4453 11708 911693913
9202 24968 853295234
7484 24329 589989472
14224 100 607313036
22716 10270 558416035
23480 7512 863767295
14547 4424 723565110
10974 22101 941634138
11146 18570 958528166
1502 19189 712817383
21979 13826 609650084
19768 8051 920147459
12644 5770 967593535
22128 25019 554959804
14981 4183 856525854
3343 8929 999404060
23686 9085 706683440
12476 23743 584272710
27284 7754 538535943
9805 10888 626192367
14524 11849 874927820
8478 14877 922386024
26194 27126 971216320
20094 28618 535684773
8048 2357 547134490
3388 7606 911073044
12453 18027 975852270
17000 2217 866701892
10691 12560 978711878
22970 16827 803609962
28484 15861 604653129
20971 26806 840347616
3836 22649 569009886
1404 25139 743214745
14051 5745 580600789
16819 5349 934885396
16314 4921 996660965
13852 21909 612149100
16460 3693 500888407
9455 22573 793756892
2203 7304 864179210
9793 24363 869692581
28429 5481 789208842
21782 27955 919077391
8968 28203 811577372
15259 3264 580001309
1463 11999 609446849
14960 18555 854017260
11118 24784 969167985
278 22516 529117018
13231 8676 747771939
5895 2560 581113093
18541 18563 780095430
15598 5074 938238426
21154 8263 653254135
18313 5910 849432495
23028 18608 674135893
17609 15221 787510640
16427 9198 911611410
950 13117 584492241
26503 1599 882831544
24012 13195 839435806
15475 16136 748677241
10951 19232 950986912
15210 14286 745474108
20167 19105 524562727
26590 29535 715953200
5114 8421 768108155
25297 24666 973903363
16733 26765 812427484
1016 19288 850954276
597 7273 765325458
1881 5694 506973009
7855 9565 858395449
16354 9013 504756599
1619 11713 651200931
26698 23477 632273473
15255 12638 991082847
321 23521 905286553
1189 22868 609709523
4858 26974 643740439
14610 2669 525443211
8052 18861 702521324
21686 17333 908537298
778 16272 763380598
23288 25994 968353360
23857 21782 768657071
25711 13338 947531583
14001 19114 620226215
24004 24858 819330645
3637 26736 580822364
11123 26915 928476715
12587 8727 973514535
18502 26603 615093673
8608 25689 731764545
27923 386 914942010
211 6660 907766915
17622 16362 579177239
11045 14553 701950736
2737 21387 763274724
13420 19229 630982622
22515 15748 641471524
15886 20293 514547755
27765 17420 548106813
7006 23206 740213824
16073 16701 539489495
3831 24395 822357755
20166 7757 510932249
8333 11276 922133568
21565 16385 722807549
19279 3683 893405012
16608 8067 799531976
16890 8669 590863241
21152 16610 526549118
1406 26913 935774195
26451 29086 890181217
26536 24659 800728251
21024 280 767709599
28119 27044 517990915
26485 14635 956910267
13360 12386 949377644
29117 12618 905186988
3321 4581 884796161
19523 25020 897667177
19161 25913 692167728
6038 2318 990496869
27772 125 837140372
17009 1672 685795297
10568 15079 944529172
25139 22823 933024055
8211 26218 894944153
28186 1530 868169151
5334 16978 943425288
5324 19099 940613270
27676 5375 566107046
22269 13434 900768162
4527 19033 763324483
14966 16877 620187964
19301 21279 726167029
28107 22309 565193368
14491 14578 519343858
27685 2623 896271812
4137 5254 705052844
9353 2854 951761035
26431 16536 999631332
9059 14185 732579931
12649 1322 736196777
6495 2354 866259991
14579 21307 933973462
7826 28033 772680478
15718 7787 731939296
5406 20126 734660886
14385 27536 933669821
973 13451 836368559
18058 4811 510015874
13681 14186 949737682
21633 11153 674191738
27468 7197 622320787
11881 18269 514805522
20213 14495 711206829
7496 6651 569288765
26170 18925 603476710
14097 9076 647501411
27856 27100 677718336
21574 969 647540467
5450 22342 574061616
29220 1565 743109760
6307 9748 886266571
7363 22446 654390281
28998 23308 976842920
24434 19705 565010882
28562 7445 989479810
11790 26121 993988366
5872 25231 548937268
26565 22228 672567521
24157 29813 859705149
2197 22043 813668993
23148 28352 950040926
23556 8481 784039263
14596 11757 894881961
19643 13006 681994028
7403 25193 633580293
13969 23249 638149845
7037 26834 753821163
15030 27587 720564885
11580 25450 573522196
19655 6514 893001328
5594 15585 669494086
21074 20363 981579038
1037 8175 658326253
26968 6051 717937560
6020 15020 532792678
23106 20264 912225442
25282 27164 791297176
828 16038 990529729
12078 1162 634819977
29848 8456 545065365
546 27521 839255867
14655 2354 797391899
28808 10007 760362563
24395 8354 983356402
7721 24566 974961079
20579 545 817388534
17743 9221 963741969
17511 1198 765401568
25163 16246 820941466
1817 2639 582947605
13278 28357 516395627
5273 26856 570332381
1830 15892 548690421
7403 12709 961484239
23979 22784 701179211
21824 8636 900707370
15668 17224 529907605
6421 27410 618459640
14897 8562 707308257
10855 28598 595180754
17565 25902 545985611
10023 2048 566072353
5710 1563 812389874
4265 1959 990646635
29709 24113 960602005
1171 2395 895079796
1193 27381 699452589
22152 952 626504875
19846 8677 708363801
21121 13852 795164120
29436 21661 746095503
23184 5658 643462229
26558 18774 637606867
16141 25426 603660529
12247 25762 859746617
4817 22571 962140810
15785 17269 839234903
2272 23423 792294915
10037 4117 811405335
27627 18540 868318782
25648 26664 983656370
20515 11165 590817236
29526 7707 867291084
5530 14770 715647410
23551 25062 729269393
29569 8548 784297147
22192 1750 536809921
14815 1034 624209894
2411 19319 821994865
430 22758 605302196
3828 16279 728103577
7384 24435 794623056
3754 17967 595771864
5030 15103 868477763
12136 29703 589986975
28576 6330 655971424
647 26003 559997587
25060 5250 583196546
19950 8543 859921895
16135 5019 886571827
6433 19722 661679564
3118 22076 573224157
28445 4212 531932767
21960 26307 913573508
3412 5949 791503373
12823 5143 509465134
27438 15450 666425775
29918 24240 732732010
10133 20051 884286586
201 3878 513479209
13966 28644 730337152
8766 25407 939944748
1797 15155 821504443
15274 12749 853209565
9019 29197 651621415
742 26445 831796706
28953 3545 784119136
13588 15077 944601589
29373 18817 733672691
2036 19491 928082964
28576 6032 629325332
23412 20411 555934479
682 17382 800294010
14679 1513 916125505
8008 23338 510017180
19233 15335 529242941
12526 19020 888130010
29026 17418 668201776
2013 2133 760245900
21161 22024 916724674
24948 25935 658520696
6214 6287 713174420
15862 22817 598432702
801 13267 836955884
18441 8102 919926220
22370 12826 817444833
24303 20187 797044571
6944 7841 756775478
2415 13606 994189405
2686 28370 841134677
4399 2643 543105050
4808 28759 936630241
13860 24596 641823697
4474 25823 596818280
8947 9045 940137762
16839 23913 821150278
13913 26859 565475821
16633 27686 797390549
25890 24995 827594634
21097 6170 638534295
5226 14048 652067457
5463 11250 649646614
2693 14303 675295995
14763 21305 929716354
22024 20926 939888165
25980 11950 635588240
15708 16152 748635594
27760 23129 774779121
19706 1130 698015258
2577 15447 618397891
16451 22692 784639702
22953 22542 878613251
24606 19972 982610564
16925 19102 703300238
13870 13896 660050858
18450 17369 664495554
11110 15205 898478498
21895 8471 842198973
22041 20365 688200218
1340 913 913976102
7767 4164 602754772
3443 1790 808239707
11881 14797 933331512
29588 24709 571283389
14690 23874 896335251
19403 15402 566600378
10309 22324 714247826
29690 9129 574572395
6131 19594 500640738
4877 8913 923060059
27877 24097 610456216
25422 11091 804652533
10169 25171 636580085
15500 7372 618657805
10388 9372 600842506
1689 25369 564860091
14983 4579 628638666
25120 25052 723326523
29329 2845 929393414
3604 23464 594002697
7476 11640 515381068
23871 17237 872384491
29335 27002 516198125
22714 22127 724310624
21366 23240 599620691
10550 26547 977477517
5544 5367 841988021
1738 22220 957105140
28058 9678 521543367
2018 8864 737165794
15066 4426 708210204
27829 23671 901033738
15714 3456 576829158
2763 9611 847088641
2295 24699 575324978
29729 26431 999682616
8864 5610 613756680
25443 8969 626737378
29037 10255 620826443
14388 14915 797994303
12291 14411 503331586
9997 10369 748655488
18657 16151 903877713
27450 12932 667107497
5759 18756 912773362
9262 27866 836951195
19706 8132 529053120
1044 29254 897372295
6211 6067 731888925
13043 23368 688965762
14726 7314 928401604
27922 1886 769296119
24508 25 638475630
4337 10595 829839289
4976 4333 998009353
12981 27618 642970414
11197 10780 757320393
14986 3229 836950364
3166 28234 543020888
16061 8357 736341259
14602 3176 531148371
13425 25631 759187389
28654 26515 866092132
20602 14048 767572524
20692 15509 766544157
28262 7367 998040411
2112 16297 754816912
1093 24941 539863371
26165 25957 721489980
5988 11482 820655586
22815 22537 702792096
17709 11546 570361248
20706 4860 894886433
10749 14581 500231294
25520 24334 772896542
20669 6792 882755483
19157 29089 712796264
10155 17796 994607187
4638 5555 996185813
7998 17968 764531088
391 9559 639260302
26451 17117 939293411
29547 3973 915722715
6867 13566 828885508
12794 8555 861312984
27734 9367 915343464
1054 206 677181780
5089 21720 812689159
8489 1616 848924089
13284 28417 720966447
24887 17948 996781159
3756 25982 637683997
17189 6886 768875567
16855 9141 846099541
8811 22062 854599408
23813 25106 627047411
4232 3636 905187146
3972 29389 534989369
16466 26830 770478711
9253 4375 757712798
3059 1336 612151101
6290 17189 967294805
21094 12790 941012199
26741 24683 850376978
11269 12017 795807743
9786 707 623222409
22563 375 723770187
19277 4979 804447992
22916 18029 679660662
8200 11202 521754704
6876 16701 599119803
2407 3816 913026279
2724 976 643724103
15699 25724 725642105
7264 3495 971445568
2289 11012 874113706
2387 15356 748221456
20852 11596 570206376
9933 1095 571899653
21863 16312 651872599
10240 1708 621607940
7943 3996 731334670
10618 21535 521238057
136 282 796071554
10168 22659 842709557
18216 19422 831725522
29284 16937 536395356
17862 4657 572022260
778 13175 707010018
1518 23901 635806345
20863 12776 772720739
23659 24873 987013068
9246 28379 683965697
20534 2939 545526071
12014 29411 863875401
19134 18716 679150455
5896 11402 998991096
24119 3360 698291212
7978 13992 665713685
20379 26303 974970792
2131 19822 921288690
29229 29597 837821523
5798 12406 820620654
17639 14862 594556675
27948 29599 869527031
3677 8671 575267957
17144 9767 814333705
7774 11489 829922512
21037 8825 805844758
4471 29029 699713762
13231 12328 535289436
20798 18111 542571858
19653 14622 559933102
11797 15178 840858229
28781 25877 788414051
3 6160 763089626
19944 6315 925992371
569 14573 517595914
16723 25366 865626666
8675 28706 661349265
23193 5722 900102445
18045 16473 730322570
9069 28520 820047987
693 26764 991047151
1670 989 903921334
12705 5465 830934604
16964 17513 918077171
27603 5586 665684294
19654 3517 714835237
12780 2671 697244449
3530 19203 590264291
21585 28302 760387638
21722 24481 770151909
26351 10932 987400893
17297 12775 999893706
5253 20390 717385947
18343 9555 757044621
4104 26249 914968683
23306 13620 848866403
13119 824 737187347
26759 28180 938179681
4396 3358 596567450
24152 17357 604470715
12535 10917 812364048
11266 1651 831547987
22435 12681 704870683
799 29525 625269140
17540 18650 805702925
28568 9488 507119502
23311 26577 939615560
21324 6317 544362880
18479 21636 575213701
19501 16711 544144714
5764 14548 957027722
27174 4473 937730619
7750 21875 528792125
11440 4944 579968748
12774 15764 857858469
25332 22498 895341866
16735 3948 980385989
18884 24595 650833589
9976 1648 996875936
5752 20106 778700051
24343 21705 580386826
4735 27817 730283093
2723 28147 742149956
21605 19198 505255490
14118 27825 930487875
26457 11954 654694716
24356 20313 536545261
17676 21368 799681421
13969 2279 885528851
20762 7752 909799028
14335 18599 994072689
15939 6670 957781103
10744 27341 865677502
23476 29528 965966751
27506 28924 863367901
24334 8710 581537866
23032 25779 510667922
11616 2794 510847002
206 4354 589467316
12513 6008 612158436
7921 18683 517819109
9467 15293 653017284
10775 11359 794256589
16342 26479 734590785
23761 12014 595923793
3054 22213 696163131
4965 13187 674479594
13346 21181 862312508
463 22573 941776628
5083 19973 909355056
26480 3277 778907384
475 27605 561426387
5915 20582 673046670
5741 23236 754867304
18295 28314 859257855
11840 22892 834923642
913 17209 527575516
17760 2716 752321152
21564 25100 704798182
15597 27279 955047133
11802 206 848353937
14004 27732 723948439
5262 23552 750661205
16581 2582 778199448
5257 8435 743030903
8627 2265 549252318
26992 29871 944524410
23959 1910 568172120
25136 14987 969527222
24861 23852 575150936
3779 1415 742086801
15769 25947 866576219
29421 25905 528745233
13966 19037 654192975
2818 28525 708623618
19039 18039 814714567
18811 29887 911258736
15538 21310 576046595
1219 1291 896387556
17285 3209 731674218
25013 17418 928009336
15005 28820 566784160
23087 13197 559029383
11197 3384 642771415
11771 502 991807001
23895 823 588264519
4689 687 607600954
3716 25234 900230203
24507 29258 764012650
6613 21986 988102997
10529 24257 701603469
23231 5505 754782860
8987 13110 626832124
3543 10305 940200211
19257 8554 583990551
24753 3476 907657044
26888 10473 864965345
29173 18061 913654987
24547 25597 967060345
10415 5667 995958362
2353 14221 502374596
12993 11138 755044145
367 12533 844633531
7172 23330 544112484
26292 22172 725504711
14011 24426 771866307
23502 5414 922854019
28439 29706 817642600
23265 2805 593119537
3010 26646 575164104
20856 4765 661871849
24567 3428 533388832
11467 4227 719175825
14618 5183 895506209
20284 9001 939356905
27802 29168 801160634
14410 15171 823583453
27976 27977 610294174
28414 20422 914714802
3980 2975 856805504
19511 8608 969112612
8765 27462 559294331
21788 3495 818240661
16454 25981 807465816
15194 29816 591625910
19534 1432 954602506
14531 14682 686523926
20286 29432 859967443
12260 9058 922479921
16614 13339 859071667
29066 13361 671009391
27646 24738 657663413
7102 4347 606876150
29639 11757 967801223
8784 16848 699122403
7660 3440 754800471
6053 21992 633337818
20511 26979 916683011
9221 22596 768797252
5780 1206 922195187
15507 23999 951591080
23056 14103 857377779
14073 22395 652284627
12471 8445 675859927
28889 16356 807031960
10325 20767 957401353
8485 25072 706792394
8721 4291 636988942
19502 17890 894082193
20292 7048 881530047
4087 27508 952644239
23962 26801 706865102
23305 22411 712585939
15856 9594 587090030
19953 21821 749403130
26913 649 716892641
17317 4402 503504547
3923 13220 568119878
26107 18829 899969742
14279 25295 611326065
12943 18211 650222684
789 21779 816385377
27467 9374 983555797
11138 22222 942227222
18285 9196 668985509
9456 14218 644990809
28764 27224 748689029
12137 20359 988625599
3385 24184 815165942
23164 10873 520845552
20961 12619 576047862
12752 27179 712322993
1570 26444 811233917
18733 13009 574427659
26469 27401 516124003
17528 252 923423384
27299 18002 763077123
17725 9945 612942765
3739 3099 748702983
7498 5187 919776593
8981 13933 839938490
15601 21885 618788970
11035 21714 788749989
15945 12792 550529246
12217 29680 976512541
1768 19911 833865734
8903 16437 668205293
10653 21187 986603742
702 21546 513361994
27569 16306 698259413
22370 15712 524795787
14089 21095 602110289
13571 7676 905969097
15580 29145 549902819
25169 29236 724338852
21959 28714 749909686
1730 29715 644471801
18597 2277 634891859
17353 23632 691149307
28626 2476 784803588
7636 13549 672608980
10994 14039 546511810
19379 15338 875261968
18570 3626 625252270
22932 16094 714773037
29360 6591 860918105
2884 17267 794184988
13809 11814 668294112
10614 23939 518727954
14680 12173 736938848
14946 4336 767425967
12814 691 795687500
10163 6044 807884402
3061 15021 926655465
11103 8259 612851042
4606 1522 861784805
26376 9889 643734806
9887 6014 760469784
27186 18530 873212667
7843 2195 685481014
15950 3908 719993090
10265 13876 590513850
1210 21664 895394899
4965 7171 937214454
14295 6998 877708359
5483 5793 688647414
3898 23478 762060071
17843 22540 895705252
17961 8727 566406394
28670 7924 696438680
13496 22888 933388098
7197 22519 668204311
7843 16048 582545598
63 14896 956639564
4386 13709 734048427
9963 14326 892039958
13453 10696 970428519
17810 28589 891876659
22586 21414 959319454
575 20054 969875434
14984 27017 792798225
8793 3882 680317921
27615 3417 866396736
21788 10055 628774436
9946 15493 733951397
702 304 551075745
11401 19017 575600365
11035 19552 862381070
8790 7537 820480326
6258 22344 834891485
10510 1511 788694083
24432 28011 658088836
225 14170 867562887
8733 21491 760275430
21878 9819 899565668
10065 15988 522838969
23824 12838 980251029
9616 19381 975362893
15348 14883 660873599
16963 22461 607987752
1558 13100 955592615
21710 14590 878593815
886 10585 615082309
1063 25778 930626959
7478 2579 781279557
25757 20326 709110097
29120 22558 994372596
24785 27527 740956126
7839 23716 821853897
18794 6198 825656379
25223 5319 591945528
22468 13011 601581150
28157 25520 692223756
6558 29930 974501786
7410 23456 844181445
16471 7247 505697109
9570 18032 789574761
423 13226 864951918
17364 24869 913510482
28485 19733 808684440
29408 17489 984560313
5273 19837 730321454
16607 2678 856441358
8748 20914 807866282
10679 9890 781137484
22288 14960 906905333
20357 23731 535417300
16963 4030 592974190
8816 5395 980403322
25385 15783 768321740
14343 11842 858997131
2107 10906 832229631
2630 6828 591744708
17686 17919 989807859
650 19154 810472635
6794 7785 866395087
23582 24242 881270307
17563 5547 818451248
26923 4689 628449757
5834 28738 577279714
28285 8226 596662911
14917 3827 883079660
15451 21263 606386093
8874 28182 738683896
10183 3005 662339931
4408 24085 582018834
24475 23953 895439020
9228 27175 588428568
19446 7788 782795748
17913 9881 677966514
18659 26675 929737823
4788 24022 635056574
15146 25085 565836040
14655 26897 649423950
17494 28473 586757212
19181 23204 900208006
9837 8780 995493118
12830 3005 676260103
7833 4297 863636018
16103 2712 586895836
14319 4791 559425665
14656 18895 724579158
13156 6332 797245551
1987 8921 740462618
12527 22158 565378831
7926 29847 853190078
191 3594 836396930
266 14717 835282067
18578 14607 649571335
10223 5612 980840361
26052 21978 785902134
15886 3908 889483244
23784 29780 899738021
28959 28467 665428608
28389 24386 588089512
7812 972 940998259
14607 28752 539391684
5102 5667 797129233
24023 6269 862390483
25323 18661 729000228
18263 22950 561772924
20098 13047 672627690
277 17270 887083018
9731 4965 916378590
27526 5004 551061947
15203 26031 762085841
20375 24799 753229502
23933 2926 952286331
25395 25925 586123073
9892 1748 755643915
27989 1459 747293659
206 1489 974160000
19186 28090 700830384
28041 22637 709737457
23390 6953 544821593
14717 27964 950250089
4362 2255 802756006
21149 1238 752244617
6590 16692 987542846
3696 8735 913604067
22139 1856 672644838
18010 82 601619755
21479 20472 609285442
24247 19371 815678570
20982 11746 950424322
2369 14795 895769032
27400 3883 939874244
13160 2749 817965655
12711 2177 521763820
17251 15451 810554519
2964 27596 920067723
20651 13242 779932872
11160 1018 742312560
6187 24755 978250061
8316 23766 733563635
13716 11411 845415164
12711 11452 520798326
11535 25567 707559419
23395 28560 733419359
3778 29032 772320168
16457 2075 588829753
20281 13273 689941637
18180 13945 511327160
27113 18730 705758230
14367 22693 633370300
26844 1170 857129511
16346 14251 791326121
18103 144 797603140
18391 28284 615545030
22004 2991 894436903
7249 23358 546696292
9221 4987 636340714
27787 24667 559151047
21598 17604 896787374
23915 17684 996254972
28681 22599 721331264
18569 9502 564605026
6194 27369 630098703
27789 4407 600208073
25244 9283 726407062
11355 325 596046498
23554 23535 846677907
610 28330 772177379
26703 23761 925382167
2322 6313 816062967
17273 1813 501793571
15772 3442 877246155
28273 13188 643805724
12105 27967 549241381
26478 5010 743504886
26542 7998 737491779
18355 2484 556335659
14598 23252 686027242
20986 23532 514883891
22530 21663 656599206
15625 3497 661533691
10423 6371 757535679
28571 29856 821745310
17402 2886 810791455
25622 10955 568295541
24760 8109 644285188
29053 22176 663965708
21918 27307 573007626
17693 26143 598230517
24736 11869 534948765
1089 14139 818877221
1925 8969 730616188
3131 24878 828427751
2049 24641 896563348
27851 14560 660247480
23375 18885 900008940
16511 5751 534483684
27184 16897 808635297
29645 8770 777391408
2882 6583 723450392
23442 16182 534613109
3348 595 913354199
17964 16899 557085718
6732 8748 750675521
3580 24069 601646542
13066 13519 922574013
11487 29717 908724310
3017 19097 513103509
14609 21344 552047759
17095 29485 966102456
13486 27109 668045444
12316 6181 740397560
17034 21188 835574732
15400 8811 546151542
23934 24866 738448340
11719 21227 725378521
16852 2916 867273926
22538 13780 945638928
5796 18665 806090700
5787 7995 719877562
14631 6632 820761879
10658 21086 916137907
29011 16328 522009806
3463 7855 863077610
19787 23547 515664128
3639 24479 616756893
22403 1028 888030328
14931 25223 610299607
19934 23384 538776330
6315 9952 687644990
23383 12214 820079129
10561 21497 763870595
11176 4346 569016733
10598 16487 725808473
14842 19130 868549576
20024 4438 762829458
26266 17227 953580020
27574 2633 512514735
20729 12659 878487708
1392 26089 740399795
5254 16193 627922135
28527 28880 955766866
16133 16392 602449757
12553 15376 743332210
1944 27145 536741598
7690 29008 640368591
1670 22742 920359307
29200 15456 585979066
16263 16274 695696698
4385 24573 847355075
26991 12713 832043242
28448 10005 752884544
28273 5365 955652774
14131 26591 868821602
11857 6707 838164070
16041 15062 627410629
27072 28120 960962502
27312 12298 882519475
22572 10033 722154999
21120 16667 823018904
26952 9202 534036771
19992 16382 505414123
22641 4011 794660574
20896 27051 784619370
20807 22334 652089480
14563 22781 688259885
6381 5725 577432544
23061 15633 576504632
6930 24574 579822925
2248 15491 623035592
3668 14149 720812714
26088 18935 689233380
11619 14037 836464700
3849 1236 928501815
14534 550 778308668
20885 16744 879793843
25507 21124 676117786
1697 17025 540263082
5463 13183 518986314
23577 8174 683946561
21591 23371 671447860
25351 19956 692641877
21032 27427 949469695
10384 2575 553453376
19979 13591 968062452
9157 6199 525004771
17456 15105 830969927
14955 9825 595940635
10951 23958 726797436
13885 8827 685807438
21657 25269 715675803
27132 521 649506056
392 22484 603496575
17956 20364 793847746
24359 7039 731552414
7482 29157 611749421
8604 450 695647722
22190 11678 912733758
19849 15613 904524278
16261 13056 505378813
25564 3325 597685036
27203 13094 869870119
27795 27611 860902900
23374 13342 827046509
10912 24970 535481492
7310 28904 532034738
2246 19009 714027298
9798 4320 818020332
25428 18467 715428146
15763 5620 767106143
12009 18482 706282452
4983 19291 783074275
22152 6322 786522914
5467 21373 986906645
3125 19774 715593551
21451 2329 658152092
22494 11866 627090314
25499 24856 523917980
22968 2529 620239676
27769 17864 744328476
7923 6159 568364363
24955 17814 785320099
6783 24855 740586345
13291 3547 716328678
14704 20361 810986259
17514 4826 992427803
2043 378 837224324
17022 26863 909857007
1903 15072 903314659
18111 17232 776172878
21672 4797 768516001
27379 3378 590859499
27285 10244 838674706
14760 4689 699659531
15015 17440 759887450
1449 23309 941952009
27498 11231 805427546
6552 16810 924292370
13938 22077 792596039
21798 1128 916065800
27645 15061 765016519
28417 22028 632968966
11982 16866 797836102
15422 25404 882502377
7533 27042 989897013
2101 16721 880769093
13219 10936 558779677
19257 9 766252365
8599 21641 911656872
25952 28582 606791576
6465 26839 769341805
25117 17268 848849637
15770 3588 588420729
17440 28010 926144117
22544 17982 700502913
11940 17231 637229356
10786 8708 519458182
12252 10034 626988611
4167 26657 783048928
27204 22605 611019221
6778 23542 747220048
4385 190 830197162
23483 6888 818432301
17578 21155 814841098
8293 22266 922562864
7188 18859 928401241
28000 20521 904882676
10087 17461 644310972
8324 15536 922208823
9804 10275 718703685
25408 10291 544345851
21809 14151 972881018
2922 6689 971854281
25500 1948 680666086
29528 15716 965532390
16171 27773 819080026
27606 11121 907523182
3863 16171 536708015
13184 1778 635661459
2578 2987 505241476
28526 14715 576582886
20515 2552 759738784
23594 17273 869215428
22303 27979 975561567
7292 22279 699495208
4650 13453 844812476
26864 13900 667013721
19308 3627 800992396
29642 20583 971967947
9510 9512 673582850
1516 16222 936104904
6518 25276 921190548
10525 4628 812109638
3310 3744 986907306
26445 9690 754564711
5342 15870 688831505
25009 28366 830155644
28223 17418 855488612
4133 28997 940876262
26695 29557 612710269
17559 6751 822659163
12067 13114 810243281
26868 25955 894286237
20178 8101 742431219
22710 17391 616612710
10085 19740 754721911
