26361 634
11942 20875 746443620
10205 34 667080201
13891 25482 760795694
22548 10833 907448788
26126 13777 830381898
24950 25112 799257475
12465 19938 900790013
26288 9194 983314836
18493 22091 517987925
19084 14057 711880727
21823 8123 748061052
13920 283 918165283
26244 17201 699917562
19606 12569 572814993
19556 15753 687097422
8738 11163 892641391
10919 21745 778674752
23499 16144 584335929
8495 12545 752509685
19829 24076 752869169
19994 10956 646866928
26010 11495 544391230
5382 118 972156475
3837 15083 535610247
5039 25377 672033547
3096 25944 612885896
9937 24507 918226525
25702 20150 925068382
2857 1247 852361808
13159 452 628412264
15002 21573 931187243
23802 13736 792402516
20486 12360 946276379
16278 16014 971315713
12731 22311 859092670
23424 22272 936428590
17681 23427 840051008
23643 12802 598920969
4014 14850 845339309
2878 2206 963203694
22916 10733 844169446
2215 20333 545954388
7984 347 617030168
12331 5880 779380438
21603 10076 920986594
9340 18108 648110302
23209 13031 581959306
4674 12826 922082889
21895 6623 626223594
3919 472 660299260
17974 7070 910439872
23267 6406 987342036
15863 4004 982489186
1804 7378 543299993
10538 19541 504897785
14749 14119 903376792
13781 16932 598863780
21117 117 781374141
16598 12756 808820519
3012 6524 680003418
19157 16156 748977397
21603 6558 612701464
11995 15636 541533075
22872 19651 906789597
10937 8451 892462971
7540 6023 508950029
13987 2784 716035173
13079 20409 753908061
24966 24418 995857802
20855 17408 628978906
26144 12318 628463428
7323 21873 780400205
17726 6998 996778474
13505 11193 651622096
8758 21981 688434479
985 2303 596817681
2006 6922 829289596
13597 15773 825455625
697 17306 740494611
13103 16433 684921349
12424 17231 979350303
14365 25134 963956073
26078 9603 740775120
15502 9362 994089888
12771 12995 714606432
24625 24944 687420144
7673 4965 934631139
1059 4692 595091937
10176 9867 881340962
16877 14861 867352704
22856 7088 833147082
18543 9093 692250099
7520 24941 501508774
13852 8123 622211401
21155 16389 619493361
15807 17168 680576109
7648 20818 689259995
17903 15750 690229124
17110 5316 911271453
11302 14830 682851724
26214 10896 571437239
10557 9064 724115891
24399 560 960828656
10476 19589 615473925
19320 1496 631043471
11014 5282 882930037
4642 13093 525716418
1954 8479 520268118
24492 12338 958628725
19001 13527 629656724
6469 3211 614920984
5560 14122 565885586
6089 2672 657007634
1848 8015 613169644
14034 19339 562999716
23615 20698 763722070
25434 1944 899506330
25872 16316 535089163
12144 4859 752748781
1657 25925 576122297
10953 20630 918880238
20995 19579 706625826
24972 22282 753275715
6 5459 649546509
25917 17040 892973625
10752 9274 573706654
11003 16402 763598981
8126 20952 731169710
19543 25900 747625311
22851 20246 843601921
17746 8645 903485840
25664 16968 742006974
18894 5400 690533018
8533 18539 674987237
20972 11423 630486275
14352 1694 745123551
17144 25355 507440954
19409 9123 968639178
24430 25147 545614445
11907 14288 994663448
13136 14516 614903460
18691 22296 605814381
10796 689 835013189
17124 14208 810447610
20508 19152 743516268
2567 15793 569184246
5165 18309 508107452
23336 771 997147779
4457 12860 967783243
20977 5400 771568545
5945 9142 781612696
22321 18256 772153478
7028 11248 535732580
26185 5474 755436604
18017 12888 735243510
11114 16966 796487441
3137 15166 881022685
15873 9183 998669216
5758 8967 616303203
9343 21651 958679120
11417 6123 592811648
20246 15254 708955151
25034 10371 933133457
24380 5003 718387515
6671 9217 761366575
4621 16155 964336414
20504 19900 949990949
7031 6020 790090432
14740 13120 715640387
22045 24329 775906511
7782 14635 825565865
16985 17872 593704593
4245 10939 936463179
1574 23069 624225324
19420 1212 626677940
12961 19629 771785297
25768 2710 700956132
25769 10936 633354654
21416 15088 813672367
14756 25187 945172796
9768 13796 718240391
12444 5815 545471734
22188 17513 752244116
13812 18192 856963474
3600 11038 707850965
11373 16132 599828884
14670 12267 501343937
1373 21760 629195212
2677 24024 538741734
24176 18831 752202436
11688 2017 900267156
14228 8311 973826670
15631 10374 788358068
23181 4297 837489292
8001 19470 512666037
1365 5640 557910780
12821 13463 674861292
16578 15147 891913696
1540 24311 544500793
26089 19958 541694314
1031 23237 525614942
20777 12843 701847758
18195 24470 942885097
5612 14027 884930873
14087 23143 945693624
5855 25801 861513168
4626 5527 768767125
12286 8014 613869579
11175 16293 800926671
5037 5528 952374843
11738 10218 608377028
2071 5547 622083131
11950 16477 681768477
21864 1792 806420941
7402 23192 678668053
26240 14003 834429996
7690 20859 585306336
25660 18964 869385545
13713 3536 830685561
1803 27 653339969
7167 19008 526425684
23706 8728 592276869
22370 19314 873336563
23652 5622 649981449
24275 8049 961141387
7970 12558 663606661
21072 17276 767721211
23580 2976 786593012
12537 22784 630237929
15647 2822 690185277
2463 6810 672003759
23935 18033 721619027
921 7896 583107252
18391 23713 673459620
13608 23809 727923277
19309 4383 654227131
10411 7375 972972010
13393 13560 673906654
18668 4475 942122819
4345 4648 807917402
13494 25739 969277008
1851 6204 669989965
16755 5877 717781550
16951 8957 999794327
23863 3820 695237995
2963 16881 705850345
13042 19768 596905693
14473 20657 737465007
13948 12907 779121490
25867 4276 623121310
8591 11818 817497630
17774 17033 633547617
11714 5843 995393855
23762 22006 528574571
15735 12544 507843070
20730 13301 821811796
18090 25095 530900638
13004 17766 590969043
20859 6149 592719684
7564 18382 834481888
5790 17312 659854646
2350 387 937231880
24054 4158 796929737
5441 25695 555868070
2804 12717 603845737
8139 24488 801694054
13221 9675 711703579
18625 6625 511365790
16599 15975 993765116
16636 20303 575866282
7225 6463 733671645
25070 1135 827608559
24516 23817 516933650
24817 3785 895500637
15329 21880 648484806
14681 21831 983888913
18999 14800 881785764
1126 23881 590793486
524 24273 559054597
25575 18747 681727755
5615 21027 919996110
22328 10039 555685127
21484 25819 985310607
13075 7097 630438279
8294 20439 746680865
15941 8261 785168717
7265 24692 550380846
17244 16051 881172319
1148 9722 678554767
18252 8021 656050265
21176 20989 748339005
15393 7953 503840583
4119 18641 762494797
3454 13287 661798340
13895 21826 954463295
13493 13441 934649613
14515 3859 530778644
2456 4072 732076716
24461 988 695851631
24194 2087 954352268
12233 7859 711013231
22880 4360 568591155
8692 10181 912191792
25063 4228 732110361
19234 13932 548786030
12593 17039 606966292
13589 5051 585558907
16818 3687 600872494
6794 12893 710262498
17871 23272 590661431
9996 255 769416571
12941 15013 648623966
5650 3186 978889464
23763 10632 566477262
8213 21777 536475854
4815 19310 623228157
9618 20688 519747538
13051 12708 520850034
12790 26045 846444701
24415 1199 541880700
19911 5818 602335083
8857 20937 749124204
3484 21502 968466166
3542 4539 840990686
22418 956 984261637
14130 25134 702999109
6102 5183 989656493
18976 11185 761777904
13714 13574 996193960
13828 18286 967217373
11744 2931 931898070
8433 16903 612943868
3423 23520 783171092
25644 21172 756926205
4492 8546 758426911
20775 1962 581640572
15066 18012 938726722
20501 14057 533029115
14384 25763 992135427
23936 12483 973113266
18687 16764 620339324
1097 19325 537416133
17800 19940 856996432
23935 16357 667796487
11195 861 802514511
2683 24781 942031103
5800 8683 916671323
19155 17505 585731667
3661 2336 637546580
17305 1945 887852674
21759 22760 911240932
18118 4768 832996567
24853 8617 752345854
9901 10422 960556962
11662 14562 980739941
10963 2489 652403190
13724 23924 747107389
19639 16094 579568960
22245 3009 814353914
23866 23017 718418268
19536 1350 633240717
21365 6868 813006563
22012 2056 865957656
22820 2105 621040396
13931 13140 732733165
18194 10665 777301996
17261 2892 900724861
20245 3401 767092480
24859 15067 677041212
9377 6585 651704762
6454 2451 591375985
10403 15393 526484348
19638 25277 922476319
10374 16309 537193895
18656 6191 568917133
24394 6071 877969926
4037 15750 574774968
9769 18008 722450358
11324 20971 908140557
2899 13677 529604259
10721 15367 970118765
7094 5053 993434873
22094 16145 715891563
5964 25018 797369201
16178 4600 884677857
13425 8998 679570153
11841 24475 576759578
4816 12686 682179280
20715 8749 910542221
18466 17347 638206371
24264 19338 662446166
18587 340 647443087
16833 7391 523510167
19040 20797 684672304
24099 22139 660093802
18973 23516 702930984
715 4919 563466271
3509 17068 899909596
24747 7591 811091971
20880 8302 613525910
3394 4185 610760222
15665 3020 904197097
3247 4714 619568011
15215 19465 585052138
13219 10344 552517431
19983 4535 650780911
10683 3962 988849119
3077 11346 776384036
13703 963 622456588
15226 7051 661069611
7432 18713 904542560
22772 5539 970380978
26137 19971 601299499
1556 19405 773485915
9538 23421 903226459
9409 16925 672627066
24651 2817 835676991
23817 81 889369474
21993 24667 501574110
18127 8475 859378076
6710 14969 983284290
3481 12880 955558291
14556 11971 762985243
3036 12121 865267136
13603 5652 850809067
18127 6192 614372212
23623 13301 795286693
12462 26307 688121227
19427 1787 724557746
22797 6075 853186111
12425 15323 903708475
756 5728 577097657
986 15868 715134940
11399 11997 559422195
18393 11691 515676146
13569 27 873792718
12327 24550 952677035
23875 22341 510014161
5703 24032 906982887
16448 25540 740597430
15667 25825 505912194
6824 5214 526663669
16730 13977 508271077
5002 20049 789203027
10708 18778 827889785
23442 17596 514009335
15347 22806 558613246
1540 21077 525355767
11751 5515 772192738
22495 910 758530883
253 15040 977874295
22186 18397 766091167
23347 19494 575705986
7217 23627 585778416
1641 14106 891171909
15895 6261 519050306
3343 2638 922519848
13746 24885 959404718
19176 1399 646663070
7345 24346 644810683
14880 16606 952054114
22084 22772 818020022
646 10330 864977890
7254 1474 997964721
17553 17449 627200591
24659 11134 816594328
24616 24803 818407315
22055 11411 949435571
15151 11262 644430204
1766 11363 527905839
14048 4088 561003947
14320 2876 965671160
9461 4500 785934284
5292 22463 817881462
23126 24070 943439267
7836 4431 978555437
4071 19395 826833065
13198 16141 957432453
6798 15553 963903274
16981 16430 669545024
22718 7990 537503781
6998 3529 658237484
12974 20691 636137980
23047 8000 921493487
10163 20144 804257723
6431 20353 926214447
3740 25223 778605588
14714 22184 581155347
2055 19655 668197281
288 12916 901367222
16449 276 584772935
3486 2500 531490149
3186 7132 880729756
7861 24210 909071011
14815 9224 901596196
12363 4470 777792070
17578 11429 906054316
17594 8444 552506162
9521 19698 969164936
8770 8030 606639039
7795 8142 885631582
22299 23955 802036492
17096 22777 921659017
16193 16775 782288610
2916 20041 693860686
15232 19159 845950241
7465 17782 616442748
5811 13618 504942520
940 8330 527293387
13593 12921 706085139
8799 7167 540218089
12945 9629 737863080
10155 3201 729342693
19260 6628 506457869
19349 18612 953623652
23515 11884 827291478
8895 12364 690911711
13560 12114 882750818
20503 2759 631419001
14696 15862 787290499
7796 3247 712040538
5049 10914 556235859
3980 2382 621385519
24239 9828 703108157
24089 25778 559037760
12108 11684 576494663
16343 19678 600729016
12303 17865 738340719
17718 22209 887146149
17257 4359 744029754
4087 22629 773868771
15869 3798 928433890
14942 2114 593839331
14703 4874 625149337
20911 7264 728299146
4223 5223 863120748
24006 8139 809507453
9831 12171 748546006
3763 151 551209699
1983 23267 908503333
6703 21094 993128329
3019 17133 516096343
21572 18778 878356581
16402 23821 566412274
20767 769 521309698
21174 10006 852744842
4669 24986 945736517
25521 8714 743882338
18987 4924 543544429
10658 20758 561976752
14356 6825 587606192
14613 3956 505418605
11048 17856 670358805
23252 1193 591802178
2304 6976 593676693
23091 2363 887833301
12666 5378 663549865
9902 22290 779695534
14838 12144 582406463
10419 88 691095831
5213 25646 549427137
10173 12393 867792589
15407 13366 526277573
1527 20120 568964924
11137 19314 543769194
16074 11636 987688150
16797 15315 617046767
1890 11762 666405548
24112 12499 759497647
9835 1215 521512995
11847 22196 792404407
12192 6079 845479779
20362 20811 863335814
20105 1763 807244187
3205 18629 609932834
8093 23373 819912465
17103 11529 542884762
8782 11745 933465739
24069 6079 559823009
4380 16510 742814675
20098 16234 889823192
10625 14292 949658930
20103 13415 693486676
8981 3701 895460788
23542 19528 592818377
19138 19801 792980075
8459 219 784490544
20220 23240 781501486
10993 22719 970954897
14710 22724 920498509
13052 2751 892121762
812 22675 696555510
25883 22484 534189608
9965 8510 736679160
16906 14194 798880682
22242 80 855166706
23755 22326 670406125
10311 22809 763968076
1550 3886 655485773
9466 17306 699114902
7317 25976 686382979
22959 2853 919608472
16891 2284 777013013
6622 6304 730846757
315 2694 939189905
12654 11026 925983626
26309 23136 559623003
4164 20750 674499958
9516 16124 983431769
5909 3345 784755372
7752 13265 584951843
7091 26086 519077468
10861 21206 675394489
21301 16731 939054682
16959 21150 934192941
13891 7685 571606219
1953 5846 636454674
13611 22872 718492047
22849 7281 873455201
22776 22718 782450454
40 6440 517340862
2887 13317 926415231
15204 14005 817291457
19833 25027 871236777
9839 7959 585384072
9835 11081 581693869
5308 11185 854597713
7664 8156 571675498
8674 21285 754510593
3829 9124 647745906
21561 5919 587440582
6845 9838 782479939
19946 23414 727205810
19520 14084 845707836
