258 4501
61 104 750772119
13 53 581661588
123 200 640928328
154 175 703688769
221 125 696109441
189 26 998443919
191 123 805486596
228 88 986023519
173 1 551367738
250 154 881995911
130 131 745925554
61 111 789317576
247 155 748075418
30 38 748820622
223 120 675823348
4 32 557675514
255 133 816000132
167 121 689906142
148 211 779704329
8 177 772608652
135 143 920726215
137 3 563959456
64 74 801161396
148 153 518703540
255 44 541789116
189 249 920257720
162 173 992420545
16 176 925691496
185 219 996691787
236 134 773434130
64 170 740006774
54 244 623457093
143 149 514657271
240 42 597609481
11 227 522430433
150 243 789641221
25 130 873404597
109 110 877224959
165 242 908149309
255 136 582458088
151 127 883546124
120 224 771292218
115 195 880153483
181 5 550323901
133 113 776076923
125 54 906628381
247 5 771056804
161 249 889331485
60 13 689025198
113 44 840381395
31 100 818275235
196 210 867778758
79 20 873455679
196 130 910807488
162 143 760389808
96 146 820424674
45 61 976860033
95 79 545504473
149 97 740927878
175 42 617061014
231 27 961091681
29 143 912466220
11 21 861970727
213 258 850314456
89 245 711816299
203 202 884306563
177 182 866180480
241 63 559275773
245 211 696850538
215 113 790949920
57 255 893128595
149 44 805369121
185 41 835116677
98 27 837603674
16 220 945463965
170 232 592860331
41 80 973357473
236 93 526106364
133 68 793456783
203 80 560173331
205 203 975553375
13 175 857724460
80 137 605196595
114 51 873834454
191 30 532781724
196 220 507686193
245 130 871624081
223 38 742203576
213 95 524757979
179 127 664497997
160 213 869559184
10 160 689434130
230 213 835042019
107 91 756902065
248 202 994997112
51 233 776168126
43 45 887857875
136 130 706802646
73 129 737389663
198 144 783736387
231 133 811504793
11 239 567381076
149 187 986731797
134 123 837512489
1 214 927416347
163 57 665607998
22 16 503938882
110 205 969365250
40 81 744839702
9 230 907558038
17 235 757597659
14 127 899820734
150 193 670456533
58 245 914859579
133 54 528202727
66 72 513959798
226 89 958624224
127 237 943764937
153 237 507440988
171 28 602458677
107 253 526091401
174 59 773001961
39 186 651676479
89 130 659103179
23 203 651961267
144 216 580048874
103 59 972851228
162 2 857173559
85 254 686969088
218 91 520398492
110 40 506898628
161 74 682220173
172 225 541192880
192 119 707627943
79 58 675978324
87 257 503581765
58 109 746842374
103 194 856075664
244 159 722466893
221 71 929053032
119 187 895720446
212 156 939398285
10 8 846927216
115 156 897997887
72 52 988874648
131 45 574457881
95 94 712857047
218 226 967003038
207 42 837337323
128 14 565403909
167 152 985998583
34 72 953999577
247 175 716641455
41 101 920995391
139 194 522025458
229 199 964858183
132 51 874872931
90 73 936334753
161 101 759632407
238 33 888626580
220 128 920329760
54 3 957497734
122 79 964699294
175 172 674743729
29 207 809700166
153 121 531860087
107 154 844893534
78 251 886772698
191 244 890490632
102 208 557180446
67 2 872976768
45 47 915015928
74 104 998240502
36 34 577678318
127 75 955362675
19 194 825456903
119 80 761716995
26 84 713425743
41 240 889024433
148 186 658936374
255 5 552920141
34 208 802235623
80 179 791812804
134 242 554104121
186 228 964767738
244 122 551302604
135 41 521266520
197 94 768758318
187 109 682046816
244 113 886763771
184 65 846757693
133 61 571851665
202 159 748888039
203 22 749348620
225 147 804008860
163 222 993834079
161 14 953463099
245 236 771298495
206 15 992310426
60 58 715430507
96 135 773085718
187 56 686497077
3 78 637757378
216 209 992833116
46 174 770953474
160 80 592601334
65 119 587394872
220 152 733764374
243 257 905024576
219 44 593134555
114 48 812404373
237 109 821775493
158 16 906032629
135 252 875649602
220 109 990325881
171 85 910652504
31 229 603644233
227 147 608536058
236 25 901528304
111 221 644529800
66 246 911262734
30 36 882896515
22 47 833412428
213 246 868534285
94 75 503481614
166 109 835533713
250 131 912868156
181 112 832590630
190 30 510846511
124 226 979608781
75 90 552878590
246 65 602093845
139 210 570335886
119 59 905150857
177 252 560529061
173 170 662952837
62 67 800684001
144 82 691746668
31 191 771093925
158 42 579301719
90 244 822246470
219 228 800810843
147 48 502728319
242 63 735678421
114 120 808160212
255 202 864660658
122 160 939594857
1 101 690202737
72 177 677927691
114 54 676604889
114 254 895967043
247 191 536768747
125 175 610660127
246 197 655279231
92 163 849897254
29 62 789263775
224 121 508810117
245 82 713763071
79 178 989286655
189 151 748668632
90 257 687193586
242 35 774294801
51 98 613203661
255 177 605915817
256 250 715100866
203 31 875092218
172 142 871535479
194 245 845041279
142 103 983891009
74 38 837245252
193 244 922027988
209 205 837705449
198 226 931398309
32 256 720122700
139 144 560419373
213 49 788107811
110 174 594069489
230 177 728660482
32 196 989305967
164 22 738053224
155 195 661248897
114 231 594952525
37 206 591174928
244 76 936314050
161 156 513298118
135 179 937988673
56 247 966967568
203 48 950888083
184 141 749964529
11 209 870649820
162 138 650200076
74 163 895491515
173 199 508957162
55 222 897553364
107 178 538008672
88 92 617207923
130 16 872048638
102 171 764035845
154 236 875076484
50 29 845844865
1 139 638259815
8 28 556786423
54 40 500000439
237 170 524682455
202 172 803305609
231 73 913788920
237 13 508221314
232 203 688669733
216 116 935080649
9 56 871507311
97 120 871887062
166 225 941092876
206 101 523451301
23 256 549956977
123 22 604155585
132 17 956308761
253 92 654198519
77 146 860121839
140 27 825553895
118 161 771055847
249 56 847115136
216 65 970241919
180 188 677160739
133 239 834449266
65 64 742175432
163 33 538523375
66 252 672534858
42 197 536030035
7 177 889388844
99 28 755648390
88 205 648348577
79 171 732225087
254 145 649714408
187 77 978970036
242 39 561107388
64 250 709900655
198 204 600760040
240 73 870921702
42 245 831757995
106 27 775879590
7 222 891642629
182 68 856984549
107 202 947134283
169 22 998607142
149 89 853467307
42 251 632674294
112 164 726679109
108 148 944912933
155 149 579722101
217 233 646610170
110 197 988836500
151 24 940692996
32 162 716493295
251 49 628563248
187 251 874852323
243 47 991893276
253 63 697687168
108 180 991370010
80 46 748880878
94 241 545738259
98 169 986732272
225 150 893843864
255 38 581591242
68 211 653686091
202 220 961615563
258 184 883019206
204 230 809175917
29 44 804672946
37 14 726064554
222 86 893311145
157 101 707761500
109 151 816826795
163 233 546935648
52 219 720945256
46 107 622596092
18 48 845420748
130 258 595413470
2 191 932431482
238 47 979440385
115 134 791787970
150 154 734715860
221 36 697692556
74 103 897297931
241 10 563827761
73 254 931813269
65 32 617921914
89 218 729808794
247 196 783525694
145 73 833357208
247 174 705772441
33 237 846809019
219 77 841866054
168 170 700182476
75 258 901412990
155 5 713160965
167 52 860028986
190 69 830979994
31 124 935473683
125 179 578406058
14 87 778902534
118 252 911811367
117 138 591767623
60 101 685964973
142 109 641971290
17 68 967177051
197 202 546661885
93 21 648339629
175 25 730035829
208 156 907719426
21 108 902253753
187 13 883327205
157 102 920880904
246 208 603976274
5 170 931480150
251 149 660798335
87 224 735927524
39 29 802727883
255 27 647994885
176 158 818529743
92 2 821409849
131 3 783087944
85 54 696530013
248 208 511787012
75 55 840776446
70 171 530437553
13 250 885219094
128 112 894671443
242 151 626965194
63 52 945091698
172 222 706481003
246 149 992159028
24 94 801600151
251 110 578822352
234 151 598964573
13 116 502545072
247 67 590296271
116 3 820900089
183 142 883932477
219 151 877412699
152 181 789012009
148 251 934680059
100 75 769153263
98 120 953742018
211 247 566078423
86 151 995332022
229 154 720139213
21 214 823577472
190 155 793697717
198 187 751947754
91 170 553839175
241 83 966225149
150 6 990082686
215 206 537740405
185 202 571930954
108 192 722640035
124 245 593441927
206 51 822846851
23 74 831850039
24 200 934174175
80 103 844003153
66 33 621288585
152 122 906114052
2 183 995115773
68 194 663512998
66 80 983858584
196 18 627939888
38 230 605522138
218 29 759548097
88 72 711655652
251 60 612836598
77 99 535350115
146 10 689585369
144 177 583419872
97 50 797967042
147 189 773603294
203 230 810998993
173 142 780577926
166 103 853516671
97 169 941171932
255 93 859915867
45 164 812499677
256 91 649268182
219 49 603304079
175 33 754159473
237 74 561945284
44 239 657026971
194 8 641317111
165 54 823800323
167 16 584947101
166 253 917917454
200 80 885161426
212 159 887882364
83 250 539008490
162 185 875383443
163 164 948892929
110 170 586334163
7 113 824015621
250 6 972041153
148 190 867863256
244 254 934332330
250 225 535740896
197 236 968563661
192 8 855807925
66 65 702652556
36 25 819915856
161 40 612519933
43 30 745308943
250 247 831928905
74 80 709741421
247 103 998014823
140 148 760137208
246 26 945471425
137 54 767187515
34 86 915570807
216 146 860859270
32 180 559361440
137 174 718830235
49 60 919743929
40 34 671339950
163 113 961031605
94 40 831509375
196 103 559404055
206 142 915342968
82 60 667204555
203 102 821035153
37 109 993656831
90 80 595586301
134 172 970260914
87 168 886817887
197 157 735892926
172 220 885624408
211 53 994283429
217 28 961884477
21 72 741016151
100 141 773096668
52 58 842378137
10 47 906272661
33 130 908942451
234 22 972979080
157 221 841064095
115 231 583465151
138 52 751773050
10 14 915513265
218 225 832782770
82 166 814581040
79 54 832945841
36 29 610061123
160 49 742676378
162 29 965817273
167 82 945008938
237 180 682463127
150 13 553470298
105 99 840961069
172 126 928704764
247 161 952201706
81 226 991863399
195 217 543712002
43 27 603810082
168 193 706784353
250 70 870187402
85 217 768788185
227 253 594171319
79 44 569375841
241 108 655534766
10 254 501954862
127 107 540248358
147 235 961531058
90 20 518608767
72 130 846300533
17 152 792419107
111 159 834498249
27 25 747551518
44 28 635362428
128 102 598334381
249 69 720063663
219 69 540350142
53 83 866421393
255 200 715018105
205 102 587915540
23 113 772081040
236 218 863535768
227 70 692735871
253 243 514515645
218 202 965240029
122 23 809743732
107 92 584336497
136 236 665601213
92 202 660157662
221 222 506936300
137 13 963482991
109 145 648778504
200 3 909345284
91 116 899628120
225 106 898018389
48 26 506674394
29 2 769884627
216 205 938107118
33 140 976707163
212 106 578207719
257 6 648702648
204 69 780870783
187 95 826733399
131 210 557611906
39 177 653726592
61 206 538488165
166 154 724612543
106 2 954294147
31 107 529803072
120 53 870057597
184 250 569407886
115 104 775662660
144 237 861840555
193 99 502240563
52 137 871017663
61 218 913088345
35 79 548819874
167 51 850028993
23 98 798329022
149 201 700743370
198 251 650975067
195 165 585705936
9 70 820910416
247 190 903469657
159 182 585073700
32 98 589646077
72 83 567019340
188 109 654289307
29 227 717399714
5 200 816428799
206 178 741897085
65 224 979212275
132 189 790467684
136 135 616018759
149 65 825529269
36 186 844354763
49 100 700472284
229 21 945955084
220 205 770277910
232 159 796544813
231 20 950522906
201 230 787790146
199 239 707423449
186 75 837061498
89 146 582632226
47 116 730189324
100 143 609735446
21 12 948445832
238 168 600990635
21 18 796033388
128 194 709508889
252 53 867082541
241 208 585124786
38 225 703750181
19 231 771008364
224 130 774407514
98 186 610124700
132 89 713200670
20 167 878570217
1 5 856722161
150 87 764913238
83 159 724810052
256 118 667215568
108 218 787174655
123 239 620478107
195 225 923935697
66 63 552382344
244 107 985579514
126 165 825116071
158 34 971971917
25 102 509164411
77 210 788382724
43 61 617908525
239 34 616019284
3 197 703041871
139 245 561936747
102 199 764675069
20 59 873383183
138 19 868362755
69 198 901772322
8 208 949072047
158 147 800936393
11 89 719217651
110 210 764298958
67 163 628828856
198 249 788088910
69 193 617981696
154 142 894105476
69 222 710057724
111 219 724780541
78 35 552027398
166 14 581794975
107 53 641068793
207 89 725670667
148 205 960083215
29 187 566393834
124 225 988756552
92 128 562527443
189 253 832298903
207 66 552000649
193 19 570184393
97 168 658447535
1 257 971510269
9 203 862975449
111 198 838335076
44 151 631584644
254 235 998163031
148 104 562205173
69 206 504695806
52 258 720123231
68 1 952699565
3 152 831517184
238 174 831890517
243 153 898832498
200 92 627707361
211 228 548865413
21 39 779080490
133 66 625073766
126 41 980917305
90 40 897584192
119 73 756504947
105 7 751050079
151 100 589465304
202 143 951995276
213 183 801887623
55 250 643307546
193 43 585271615
1 7 686631614
239 128 734629905
105 43 863094043
178 45 525777829
157 180 955900747
126 159 948508663
50 251 891655781
34 149 609614081
117 116 887807355
16 223 683235290
201 11 952179793
182 228 693462880
105 166 946671125
178 252 505250133
86 36 952556033
217 127 529112762
241 8 696836637
75 39 716229537
149 245 569620931
26 83 846433616
70 161 848762650
152 76 920034987
196 92 927694364
80 13 932499343
1 104 689321444
44 168 640243216
130 170 783512075
211 60 832912088
255 85 778034107
77 136 664384077
118 226 745262493
62 35 640155761
76 212 874683201
240 65 547405682
86 82 900542347
78 246 701725434
53 51 955714606
101 141 687533543
8 249 635439399
207 116 861793807
139 4 793391392
174 227 861913032
147 138 865807898
225 43 505310165
23 216 704335316
222 85 524579036
93 133 553564329
225 31 592838148
140 236 793912293
31 86 572424013
162 255 991373821
8 141 600222044
119 246 594732536
56 139 932904186
187 126 779358650
65 192 967414439
39 57 784802964
50 20 553151980
132 186 833918592
56 79 922393091
46 81 654872780
112 212 508965905
118 249 504999723
141 211 509208181
100 109 682104531
231 21 713943106
13 114 639155897
191 170 926118718
109 136 806750983
169 2 886225760
240 63 588326597
251 79 524805371
206 133 607052281
245 212 971800388
36 248 892751959
212 83 708385485
240 44 875967379
148 131 568371415
203 169 556754448
104 94 607182564
50 63 549032219
252 190 857239046
9 253 774345467
178 125 918983762
248 99 613977681
191 4 634479204
41 145 746115675
126 237 866306474
147 42 594774096
72 219 809086203
235 125 965126614
79 74 708178562
257 124 900889209
62 20 945442116
22 58 769693882
241 60 797287484
125 11 535803674
226 239 686505423
253 257 963809828
255 248 782670591
80 166 852139797
106 191 574975857
193 57 700936604
80 102 506841258
115 224 831583206
217 222 699196492
88 215 826134583
134 229 931258521
220 226 557610568
82 90 501297064
255 251 837866801
54 118 540777483
257 187 814876394
201 89 514310831
91 195 704529083
76 170 707983817
213 9 562184975
17 71 866620322
31 151 782304246
166 44 544609279
108 42 731435571
61 190 579183292
140 102 597598837
143 187 953379614
169 192 922875811
59 3 833479135
42 109 916069213
51 213 613253393
76 208 954324390
97 127 522065886
171 132 807004958
107 57 825956062
20 203 873508660
56 40 870821840
18 103 845722023
23 219 609638164
198 194 755019435
178 7 718131228
192 173 606000946
148 27 781212129
50 246 787575201
183 125 633168533
15 181 725483689
215 106 892079107
39 239 694067529
27 80 946953140
241 45 794526950
16 41 947183906
197 141 576213473
58 154 823884685
150 175 707257777
45 133 653680228
144 33 936924072
186 28 601066484
196 76 845624317
5 114 727333155
44 248 873781762
55 127 693393608
50 2 834328873
209 204 611358446
253 153 939351645
128 120 520809657
245 147 964866580
133 105 747752973
181 116 538372840
204 173 683252099
220 187 600640672
102 96 746193938
125 52 536399818
48 138 829893977
255 250 820959960
97 17 954052127
217 147 959602741
2 228 796691908
82 184 888021873
212 206 635248462
79 163 645693651
145 79 786988769
198 168 986448032
13 252 851463118
26 144 767461085
41 180 972624097
133 34 706095365
55 154 526035277
182 187 640551274
156 138 910530612
165 62 705590384
221 236 776653987
59 134 967408398
191 161 838521597
248 219 570950162
62 169 515197405
108 168 765217261
80 11 938547299
189 100 532056663
60 254 514908588
15 24 520277994
14 41 868776948
142 88 972823170
235 165 876503788
21 123 545746937
93 177 646424059
77 205 863690928
138 77 989201400
256 211 979902769
235 204 866898950
73 144 728333492
231 224 867026936
159 103 840137904
125 127 708950783
122 30 674919073
207 142 596424491
229 250 823238695
60 51 697695522
209 9 529394656
179 233 961084645
125 72 890832082
65 129 502788597
233 50 522131396
84 175 688452368
115 14 890830926
182 114 638169450
142 107 713872473
185 3 735800697
112 240 822649160
120 117 592683758
33 145 614934280
218 107 993928341
131 75 775946489
18 199 648052009
165 45 850016015
194 238 856056404
83 146 979524987
124 36 901559016
23 114 810607006
21 129 951111735
190 11 604545643
24 96 589189045
62 196 820154032
114 116 770355438
27 143 843919012
50 215 993066647
154 47 634187029
194 76 813520957
122 256 656611822
159 38 719291159
95 202 967419798
234 58 746835632
111 64 944641735
215 4 746404028
103 42 669477421
21 228 682555206
156 23 876097774
202 11 630929297
179 6 808722682
212 108 600786137
80 142 865936689
144 215 578864774
24 185 840523869
71 154 733807993
76 81 732719470
187 171 761761635
231 61 875940474
139 152 635697367
119 137 766439045
115 136 914092363
107 189 928275546
209 78 729332895
135 91 622022535
151 95 917655957
83 79 864126481
230 117 545628338
21 49 921900908
92 37 616559421
195 69 674473234
148 1 913846455
18 6 690890231
148 133 557035525
257 105 767219941
87 125 873268362
254 240 635535766
152 255 784789748
127 185 892063221
15 102 752109558
98 81 858289452
145 128 567400142
117 40 534043902
231 256 774036933
142 90 639407275
15 115 671021069
64 90 691487204
229 183 870572910
113 141 738592372
69 240 701363235
4 171 763945778
209 194 740437966
65 4 574417876
214 176 957790000
14 113 898818145
152 28 519257750
155 71 521711561
186 163 616731310
161 18 863210951
225 12 548835360
47 69 995522560
37 159 864009238
80 65 691365496
50 93 801583106
78 143 985848110
94 159 884093167
92 131 674829241
97 31 929355427
241 70 623179328
64 113 508739755
6 30 842364690
112 217 982935099
229 86 926552213
224 174 669404247
249 10 578613568
89 232 774395189
174 17 905673341
201 39 756394469
113 75 765364321
14 176 569685178
223 67 642604523
23 65 881227309
93 121 665737842
110 37 992458733
176 25 513054189
66 202 821281041
118 68 755394395
130 226 723542776
168 102 720666833
71 173 772704310
154 212 718242108
35 97 963120573
158 151 961823508
110 153 843466160
112 54 749098140
84 75 867833160
151 90 844555634
61 243 991585962
52 146 769415995
206 140 869456599
209 218 739515663
145 24 919021130
246 82 761178944
247 88 729378748
83 46 646301091
13 148 823883987
23 172 540613834
182 234 724730673
224 151 738614641
99 83 667700476
136 58 898727164
44 16 849717179
239 221 503649417
194 162 621515270
256 186 745684286
86 119 876969782
102 197 622747068
26 251 569091683
251 256 931400124
113 82 823060821
107 205 523580263
131 255 834874619
227 136 914914312
33 106 643644361
49 211 973689935
135 130 516287416
38 248 872262949
235 211 650666831
93 137 918081748
219 147 707510472
73 13 714975536
224 165 990649155
38 250 855553337
139 156 557281648
134 9 916289405
57 220 702929322
187 117 700117924
217 9 822480133
173 27 929337767
172 201 986871135
25 188 968632679
158 15 993222533
102 3 945752066
64 150 756437864
179 30 871873930
78 12 919673296
36 208 830890164
78 85 679472181
11 123 837358604
133 22 754217385
238 25 930469478
54 19 848150953
231 197 876168139
152 116 674865825
221 134 534174240
25 213 649096039
55 134 516993858
60 207 565177940
252 123 594682805
235 38 614700106
26 33 967627282
62 97 712408294
176 223 924797575
12 100 956557270
125 78 570324764
56 223 581346265
216 111 905359079
113 197 615966950
42 11 926643172
192 188 718260704
223 87 973222278
196 170 701823482
193 161 616962650
142 257 554151125
70 82 955451424
225 41 646882002
42 211 677626998
153 225 851655788
100 76 663423844
116 188 946361662
98 88 978476729
3 176 733335737
88 19 934397889
166 91 866811267
224 247 915193464
19 84 783960775
184 245 847818860
126 14 573346514
216 74 723617373
136 95 812221886
236 141 674665435
229 156 916116391
253 231 527491707
233 18 762603402
257 75 594206680
99 144 557990515
159 55 952575384
69 18 558684566
153 145 751615910
92 244 823784607
207 217 643386242
113 3 665736380
230 178 531446816
222 215 560823759
233 182 838533744
120 180 551341652
25 141 866688503
223 256 839344677
155 234 805570233
222 137 934428468
92 31 989284439
26 128 839401754
206 221 833838631
196 114 817251094
146 151 868292884
246 68 695794213
31 106 572322720
129 39 503475085
84 221 779028159
128 53 900938984
104 166 729571433
172 74 922800924
5 180 981246016
186 212 880511201
41 85 583730607
176 55 943833824
141 226 645822422
151 80 648203328
29 32 960241448
215 38 628514028
23 131 852717916
23 180 604002010
125 254 638483784
24 69 941926396
88 121 929115820
162 219 609313049
25 222 690379473
126 223 605731286
53 87 670865391
65 37 740506254
219 11 825607199
198 183 556803323
100 149 884486140
156 6 997764119
184 139 817952511
245 160 667553941
63 13 789830287
167 138 910217725
160 164 702146297
66 7 503087568
146 225 974530236
40 141 783048324
222 159 863094766
48 13 656062154
224 156 991148940
135 33 770780867
215 183 617321744
238 13 665732520
170 226 605114262
203 244 804441617
43 88 863881920
254 246 668805554
199 157 647798697
94 109 528011518
100 45 891869355
142 65 896167202
60 142 530064781
107 226 930425773
46 31 773937407
111 47 893906340
36 42 518110594
234 16 910971565
95 42 518875354
45 11 687925382
218 167 689055013
145 223 550898515
187 132 754999573
229 87 576011249
155 38 611736860
16 133 754225410
14 182 653917026
118 213 620790043
79 64 672367428
82 229 750125789
174 243 640872086
198 89 821365652
161 57 585637095
81 232 665673521
234 108 865684310
25 98 957399467
53 28 761347697
57 105 688349415
146 240 969369589
1 88 578116974
223 10 804046247
226 245 615527581
110 232 857390788
234 208 886809829
25 117 725034526
70 214 861599367
146 27 802613029
60 64 704393311
207 96 815344899
182 117 815038295
37 156 685977662
136 168 990560386
217 238 832847366
66 116 836790715
150 238 991016847
193 16 766471647
6 28 625394062
224 41 861920893
126 128 567994241
129 66 777006123
42 119 518173431
193 174 882545448
97 45 889115503
96 12 821613861
137 152 568380794
158 167 954335919
221 6 518095192
250 66 623037657
180 112 844325585
216 225 906055692
41 62 808725381
67 148 519769612
207 153 776664326
162 8 534000310
84 51 594341311
252 130 587852683
12 37 737833263
214 134 752764775
87 72 776702684
227 195 696615650
202 141 664152555
205 161 959068608
64 227 928494896
206 105 972478931
119 172 598036917
208 122 818603528
133 213 554620432
83 172 793365338
252 204 527259015
244 150 990781390
181 60 626519887
141 172 549283571
81 171 568379984
124 200 848469714
44 225 856405588
184 5 991820149
145 222 910803790
47 234 744058471
187 228 877423773
32 202 866941975
66 53 817261142
76 40 807585471
158 54 893124223
199 23 501317907
135 199 645418154
163 11 905759369
72 103 816137893
188 103 831870815
126 18 708649570
147 127 768177946
66 142 620320489
123 187 967833087
235 6 639401222
185 117 741933691
57 132 635047239
28 232 708821343
238 101 688009844
82 58 618282591
85 207 910717141
21 246 807239819
25 39 721731653
48 58 541855187
66 176 687073842
230 30 668950544
108 91 624000649
98 76 948175718
77 131 659038103
87 71 772626238
32 197 638884226
181 212 675978915
238 34 856189851
153 211 905140775
17 7 669701084
164 121 883986333
128 2 880565084
14 225 651373592
186 31 541567083
150 94 706953382
62 50 845368650
33 107 536396587
223 222 925844181
90 168 722559790
163 145 882326082
222 227 771767576
256 52 760484667
167 2 977200766
223 84 895878357
31 248 642217236
24 106 800590341
44 137 835989947
49 244 631054800
81 115 985134993
51 140 923894399
60 234 509432300
14 96 600766801
244 27 847434639
169 7 729735467
199 10 920703527
240 34 744763079
160 56 925426520
90 134 997838064
159 195 611321044
175 160 994192811
145 55 824403284
222 201 682614457
227 234 966563538
174 228 710113225
237 171 577826513
13 18 746918648
23 60 860124628
209 94 843320250
125 40 661521931
70 221 538639969
125 129 594071649
96 103 643550924
89 187 967096588
28 70 851190969
167 7 895321186
234 152 645538504
48 231 716167362
217 67 658439456
217 22 913836164
160 26 859478886
8 35 852287484
166 224 698813212
63 199 545077303
222 80 506020645
72 12 933052375
146 207 635314751
213 134 643861017
49 79 736459654
53 117 516046706
241 148 687749795
69 175 911674831
245 221 635849377
116 18 959639565
4 177 529938941
106 8 995904492
105 130 621758787
83 166 518563290
122 193 871829684
181 7 794494008
176 141 646539116
246 54 894613944
244 31 648262323
18 246 874594180
242 69 966634824
37 190 717403075
178 245 603197139
251 56 723649697
177 74 926461533
92 173 629050153
198 172 890081875
25 212 583213550
71 258 860111059
192 4 836252205
24 243 669794747
227 183 685365004
150 184 783438674
6 44 940520495
113 26 650862656
46 177 753438818
59 149 651848046
175 37 756487436
241 2 885747157
7 110 973615711
146 171 625953682
137 253 624738884
114 106 863077984
185 192 979264267
163 125 514250599
206 68 716247440
152 52 612571079
227 231 983121122
43 162 631666457
221 17 619556690
134 182 820858322
243 16 718940759
219 190 527364749
74 13 899265408
238 5 660783449
19 204 524483732
9 68 846922817
144 98 591706868
195 178 857911921
121 74 933243116
231 66 596726990
254 248 873420807
228 213 645495614
155 256 944893436
72 46 593736612
11 22 965835378
70 33 951267939
49 68 908649836
154 244 639774623
73 79 921154286
49 212 507302929
150 223 880366132
210 141 567762178
128 18 895510193
171 89 510817825
34 145 931655544
149 163 560383329
167 150 816379784
186 243 984653532
149 15 956818150
157 256 914201812
108 169 657297670
40 53 979461530
245 192 743695791
46 112 755346731
89 51 527568874
67 128 696847629
36 243 665375836
224 69 657226484
234 233 698970181
224 76 693141285
160 109 714292297
182 22 970024304
239 164 875751190
75 169 922505221
227 170 671394281
223 163 701166293
196 57 823139810
200 129 601482953
22 175 824480893
12 148 629708487
49 164 945167633
163 251 668390095
6 210 872643207
97 90 737556469
6 218 887332407
185 5 857596282
51 119 690816781
238 75 881998241
196 61 668475506
174 153 851890812
9 130 565578414
220 155 724860874
34 119 974360907
205 51 583793020
150 70 732880565
221 96 635513232
59 180 830878723
57 121 695986511
182 153 955311197
126 225 675253244
220 68 894155447
50 232 540702005
105 192 845252716
83 216 752541933
166 214 846162419
247 32 737058492
58 253 785894461
239 155 935875660
248 139 560248147
208 54 924281349
57 213 939019509
190 71 645621777
258 9 941751955
71 213 671797044
172 150 673779081
41 212 874429681
173 118 677977565
109 247 861192606
142 125 894659555
147 168 719775137
136 71 743873998
220 133 518340645
163 36 809908307
53 231 604070374
19 175 596851942
3 243 683171166
231 148 855494310
179 25 756817018
103 108 929668333
257 15 519010710
81 184 809785478
194 145 877543764
132 197 646356708
3 121 992948618
212 61 686984083
125 199 966151382
243 140 830373074
129 51 717939714
209 207 840553316
68 91 732160232
169 95 818922879
8 18 607967718
227 25 737066307
203 69 990304599
161 253 707394479
61 247 953261953
163 63 816080756
131 22 587986059
188 22 965481197
198 99 798116486
204 250 845443126
231 173 822597936
131 71 946128007
36 68 879614245
197 5 589401437
34 96 634147514
108 8 915264281
24 41 536361880
117 206 826228379
50 27 813660708
182 200 507458846
181 45 821836680
246 85 802846676
71 162 715399739
128 185 743036797
90 63 991376499
251 253 630227334
71 249 902384800
26 92 730704660
168 154 639008365
194 223 539617900
163 225 658630684
2 102 509794866
215 54 711941070
85 76 997511586
231 93 553340096
106 72 659190954
87 160 759624603
152 20 610246609
243 93 908011522
214 28 878390120
129 102 970933148
31 148 557916965
130 238 799843305
134 119 821393900
142 112 838046769
199 69 824127092
237 199 854653543
127 226 752776913
234 40 925926875
153 23 853821343
244 72 838517449
139 97 936982507
182 245 544425540
175 144 829933546
105 76 808355762
246 88 736701684
107 197 746004312
160 159 839243132
191 154 578376273
58 13 724789508
199 94 749344444
120 210 904723790
126 8 673673954
190 41 516748683
209 22 619019032
147 210 507908558
221 5 534709083
44 36 936857307
152 252 576562788
78 156 704950788
124 213 882285065
91 238 665566500
50 113 504221180
121 232 875964613
137 91 563298387
150 155 919140315
66 225 854459311
224 208 925283927
112 205 786118098
1 129 788018328
126 29 653635398
188 172 788403271
229 49 999084174
67 49 960263016
251 246 534641748
20 118 684725752
29 97 615221343
38 105 549446298
250 228 981871616
169 193 611248811
84 48 627011046
162 129 915025016
220 251 528260287
156 200 798279983
52 201 901784266
96 199 732794793
241 210 934797557
41 186 616792016
79 84 996527050
4 106 552179199
67 229 927818896
226 188 667881981
58 121 794872167
134 77 743291067
139 126 935116245
116 12 786878330
202 13 672670075
47 66 576005881
100 63 570277704
226 150 873707902
56 193 551958969
48 164 577999142
20 211 903941367
143 211 776739625
152 257 985843102
245 46 542112509
119 155 942012931
124 203 825200826
199 127 819616293
91 141 827810235
98 199 597080337
186 55 794628959
243 26 627811124
206 31 862939702
65 253 871737527
256 65 941807092
249 43 589893621
99 213 757335911
184 98 953679941
43 228 931881966
219 201 656930838
88 232 719819139
50 201 931638813
123 143 939535396
74 206 751633840
47 165 619037116
116 232 931947770
73 40 649917806
25 75 825815011
58 258 665678356
256 133 661374746
98 216 619959388
24 85 798966560
86 7 798966522
195 202 990873902
173 147 502186915
27 184 865833749
219 116 508144745
188 193 880806044
70 208 543144770
143 19 603221046
22 173 612973224
194 44 684231002
123 76 864006566
127 76 721625931
258 200 510025208
10 102 908763403
91 180 558440713
102 39 985871680
252 90 869061310
148 49 670326137
143 66 701628936
45 1 736348514
221 46 690098123
139 164 962110817
178 54 519596871
117 213 911580692
242 246 614782073
133 169 719823873
134 13 802535676
98 131 735479073
196 222 540753937
28 59 710152917
6 162 687425031
170 23 620368521
146 136 962199967
128 163 698204993
204 224 506901699
246 134 940824579
23 258 997736769
18 110 918178485
14 210 543251022
41 30 515630440
115 221 712993459
24 205 531924551
237 177 916497420
133 30 530624511
212 6 863959750
210 18 757588634
68 242 732999080
197 41 656660036
173 174 835621486
196 6 973625190
191 26 566703614
123 256 977299724
160 136 972219038
139 178 642614433
23 19 828032451
168 74 823655241
162 108 916263722
142 76 552821912
165 251 920159373
36 16 942633166
192 177 645753873
200 150 812813209
36 181 528714053
196 43 662940538
147 181 865566544
109 103 831458224
28 136 700255005
67 78 840996291
212 220 522808413
22 227 883248936
154 53 704949508
213 148 751707068
93 40 637133440
14 168 993255803
140 162 809605717
142 52 543210397
150 205 809312445
42 117 593298060
195 191 924520777
115 125 541131648
215 184 980092929
189 128 781628971
186 254 559745461
131 90 785850635
244 38 861983941
101 175 607386461
210 130 997216852
140 147 874856287
176 236 712361620
245 92 769273436
39 103 808495170
1 100 844256937
96 82 726079534
229 158 837771940
37 248 680145383
2 253 645919384
247 87 636273419
207 53 579827837
214 149 617061501
209 20 751286097
78 114 823478183
49 234 550421793
60 220 626701724
114 37 642429068
215 193 893839276
251 138 847954292
218 183 710864987
25 258 833853126
32 37 910154520
179 169 962240523
61 38 903690764
121 173 506078778
47 78 944402717
212 244 705727825
185 62 611883908
250 185 864902013
169 191 694653234
115 154 600915207
243 183 795988650
20 124 922530755
26 3 859508266
57 19 882453120
27 32 806892312
92 145 902546660
109 217 706736439
229 224 556941147
117 231 676041612
136 200 817095253
139 129 721587010
183 121 545224545
188 122 799950612
94 85 932086197
58 191 878009796
15 114 937652960
83 34 631060712
152 77 738828683
138 123 791447384
130 143 847449826
125 85 705614176
107 64 870169969
38 5 887688785
216 39 760445694
38 208 891840375
185 180 906183314
2 243 911155377
30 254 690496502
53 161 521755325
166 68 658699345
183 7 510562865
202 54 522977529
104 137 887688918
243 123 608964675
235 92 638330522
115 26 874788679
31 89 904752366
34 121 954603873
65 189 966479139
102 92 842310308
51 120 968399857
252 163 801987877
206 44 943258001
53 73 926825946
32 74 526151258
61 129 743221674
149 24 984276995
245 49 952837175
224 5 773386545
210 231 713773889
168 258 691081425
32 72 705901210
153 212 785037068
57 231 726156678
59 205 955760913
255 123 887125844
213 209 928235595
25 211 807324920
110 138 823957409
239 166 578387125
217 247 645495974
220 136 797265972
255 180 802022563
8 157 804611843
26 39 698661375
207 61 610543073
152 219 761981960
148 127 872483912
14 108 573262456
6 208 777526971
143 238 776448985
195 70 688386073
181 138 507899386
171 157 937503723
147 196 585518682
169 152 623019625
122 32 792005019
5 105 929545895
35 254 980580667
3 127 759693626
234 1 731766506
203 85 988433528
60 112 576040058
195 184 805251393
177 155 968126751
5 196 786451250
158 19 843455609
212 24 665026215
155 156 856955544
10 239 671181661
216 191 564767742
150 253 951134446
108 27 558586497
209 136 817685115
115 229 812270948
24 66 784039269
183 45 671399008
110 25 848561549
90 132 533664507
36 242 750392881
21 52 935093553
61 257 639390596
185 170 850462027
159 241 666969201
185 197 578365536
89 128 821924135
63 42 989705109
239 177 960167871
257 122 871168498
115 19 801076390
159 64 514685127
179 119 990992622
69 80 690644630
94 200 604872871
134 201 711393914
63 28 880155101
36 152 517165446
176 86 882919545
149 85 826802117
243 50 696788208
6 197 926554326
197 98 679202260
49 165 937299441
70 97 991470101
150 20 769674406
214 26 836478332
66 119 869305355
5 106 930590156
50 24 825370094
136 185 542500536
6 191 992971438
60 56 746567485
254 178 648688876
170 93 863956524
67 232 990775415
125 250 922007939
255 70 817530453
116 36 925040769
108 223 503022748
118 149 747058955
135 93 808243511
94 5 909818764
111 210 677523589
47 146 986463148
51 40 975362663
30 103 565607340
214 87 657271397
115 181 852312798
136 204 593149885
148 105 942783783
57 35 554040638
71 120 791673060
119 2 979900419
20 253 960905695
251 52 655050112
197 17 701380057
111 53 881394163
94 35 919779869
20 237 930900735
126 247 797189499
216 41 582197538
154 235 631038793
141 190 808931331
246 84 858229563
163 217 961398134
64 200 663031490
185 156 875240120
57 214 688490793
251 65 964176835
140 123 530758596
22 198 875794937
14 110 865972744
28 69 512859336
119 38 605415571
97 165 618981097
217 138 829336577
58 175 534645525
138 170 832833290
154 96 798352945
128 24 779892462
201 102 597150981
68 254 530671342
53 31 671009802
89 230 878512471
161 5 541956445
172 169 840835292
10 101 597909658
230 165 805421638
169 194 662683975
170 163 927473305
64 230 738730758
53 150 704618392
131 245 857497853
39 190 527184773
245 79 965468041
149 115 571560739
215 230 704685925
59 67 898480990
91 76 634886411
4 64 949651752
250 173 939159990
203 134 924927232
58 6 729459925
137 18 598033255
160 140 922635974
164 63 626088068
252 80 699627668
126 15 604187221
202 239 589226762
256 136 753382194
221 204 954280165
41 233 846150750
37 153 832341630
89 258 675930069
204 186 764628924
110 245 522737829
222 91 623856745
108 153 653762688
100 240 872766319
53 8 964889779
39 152 848762877
3 36 503364051
231 207 571955099
240 139 645741967
97 231 988211708
49 107 796791271
212 46 628695969
167 66 989518863
68 79 960937478
42 88 934663562
19 30 955632432
224 4 565350507
187 11 520932179
166 13 893824374
240 253 762115118
41 238 649315999
129 168 957546403
146 145 858710213
182 74 719249236
131 20 943716851
92 110 579232235
187 215 933898450
82 67 919439168
93 216 516910300
163 230 720571099
31 185 755411334
245 106 926616586
243 114 667573065
204 251 940633960
127 6 974765961
250 20 901283637
51 41 736950767
110 74 883372915
35 63 899374889
144 74 943934221
164 10 714599189
204 41 727629420
41 112 628198419
67 143 646689635
157 223 822416470
206 130 781158744
62 89 928729501
156 209 813091440
2 189 728457209
144 7 731699548
84 104 697220717
135 78 794011334
57 137 608727727
9 117 756317523
39 175 545821767
43 127 774281651
170 24 905399076
217 88 866826431
192 74 606498944
255 56 528868431
5 190 986307220
154 231 732009044
21 234 765644940
24 58 735378001
95 240 946599811
165 221 615812863
31 236 985391994
84 232 705453512
179 38 613974447
166 125 891745782
138 134 648436648
70 244 506030378
161 182 752390397
64 27 883741790
53 106 902448993
51 226 735874370
31 125 596761982
193 194 557990478
203 68 923974084
92 249 718228064
225 22 804185473
175 212 501189734
237 45 536932691
219 95 910204894
87 190 736238345
64 248 502302223
29 168 688251842
89 101 628076607
244 42 596724593
143 107 604808282
191 242 666341617
126 84 911307862
94 166 890382749
64 70 931327021
169 3 550721830
184 99 916185528
147 131 502505356
16 241 515083653
3 224 724056892
103 154 822753641
142 55 547481764
78 146 598304837
71 201 836888202
203 49 878579304
79 135 891902004
155 142 543129056
132 206 525917932
185 241 970910654
76 147 700782853
60 75 662311825
175 190 710215125
96 149 668302671
234 134 867491997
86 109 760081908
55 83 729354519
49 124 941490053
12 237 911921477
11 105 659772020
148 4 642428710
178 227 890686866
222 130 510119630
48 238 640310394
107 20 747873642
149 20 704050478
164 87 992611098
251 217 540011427
152 94 652624667
72 95 657294128
180 97 845760392
248 109 645503418
213 120 780554607
192 234 690015702
230 124 537268645
82 142 933453162
157 9 937380229
202 231 570677249
254 50 756027916
161 186 789084724
13 127 505072181
122 142 687362147
77 215 920151496
145 232 551015603
173 200 825733095
257 170 533604265
255 220 926597842
111 114 688038762
40 235 879680452
148 21 540743818
253 225 605095891
70 242 937713484
148 145 740961535
117 254 734713908
94 50 502871041
102 234 745920387
56 201 767264083
246 217 622603411
129 119 913362509
25 250 511468758
37 23 969968461
32 237 636641881
28 82 702120859
157 99 854753603
199 249 565465291
120 136 679069009
187 234 623791923
113 229 861072113
224 245 522650365
215 83 883156248
70 74 665616825
78 177 618268092
209 185 955107909
20 199 861935223
2 61 864935580
188 160 956545968
207 185 736019169
225 111 503129912
24 150 854046708
58 221 814440804
247 148 980425093
222 245 872629576
31 252 840547868
49 75 893104993
254 28 755647564
208 125 789458029
59 179 549974524
218 64 670994762
37 97 649451500
207 170 606396289
221 34 856418864
229 140 913022538
113 65 700571671
101 184 520919466
21 76 988107637
124 248 567121738
104 192 636876577
257 71 533988387
93 25 625776087
80 196 529437874
39 124 947832532
138 113 909105141
217 234 534264490
83 221 713645346
84 134 871454605
104 96 942564369
61 163 514601497
144 136 790358873
189 79 674613773
257 12 839452186
46 151 902304570
219 257 518277174
4 77 913824503
16 31 581747694
252 14 887928854
192 38 721489833
72 141 930134770
24 174 533433360
185 42 621356983
228 17 774795810
204 131 795088127
141 142 885453919
233 235 722196283
16 9 767908556
121 53 692840924
178 51 947457466
57 192 593748580
223 55 600464072
25 41 808097667
145 186 871904557
119 252 660692317
71 199 557469930
200 113 781752355
100 198 892221119
115 178 998800749
243 56 664322312
53 215 816047979
199 152 770973621
246 247 826346598
63 249 648113671
174 166 706531858
253 222 718052764
220 198 780204635
222 27 688758112
168 251 989201452
152 141 685598862
45 169 934683265
73 65 932258941
237 72 849255452
136 248 615294562
212 135 800225687
111 2 919909193
231 70 607892091
192 191 959982526
182 89 604817655
184 176 697873461
51 166 976588810
257 108 568387974
157 166 826681960
70 60 516314955
218 232 639962417
149 13 928287810
214 14 916801180
231 140 605190919
221 223 878508023
187 131 768652147
74 130 596212736
257 26 595745942
255 191 999591297
93 27 941681925
23 11 673571114
33 190 515250580
161 87 983198266
83 213 864021442
138 161 656255328
169 240 847343670
192 23 700272678
137 28 823879963
16 212 566457319
105 94 946669817
78 61 669028151
216 60 559055490
66 37 893427906
17 8 814059026
85 92 701109959
186 146 650318708
242 105 969824806
170 56 582099065
169 177 804161696
211 63 613248135
104 70 504630972
116 176 551302160
130 107 910306888
232 94 972625672
116 199 822811169
3 106 553458084
87 75 876219893
238 7 648014772
112 49 696928831
94 140 734214096
19 230 659969277
77 49 962425740
47 209 544074971
150 212 518105656
198 77 970497126
83 125 663540105
178 244 522541257
21 161 567850695
139 46 978023138
3 195 976011956
132 172 733505209
214 145 921277445
74 148 806574265
152 185 985418174
185 169 641663835
256 246 813954363
83 15 959327278
171 113 843315188
59 4 891918673
74 56 677245852
174 113 844254323
12 89 657388377
100 14 641589609
198 177 882724056
252 183 961054346
149 238 827410875
168 22 839371437
29 167 663494957
202 223 836619797
46 168 682762621
195 142 627413707
170 256 843956113
77 165 626051940
39 220 566106649
31 130 951810139
209 76 721138550
2 52 704819581
189 222 946744834
156 137 605973778
166 129 667086694
10 228 890374167
83 36 550581331
252 176 981654872
74 187 714299674
87 129 739657481
141 214 872574586
208 1 758952261
125 20 850971684
254 208 735264655
110 179 556603138
142 205 544015004
128 169 763677700
96 150 822950636
184 40 745286448
31 184 669516856
7 138 633815162
120 161 504671016
66 197 953719302
48 30 942159646
177 195 740927012
84 6 928672740
187 113 761834549
192 154 670914402
189 196 978258904
227 97 857835744
116 80 533580311
152 91 772347898
198 13 885801029
62 145 919835038
117 85 763901541
39 11 626487946
235 209 618761201
258 120 791567857
127 203 822212117
11 258 947524096
31 111 926662109
108 202 978072329
171 30 926678657
95 6 520785225
170 63 740192579
125 234 741930904
122 108 599997173
1 79 518354388
53 25 925163066
220 192 504212208
90 112 698816027
50 54 730896220
179 108 538766168
251 226 728057227
227 112 715218126
162 49 569704661
207 155 577683162
35 186 781189803
139 220 765368838
223 174 695324949
135 122 621733857
114 52 791856330
158 3 634288872
143 129 567335565
79 244 892727080
155 186 550049077
246 75 530397502
107 187 830916288
106 56 601932568
107 104 614563350
58 80 915229124
60 93 645371743
208 73 949677902
201 153 599132827
117 257 846631066
33 138 699705535
16 195 734805009
73 49 597013366
99 6 663925364
23 99 685100051
239 59 762531865
22 200 786429334
121 207 894586559
24 209 514648311
158 68 788143181
187 166 714146670
191 27 633448406
88 84 904799902
108 195 915731776
170 72 522753279
96 69 893188338
29 238 614946921
193 218 801885035
220 18 924534973
13 79 875756509
37 20 801907822
73 45 744819902
84 228 829408186
206 71 880659472
213 34 901766283
180 124 555876291
19 43 688447772
117 247 739652602
122 225 974287503
190 174 727470058
67 109 921049046
159 81 725899717
237 80 934449229
37 132 570226009
241 43 618929142
63 60 913983973
112 24 816605647
194 180 536952852
205 149 949342015
17 35 731729703
175 179 881111587
208 101 742815188
171 248 604283076
161 42 522686830
179 253 684808257
9 228 555171316
186 107 996369032
59 138 573258292
191 176 883553437
168 232 837958279
171 20 530479845
192 203 740952933
138 41 887809164
183 1 817450897
147 2 718202471
125 25 990198260
97 132 753976697
166 133 757392108
175 2 503216317
41 110 927868933
206 171 678778538
180 204 689142999
95 193 595705536
40 158 525617585
206 115 869735700
54 166 624073608
201 246 885025847
7 217 624593516
253 200 631265392
83 182 975670060
22 246 861954409
114 245 902473542
87 34 505431655
236 47 931355365
202 6 569912371
102 198 996692545
235 228 690962534
224 42 671386493
154 59 661638814
11 31 924322860
11 229 945600614
232 97 502824625
57 229 674925070
138 66 581188093
197 36 519767337
206 173 944091726
219 41 503885562
124 251 981481593
170 202 993840655
113 22 986155898
10 162 617876421
17 80 672408671
161 145 952825176
102 147 630742029
140 213 797194788
239 178 569997383
83 89 930266101
17 106 916003767
148 166 713432761
40 154 762245710
183 161 701678402
3 163 948266473
250 81 985039505
242 136 581810783
57 108 740737011
87 118 556318134
97 192 527611837
2 65 974768184
65 252 787563738
82 143 705057965
144 238 769448825
254 227 508240068
105 152 702187552
94 208 666179971
112 122 867834851
109 206 674868149
51 85 723786822
230 216 855146387
134 109 557715536
149 199 798345493
122 56 560563798
178 58 883916322
5 159 988203999
182 82 691835917
241 151 598251999
199 51 608502651
201 53 688612132
96 31 701950780
114 125 530634545
157 215 657400383
215 131 568574487
74 193 573716415
133 241 827679538
102 142 648890841
217 253 841371742
161 94 506780663
247 212 668197432
177 205 503773886
189 118 913611222
8 2 976073176
27 124 609349057
47 104 569282331
160 142 941180161
52 54 586271759
239 23 882375024
87 237 899650716
49 150 699186490
25 84 749731660
209 132 627340785
120 13 918453172
140 257 847239942
17 126 575240174
184 9 980497844
74 94 723396415
25 16 658563927
253 33 747539413
93 252 833132506
239 148 600880791
32 171 662462587
212 221 702066104
129 53 535970390
44 226 953780914
162 203 930407046
96 51 538670543
69 168 771689088
155 77 637185963
34 63 725178812
156 72 600531042
104 88 509237632
52 222 618962473
153 101 587230794
15 229 595561197
14 89 813117622
185 75 889812117
118 148 977121833
68 119 674004409
239 3 603196334
119 201 896404422
223 42 770845767
54 256 547494767
124 43 997991985
173 255 864491060
194 179 575622453
248 78 916188193
107 149 981959746
203 158 996284134
37 196 869664802
142 229 730379864
55 189 905375115
47 37 657724721
31 168 982466112
12 159 759701615
161 245 557562950
22 41 849349686
120 49 791701667
129 234 963529865
96 129 541074557
186 40 652390561
115 248 731006290
85 17 834361241
113 256 859872915
78 123 627789264
210 142 681588351
94 72 886873024
172 50 919158174
177 120 971497730
242 52 729105096
42 47 806170936
104 93 951434220
186 94 944750958
85 10 735876984
126 2 683757762
103 38 611948861
107 14 692845442
195 75 914698622
144 56 910656188
210 161 872396417
103 53 842384462
49 26 806053392
112 34 526418600
75 108 817464412
183 57 561617542
10 79 829451557
83 18 790072077
111 205 554324152
224 119 970293700
11 9 791223052
72 84 738240891
72 241 817994007
27 87 938654244
203 30 575942823
250 232 514209133
170 102 801374932
38 132 984984884
233 159 977348410
194 48 997757061
56 10 855042947
201 185 963712480
251 189 542154067
149 240 649350996
147 45 544035154
211 231 606487965
64 114 963938431
225 207 726755189
16 37 870294198
163 191 828940674
243 33 506711218
134 197 787334020
58 194 934994026
5 256 650594294
144 54 703808905
209 100 923192685
129 204 956191885
8 198 984176079
200 206 922332801
103 228 730871758
109 242 579711049
188 224 648850906
222 125 658921296
61 172 747309967
100 128 804049899
97 65 624229469
54 193 783913958
119 122 807881730
114 180 606309794
93 103 874748893
238 229 874092233
162 179 876852480
174 236 995788943
19 222 534390500
125 207 526573169
87 182 619984922
36 214 616212859
55 122 831861488
236 196 795021337
46 207 589179430
105 229 713317826
220 246 972489520
38 25 643906770
239 14 796579430
248 2 641340265
38 97 955118651
65 60 923600907
33 76 532474265
222 161 532384077
57 174 903213821
161 98 757699256
250 120 817488427
9 192 821715964
201 19 506271443
113 238 586703333
20 22 953889199
228 83 853362103
189 82 803424312
193 24 799761677
217 97 968779306
133 92 733881736
172 249 902256107
53 100 965498201
82 194 559778722
109 229 759822442
125 27 518834045
161 139 592834304
212 249 601399778
22 80 846136575
251 234 720424994
238 126 931141249
245 108 854167451
157 48 599546724
248 51 963719760
61 162 698892113
230 257 840347236
53 32 953480016
195 47 917478038
63 69 584551490
246 37 861688733
157 34 829621211
40 256 686169547
116 17 912539432
170 104 839342511
19 73 557883385
34 105 804566998
111 213 893679002
150 138 699718782
37 250 846239181
37 214 678454245
227 242 963256434
158 119 779251454
232 210 717755032
247 38 816143122
163 30 691791916
63 54 916880836
115 173 623221065
163 153 915496985
1 185 720778311
2 254 979297885
192 30 934109171
206 43 684658062
157 14 838107272
76 190 603219173
248 101 787069701
133 94 607482234
215 146 590595216
93 52 924607600
238 198 517573576
14 218 637659000
38 102 963600052
201 154 991352140
27 18 884602752
103 187 569604592
161 195 934254795
57 99 989544316
1 142 741221382
238 241 614798197
103 1 899186129
57 230 929973362
14 198 767573829
8 70 946907792
1 187 993681611
36 41 522281746
20 135 681220926
123 105 580359283
166 238 787085694
157 186 610680463
120 148 938171055
233 124 936278847
156 34 518131468
245 96 586033201
196 149 886351378
240 219 864307132
28 203 599479895
176 241 753505281
30 115 652723310
165 226 729180708
218 163 715329584
257 256 523461228
59 175 730084920
68 197 618270153
257 190 822978488
119 193 644159151
32 10 947217002
224 33 784374433
148 141 781398843
58 134 952249010
18 17 940206327
148 177 601407080
209 184 833897532
115 27 912563331
154 30 916075363
236 37 878871678
111 21 604995636
74 62 707186689
105 227 601569919
225 83 990882782
223 51 542559264
201 41 850278543
54 204 854802039
235 161 883502071
212 238 599656569
63 190 909395338
30 120 554444715
176 44 627448648
81 1 845445258
181 123 573689066
81 258 853422106
29 82 740750930
176 53 534682548
253 206 883317880
188 27 659483526
73 84 746426585
93 185 642393097
118 105 963279437
240 118 930681737
178 98 564836224
125 8 685448610
124 133 913674091
19 112 804957069
6 1 861993883
180 37 806561566
111 129 954154809
202 115 506080536
160 132 525578081
48 181 974101530
4 230 635798409
59 164 822320106
186 21 905058186
160 187 596009313
171 95 753322898
250 15 856506388
222 18 531685171
128 19 565090454
131 191 502098206
1 172 514966250
44 122 819134388
53 202 884112060
36 219 853552165
42 149 615824975
199 154 528378626
87 50 732202191
58 36 759761400
41 29 997612819
122 22 870898211
153 249 563346308
234 149 903617707
171 6 565368868
9 59 642012879
252 188 996561096
124 88 552876468
81 166 748944871
246 20 895109405
255 163 810284353
72 10 609743384
24 214 558458064
191 84 731183987
189 4 744846962
145 47 606042317
22 170 675733482
88 105 848699165
207 202 521578975
132 14 714019857
82 129 748893802
193 58 914330071
186 136 936628412
230 69 962447270
255 151 882440424
78 9 812402935
11 75 995779835
1 179 705244297
122 237 553365265
3 6 677643141
253 177 639067616
198 92 574112873
171 99 681870939
69 182 561639237
169 19 944719819
194 97 745575395
93 100 728623270
109 182 972919838
137 56 799809093
22 21 592571550
48 198 714409295
112 168 882777679
155 191 975129580
179 117 881409193
80 223 773750211
4 3 864739189
149 55 606006355
116 16 739654504
90 2 505178909
30 12 830823960
208 83 516453223
127 7 866962662
220 223 634074058
10 128 972914685
66 215 891161823
57 227 856914530
99 192 891718644
135 63 660675317
78 60 873329594
155 47 714041988
185 147 773856284
4 18 863640970
115 226 505160217
161 76 911971193
216 255 675626301
64 191 781219227
28 104 661285068
232 9 753198147
181 154 882844237
123 150 924728819
167 197 849753751
206 108 581209097
144 204 511383124
16 110 951639223
48 131 872346388
72 157 627759894
217 115 882481331
134 98 609268846
141 161 796448275
235 139 763241989
108 20 939451311
200 43 926877607
216 77 591848715
7 6 953666636
177 224 958263906
109 155 551095272
186 42 938288910
131 133 796468183
58 47 634347274
164 99 667318511
217 82 514742789
16 163 827591173
111 118 539856629
180 2 578024095
157 40 877436853
201 176 679781612
14 195 834410287
172 135 529660703
35 183 871680693
76 242 601334728
241 251 675763704
82 172 553794726
146 64 819483584
146 43 900489246
186 138 631443698
202 30 628067784
20 60 904956823
37 70 540185218
169 110 718840464
152 49 512594316
66 60 602634447
1 140 947938429
185 138 587033997
171 12 887013029
205 125 610917109
180 181 940173485
55 6 662874922
229 59 607085412
55 22 526743496
85 23 813777849
142 84 943192851
256 79 963556884
11 230 686680082
147 111 585361121
248 213 926615354
245 95 685152952
249 119 966091867
162 176 932721030
14 12 745948749
58 143 947460381
233 168 578232832
24 194 503221026
68 181 621212767
87 91 567076432
173 154 910349627
222 118 620590378
218 53 924392598
63 178 777109401
9 1 763839127
240 81 654217763
108 119 799837776
147 101 716703604
231 78 523109825
163 247 759253404
235 157 871646560
61 178 829353603
138 38 504127482
93 160 723915668
228 71 837170076
126 120 801839278
209 177 993414821
92 101 692368509
228 5 954467906
52 74 579879209
238 208 603764166
8 140 607562411
222 63 723093793
207 92 671996725
69 10 978699398
253 196 774219721
119 77 661304596
102 51 612238458
241 41 555074667
218 41 783396100
43 123 887278375
111 5 705634174
218 211 730707350
71 196 802078875
107 61 545254505
225 56 994143262
46 226 897348846
130 5 983252061
214 138 514781374
85 81 722486834
70 156 989008730
12 193 690039814
230 227 779112419
253 144 765679421
167 139 867754779
153 154 545537849
115 201 959571638
125 136 675816531
179 31 545043678
242 250 547517835
146 248 644316707
222 78 997529447
174 139 565768127
174 256 530647404
172 174 929153521
122 164 906606143
90 164 775302793
218 201 790417879
168 38 812201931
237 148 682318867
160 77 831721560
209 95 887128716
130 101 945142606
235 132 640770822
186 6 594614436
197 85 926827036
217 6 806540574
243 81 859983336
112 91 860196991
185 8 503682575
147 97 606306234
76 258 814797086
236 28 861194405
245 132 549973629
86 113 727188893
213 166 680776886
31 132 558797253
225 181 529706671
18 96 581971849
255 111 795412475
211 248 899706944
222 176 880936843
142 72 951094959
167 184 989715221
3 8 869982085
121 239 720372911
29 242 724629751
57 160 638927547
49 47 599772143
115 75 988902784
208 219 756080453
116 147 614830798
223 68 916629156
148 210 798866612
34 246 755948922
29 66 645264383
73 151 734047591
155 60 560810970
149 136 660975931
178 91 698892175
100 254 833984292
40 167 882746722
211 128 826296079
197 234 753386108
2 246 681217612
125 19 717701621
43 84 990390213
85 6 520836099
183 40 618931102
175 52 878808888
229 233 598873717
215 132 819798723
244 148 652981548
52 191 533443977
197 254 602574923
205 89 950900680
53 36 686343914
235 148 888818700
198 234 768446834
109 85 738938984
238 159 656399319
232 77 984560579
13 144 641479706
182 168 504192732
48 179 796801362
67 66 583465063
168 60 861074617
55 144 793140846
131 178 827639444
4 82 665502687
191 139 688085684
152 19 760749619
167 25 894664802
258 45 578013113
58 197 663384858
170 87 547921704
64 203 822915198
59 125 765516857
59 187 903228047
45 118 876639792
28 202 883453141
117 251 876698918
88 101 743501785
70 189 615358525
82 51 781890215
20 181 923855776
74 254 836396601
174 210 662103526
110 161 882809941
31 243 916537830
249 229 749559695
100 52 655600456
249 252 662777311
111 91 723356733
18 94 853771543
247 41 679190036
162 254 580846196
55 135 899105906
100 102 751679886
247 57 819848523
23 147 509703540
178 52 796580070
40 165 898274180
113 42 946054768
66 221 605053430
240 245 638966514
152 144 551409938
44 66 948135849
11 59 985796417
229 36 593483368
167 34 876547700
204 187 820753322
180 55 593211305
161 143 720796152
19 5 661703331
189 224 782943639
69 202 694169786
67 127 591515142
169 81 815594933
68 231 876674857
153 228 547385313
98 31 771343264
256 86 921246156
250 144 890151279
42 37 985153768
250 114 603142086
107 8 645350670
52 57 684210526
56 95 851966555
45 202 952746510
54 86 893681172
26 31 867024225
251 54 928771431
82 52 857259723
26 233 673573711
178 9 661702404
21 211 529365006
104 243 564675147
187 197 843305748
169 88 967205611
251 134 875218379
45 65 934911374
33 233 691243023
104 229 549215807
34 76 810771907
185 188 951423319
175 218 526873360
181 111 953711171
215 168 919418895
130 225 956957747
58 46 611518450
245 104 771079938
141 150 831346600
99 117 842352827
156 244 566437708
170 11 527020331
56 5 557337153
26 45 826434751
211 217 569209515
150 214 638780607
48 227 569295261
219 31 772964484
172 98 958926627
161 59 672426656
157 42 819351772
222 96 912267506
178 49 955086147
173 245 604936928
232 149 668930114
113 158 959561768
77 181 757945457
211 73 591705800
123 130 848427059
118 91 842241766
95 25 637899287
196 251 680200193
33 180 797360733
146 197 518071921
81 177 685001714
115 18 924461018
72 29 766690580
195 137 625648177
249 121 530886856
112 214 980665337
113 55 518075205
100 215 804523974
250 14 769456617
100 131 994283545
169 238 805586006
194 81 791354205
223 159 981247171
150 142 892206962
48 237 915923021
166 194 876597260
116 8 816276470
241 96 969096632
20 33 841247041
235 41 990639299
257 19 637000348
36 167 658353400
250 190 627572635
95 76 666664478
163 26 636108784
64 182 848084953
92 33 935604785
124 76 568289326
16 207 848609866
239 216 937527738
225 112 542753746
80 194 938322840
258 169 920305668
204 210 756186237
16 50 583910825
133 187 978276162
77 10 632660066
61 51 709902931
96 120 947701382
74 165 670891561
49 32 592063929
248 168 522302648
12 242 929402157
34 135 832554119
144 37 928642101
182 123 567723726
224 203 930595329
88 16 527142591
58 39 878399650
232 100 703335014
46 136 919636688
43 149 510336247
218 156 628120786
1 10 695241149
73 29 843199449
154 136 671295381
23 171 934260189
115 94 662863321
11 241 907778700
13 131 662909913
212 85 519540281
78 1 710391061
235 16 674425768
196 101 745383807
246 179 709264631
181 167 571378198
31 222 592851146
247 219 598986475
166 8 943925568
234 18 785278993
236 157 758886732
120 99 844673659
165 18 673901052
86 255 720312048
73 104 920606539
105 233 618256508
69 42 545667849
224 256 776520467
159 91 633115008
244 201 513907574
22 108 811987369
49 246 502470978
69 68 885461071
120 55 654930709
6 29 734856631
107 70 704240601
232 174 517994890
23 104 692188754
46 223 522555157
44 69 779827680
117 32 544911409
162 252 664565098
202 236 883602962
253 143 787815095
92 64 927387162
128 40 982283556
95 184 690421832
59 215 571200269
247 54 581513642
134 83 804024690
196 38 753588460
62 168 591678416
118 75 818744846
200 234 732209303
90 224 606483157
197 39 882417053
215 18 746957032
172 17 677164919
256 110 964573240
227 156 748208325
57 191 853152490
54 33 607721277
8 71 966854297
84 208 686636185
99 137 857563326
121 181 769072989
87 201 909229098
158 52 795384923
133 199 614727212
99 177 606257581
216 105 567219314
13 245 876080296
123 204 770661394
113 173 702737861
106 65 654472953
227 52 678110745
183 108 565925724
58 132 669933451
225 17 750121463
60 204 794443768
245 33 505135216
251 10 768755369
87 32 631858501
202 93 955187715
87 66 713818610
97 61 736119410
188 190 865161091
93 152 811255172
21 236 682121759
40 171 935863745
74 207 976129448
30 46 515920972
22 186 578436597
128 98 794111436
251 209 529204784
171 246 686755546
28 193 656878661
219 166 999366364
133 179 833046845
32 220 517259790
115 68 797120637
123 1 613546790
105 41 532574958
156 253 656379146
242 251 516952290
3 212 985596254
114 153 779409127
175 26 714516177
172 227 842840717
178 34 789736130
153 132 515635243
173 25 740905881
69 237 530345570
2 144 731249608
101 62 868119742
77 258 564291466
198 37 574114761
61 185 756212949
64 20 809477428
34 228 761304560
217 204 786915921
87 216 562614201
40 135 669577081
233 30 863476385
240 249 731355352
137 182 995833742
100 248 513890833
68 76 764155529
215 247 831674595
100 84 562669377
6 111 559919590
145 209 813824571
184 160 917004481
11 95 733764338
52 61 935697372
253 168 803152489
256 241 766265144
60 210 747275785
216 63 929705153
45 84 676150080
179 76 768998712
106 59 820957256
69 50 811842959
42 93 603019559
154 48 910703248
191 75 735843245
19 90 943487678
32 151 725338795
206 103 547564338
215 173 769721657
152 65 952609857
71 15 990382209
215 13 923078521
41 220 859890221
66 11 548572796
112 57 902667643
217 151 973027298
248 243 869685958
28 180 567881833
117 212 962142190
210 243 516182833
52 56 710812555
252 166 939761495
187 238 614496541
91 102 612725456
114 162 821846611
43 154 557734034
127 54 540500184
145 42 956706603
250 192 945428649
47 98 665316183
172 55 589393722
197 119 589802051
146 176 550450265
167 5 670777870
37 174 672500862
82 125 695807923
245 50 727602258
127 178 522197748
154 44 636605949
23 78 711059547
246 23 807471215
154 108 608392414
17 20 955914809
76 44 756590089
119 15 721235363
145 11 892118838
12 194 646403594
39 107 675306297
60 193 824543502
243 217 934888044
168 86 675266155
131 125 601494215
232 52 592353408
206 48 952215279
254 209 637059413
32 24 514007116
177 165 572780740
212 8 707693394
101 131 746937393
136 231 702089350
253 111 587767333
220 216 860777734
15 112 876262489
63 141 725889442
110 55 523229177
157 20 678242516
151 181 950268081
171 226 889833700
31 5 861959799
242 233 802365094
65 138 727613352
69 38 765113078
209 245 766171519
169 201 699576148
99 95 593858277
172 26 575402329
239 206 571527589
248 210 931940776
108 2 728539616
74 226 511120966
36 11 835603656
235 237 869505899
75 148 754966551
255 190 685153614
103 175 895268085
92 55 681357263
195 122 622717547
113 246 726205393
162 117 587153650
182 112 883445407
196 15 814966677
122 239 637342652
142 202 638734293
214 45 629952964
94 30 996910931
95 86 747566642
198 169 963301515
225 180 599240384
216 76 564251788
2 229 707017186
240 12 600632068
43 40 591788026
111 80 698620425
182 12 675334687
224 173 588019552
32 228 557259727
85 232 789478036
200 120 632263349
33 116 843647355
187 6 502080472
96 111 515364060
110 29 839756335
30 20 572926646
214 20 653513720
116 67 534465946
226 111 800734036
207 197 724002516
214 126 511279229
189 201 747557069
9 62 992495813
42 256 790544588
89 71 650553889
146 4 964412001
48 21 839161456
119 170 592039718
143 197 692284697
255 254 806184450
160 110 582349114
198 109 862421107
227 135 854750536
5 250 560499838
175 232 819957043
182 243 724867959
224 149 745307281
149 29 980203013
13 10 639938925
140 233 822439124
233 15 554088845
237 52 899126581
177 27 858634842
206 223 962140431
146 179 523644336
76 26 920651595
61 174 756772661
104 138 610195999
38 197 626754252
6 255 626705083
12 217 946920230
11 203 829468929
236 225 925847862
94 162 828794317
167 145 887749765
191 38 931142525
247 101 567502107
138 160 768382584
120 3 740336165
220 100 999812392
215 58 770479472
24 148 959407566
240 128 712227786
108 123 821067420
168 157 985119190
254 52 754159765
241 87 865893523
131 18 990358231
149 4 853247130
10 100 995559641
120 118 906816255
233 208 956707379
163 90 880626652
238 258 922606101
207 128 734529861
190 15 939199588
84 47 587346863
253 228 773020375
243 121 968494642
124 179 706330047
141 243 512707997
218 145 726137364
230 82 974864348
220 197 865104311
139 214 972969507
77 37 959935819
199 39 860994550
71 252 604208557
164 36 832988598
32 25 896732298
41 150 884076668
17 98 930491404
78 189 545834185
167 89 729965254
70 29 720561675
144 206 636764597
157 250 723471141
193 11 826706949
153 140 918891289
224 81 782504900
59 165 595711405
170 111 524031036
149 88 655464644
41 252 754180240
4 5 674830484
244 53 579231587
212 218 532379009
216 125 723131872
166 16 511491588
14 164 902158162
92 231 667487972
151 89 807183191
95 114 510885527
40 78 600625527
235 141 981187021
46 149 897548110
82 8 640697126
182 90 752315655
53 133 806978183
183 109 797731840
93 227 994351586
230 41 765323532
239 141 855819113
62 163 823703334
244 112 778045377
74 167 952192723
28 13 689912896
227 194 548153622
256 15 637643650
66 21 898132401
18 74 724002476
177 179 552669021
74 250 903673052
167 163 931873362
7 226 808544265
1 201 712128104
66 38 815753957
132 35 644259209
45 157 802152517
239 134 782723771
95 19 568108969
203 222 999366905
220 176 676748315
102 48 719190135
10 19 656842880
109 141 976067712
30 142 514866327
237 110 980321529
173 169 842603382
216 148 727712538
95 82 774385868
65 243 568660962
36 241 721901250
87 234 572812241
158 179 849576885
51 243 629403838
118 77 843558247
233 106 705483523
84 216 718906942
244 58 967119739
53 178 892061059
203 255 907963760
234 195 782772088
29 196 987031236
200 58 991377778
165 253 611129429
81 91 718169316
51 221 535710046
178 249 925417924
255 118 844846604
62 191 715996366
69 215 807470775
86 177 851573011
33 231 611638095
239 198 841201967
4 94 536660046
197 173 548269573
156 16 859812282
201 157 913673116
103 102 924438090
50 70 812184587
156 17 764992332
144 180 739047578
221 181 934724501
197 92 549964256
83 252 564402185
78 84 888668967
64 189 655609713
6 160 768217313
109 32 555493518
91 84 546800456
27 31 906678584
217 16 651782068
206 42 645036076
247 8 913985311
10 158 582809355
30 44 878087924
248 11 537018304
6 87 562103422
156 20 796780928
238 184 767956440
43 179 707297697
35 189 880430727
77 242 803673559
129 14 841155716
173 95 913954147
211 6 644848162
89 121 815199604
136 140 746737206
90 78 679977941
208 13 567386029
92 142 920104286
217 130 504735085
200 128 585124950
17 217 664623031
229 20 896717751
103 176 902714708
227 168 686132863
213 141 914449120
233 45 732100448
244 94 815471262
148 142 908157269
213 173 905874131
47 34 610627643
245 229 572580289
18 197 956136511
244 251 955673377
165 27 832961472
255 205 829103531
106 242 869837006
258 210 501353557
55 148 828869295
4 253 511523788
192 83 622408082
226 100 729638861
118 47 621692982
155 165 536367199
159 161 892719349
77 93 931365684
3 73 872277405
44 214 916703740
44 227 641190649
165 147 686726915
180 58 928033057
177 152 920774772
59 194 889868584
251 45 965679414
212 36 658803147
150 160 928329603
15 4 855727381
57 6 623985221
134 215 556569697
233 241 900828501
117 159 719918768
166 206 590601311
75 171 938910805
184 83 808120661
160 230 999863402
123 194 505937374
174 155 878631995
42 30 687281939
79 61 579814747
161 93 948154769
89 114 701962630
32 41 764732354
140 151 785366707
44 223 658563501
167 235 841556112
171 217 689367962
69 257 623607169
203 175 753080302
90 95 829052923
112 174 759409385
15 72 539828351
58 227 513415978
122 39 668159997
89 54 581859500
123 126 749784820
174 109 525602922
67 210 636510451
16 131 585511551
216 196 914258631
20 40 900182323
164 57 511823475
215 41 747314826
227 102 775610492
200 50 969352807
10 82 596520210
111 230 761457912
106 127 553121392
59 135 631354640
129 140 609565962
215 208 976987839
92 178 855998391
146 18 803017951
23 31 582792916
7 88 864425200
53 190 701448967
235 30 865121339
149 220 555848886
152 110 845516427
228 257 623731987
73 27 852976925
220 66 657108155
166 66 601198709
61 96 690189715
76 109 514083872
42 219 801411193
187 84 947094091
221 121 889948655
14 56 937275981
52 46 507880081
41 28 516131992
134 101 716781360
173 242 684132854
254 15 953077168
220 257 708298589
118 154 594568751
150 68 782439644
8 214 560212382
76 29 703257391
209 104 979177381
117 235 784665568
47 179 616764070
210 197 612585047
104 244 888262204
190 123 621398143
188 165 955884617
238 215 617781753
7 135 792067973
48 136 763849711
239 245 856207082
212 256 526042787
217 128 971519850
88 241 970794081
39 245 835364972
132 167 504407076
164 212 582843429
134 43 897243360
38 213 824728529
97 34 655849747
242 247 513407848
16 96 611517710
145 28 604252414
119 62 936616006
68 128 651555582
67 21 588886456
28 7 860355077
171 183 793368767
204 93 788592053
128 223 505358358
39 185 895683345
36 40 892313598
182 138 967635054
39 158 879831457
183 196 561930354
253 113 755549031
166 230 960745448
58 83 790191474
176 38 604664676
47 223 719906514
184 37 835182102
79 254 618801217
100 58 946628864
107 1 891361399
101 76 975432340
90 186 591591505
75 165 984744065
29 185 625207183
197 191 755522386
16 126 766477691
18 44 790150845
240 194 927057695
218 22 795225111
166 111 732146018
94 175 749372953
62 55 518416949
174 92 723947159
237 3 810145912
228 54 800772962
152 224 519455273
109 207 945922329
23 100 813724217
221 116 942608252
150 158 586730821
235 173 501915691
81 84 716216335
230 110 929212085
68 138 911451388
237 178 519568899
244 204 583329160
27 213 894260467
45 171 994718800
205 109 512638912
183 167 538041263
191 206 627019304
258 253 822268451
172 162 865922634
64 56 601877676
8 256 603629432
131 211 958093057
168 244 951309547
247 24 936065020
218 158 921907000
76 150 914303477
179 256 654027364
76 249 530465262
60 100 689318115
237 26 728532869
142 36 884954292
31 49 604877975
32 239 844520368
182 183 500136946
183 127 720677384
147 121 505424979
168 179 672067529
156 95 504347230
172 68 833809936
250 103 843074094
74 126 819828010
92 127 655333373
155 22 834251269
111 130 618699180
34 160 825791102
60 48 698208991
4 97 942222104
236 226 729729176
173 202 722183490
180 216 623515901
247 214 643673706
134 248 835787909
85 49 972225720
161 232 572928283
41 146 827649984
97 44 932717411
150 122 768082248
161 6 798227302
79 136 859894593
56 117 876152508
162 96 566941969
136 102 998944778
76 82 765880735
135 62 822624056
175 193 777165083
65 153 862162080
36 159 888183197
126 200 521220829
40 182 605111297
219 56 725987787
171 11 507787724
110 246 660981283
13 176 550928250
239 70 678363114
106 50 669890095
120 244 657688257
145 88 600429839
94 38 667247090
13 94 840964714
108 59 853715599
112 7 780892501
4 62 988430463
95 5 756068682
240 9 712039690
68 106 516037910
106 111 801641189
177 10 508411209
190 254 595565085
160 257 940119992
258 80 814740126
26 50 715689704
170 18 835197463
158 1 568037815
70 79 549415345
11 52 917513047
169 137 620298763
7 124 547774176
153 42 547401974
20 223 726732815
142 26 819549527
213 105 995564611
152 97 509624869
55 146 737013487
208 136 715474771
71 56 541635686
98 232 508199515
258 92 557250882
239 175 872016066
172 127 919199676
213 218 644398075
52 17 979624370
95 168 791213746
79 183 847803078
194 150 679388382
90 4 576789640
67 219 917914366
86 227 766432455
50 13 627707505
168 26 611657845
121 94 872204241
108 240 847613082
13 96 985613346
43 94 605098589
146 40 600798144
76 207 632249099
51 30 738610694
80 212 509021445
209 161 558574698
90 49 555294838
41 17 801029127
215 201 838709064
156 80 717384065
4 156 840515167
225 47 736174557
11 25 707116941
73 160 647360307
75 74 558800100
88 234 920497596
30 169 997037859
33 112 976425135
72 169 765131790
159 225 534105827
48 94 847734069
223 196 505852413
24 73 731892487
198 24 773762772
139 37 553645999
31 193 610448505
23 81 969093393
205 103 940491975
73 174 856744723
105 226 594036887
242 135 992996707
70 134 709319058
144 6 626634860
73 143 831758017
75 232 677423859
212 15 979780914
170 99 847315142
199 169 978104630
195 55 817966482
224 129 826805825
162 196 503700116
87 139 790659595
167 84 883097672
131 150 773503006
133 84 951345168
18 58 665936496
110 46 802876540
103 143 963156287
127 39 547407349
241 54 831952544
257 36 980621867
78 150 812226327
227 40 984132893
98 198 902622248
40 149 729784910
161 231 900810439
146 90 772162875
149 57 545735377
121 11 941912114
83 13 776834587
160 196 867350062
53 179 559574895
47 159 555502282
102 244 776077686
206 77 863038426
53 214 899316178
79 9 578011348
82 79 774686447
48 242 865112732
243 218 807978788
173 83 960220278
78 167 645311559
77 239 722041918
185 99 693725858
178 8 991571167
183 193 546140045
73 220 699525074
58 54 676954491
27 224 974810298
77 3 503801983
176 159 546041720
251 55 927293058
12 58 795012263
24 45 920428284
22 69 790288273
256 55 646044638
196 198 654003971
135 255 753466674
78 258 808905598
256 203 561805863
218 58 761066446
45 88 704418223
180 8 589346742
244 208 666659505
50 135 786010415
233 206 887584967
26 98 721890858
76 199 644053451
27 145 741771937
66 168 527808498
175 116 500126721
7 179 886663828
129 136 713819268
176 172 665233634
142 71 816441998
26 154 965453263
217 168 533218816
35 67 727902614
158 83 755922502
228 27 978330859
120 59 654722499
40 4 988228616
169 241 534047819
120 218 799426475
83 229 889963506
14 238 833214948
132 86 873097823
193 73 555119803
61 32 775548528
241 166 520489417
192 252 954887978
99 42 843798313
234 67 759043300
26 14 620101661
35 16 867264941
19 144 826775860
71 35 804083562
70 178 864625386
47 197 615473277
14 242 983936474
116 120 629022483
230 79 930198924
168 7 846092209
102 67 786261517
107 32 915277484
91 205 748977036
128 142 679069602
142 81 883091978
63 246 801000096
237 165 589046404
229 60 793622472
42 78 737941293
230 195 892126035
81 123 759092589
69 135 945847794
249 207 559729486
49 171 881285511
110 235 852226399
27 252 860679789
90 123 742824352
46 133 972355476
66 22 690832979
42 208 847883141
103 248 937588289
230 224 539165843
207 237 690277408
125 173 938463952
3 184 936786174
162 58 688757987
204 203 673636760
229 218 638528378
65 94 674731424
168 174 555704587
177 30 914318197
145 7 575449693
192 20 607130951
166 172 935511791
9 156 645635138
13 115 769655361
213 69 922645858
206 240 683694608
28 154 723253949
121 80 857292414
147 240 872708880
132 84 771580148
90 160 859611577
82 187 634271965
129 78 754483636
74 47 907786983
93 72 791355135
233 67 678023936
211 214 690936485
82 159 527673521
231 52 889138756
15 195 900025061
132 258 769846933
45 69 662660081
240 43 841570686
136 35 600060951
43 97 630657045
144 134 512568588
65 95 982634406
89 90 969493663
173 248 938225723
216 214 818060303
3 63 699805874
87 115 573194268
92 18 884231506
138 121 547963738
159 206 722070690
87 42 740079375
249 213 809566302
101 67 702356827
203 131 847759584
201 64 832058810
174 145 810748898
248 189 606956663
138 10 787442333
237 205 967935219
180 193 616603820
25 28 933952597
112 130 833080332
71 28 772151543
128 54 995727630
103 204 614416901
70 144 809152897
253 229 522366462
223 7 725495696
170 236 698845548
76 138 759527933
59 167 503286223
245 213 999835401
39 157 599983043
109 218 756035284
35 91 963049920
236 39 718552761
145 196 711784497
189 168 897013388
217 146 896726723
88 178 973312240
199 232 614582763
154 121 773421162
95 67 606830680
50 235 512172543
72 258 732248469
62 53 780956674
7 109 644997390
48 155 868419659
163 177 506319042
138 108 678735168
82 11 792371688
175 174 526135591
6 19 651576133
100 108 916959045
183 180 561394140
238 57 843120156
188 60 724482498
202 51 756126634
117 216 572271050
106 169 636832483
50 130 655804995
195 252 780164355
140 245 673833638
221 74 757053532
58 246 782429650
43 137 948393389
41 123 513194386
205 65 607942554
207 194 526840036
175 130 614635253
11 179 765441392
48 92 742800881
159 169 555453879
27 102 624205021
32 124 725863669
242 28 936086821
47 14 806498659
222 68 917406538
62 80 697948660
101 183 602673331
138 86 657853704
139 85 722858603
149 53 988013154
113 76 991193138
7 26 682603465
152 108 965437008
134 32 890280244
245 90 973018133
59 65 611682209
50 40 595518850
59 186 795307462
95 131 516494548
114 235 701077072
157 150 809309526
17 162 857433526
154 159 978640549
164 176 860693783
91 78 632291850
24 9 893721620
3 82 773643704
182 98 552174981
226 52 707150262
200 242 846543652
83 40 784139707
85 21 938218376
106 42 904154694
153 43 623998120
232 39 527701129
127 56 535606226
253 16 551671678
135 207 760254202
174 101 860939235
85 82 833027898
37 67 865033212
88 117 519372009
132 6 503212821
178 93 560370348
37 59 602100307
186 117 711927217
118 86 809356160
80 192 777990487
41 33 963691616
239 214 996159527
50 179 613366501
107 56 685053158
221 39 657934932
83 107 736409072
162 171 560395456
75 155 926957756
139 207 684892793
235 99 978405923
157 104 853595917
41 177 946752701
101 28 567477236
28 95 858256334
140 23 992092428
102 192 978734266
65 257 787193104
84 46 653321138
103 3 525497213
210 247 968435016
209 41 725829953
125 196 877819023
118 165 555514472
21 160 635429848
170 68 805225472
104 186 720814882
225 141 653140077
70 94 561898721
117 93 978881859
253 201 832747769
29 135 824354515
65 112 766024157
229 28 964726677
1 169 633168339
255 245 805041712
237 209 749861003
95 167 524862154
245 27 556239919
203 101 654673763
160 171 940159865
84 50 611226543
183 27 887207844
231 121 770511190
72 140 588867738
35 21 718973093
152 27 557332562
167 166 571315190
11 79 610520530
7 94 858905049
134 240 570023164
235 257 771109677
128 41 900068703
85 228 773642008
33 152 750598934
157 161 751972264
233 13 658004088
226 49 645282668
166 71 831882389
226 145 751723913
130 145 555642832
21 130 589390248
228 60 736093994
65 28 936877778
118 193 521045017
58 76 932051670
247 188 509812411
175 23 662702101
95 21 801744900
126 230 657459468
158 12 943912710
69 234 645709159
121 135 844447039
216 226 730382202
183 205 917995323
25 225 773255423
29 169 533558107
173 5 956229541
126 47 789991986
113 203 597229565
121 199 918864436
11 3 661345204
198 30 867192840
255 244 928252807
62 136 669539247
79 221 955161190
160 177 531942355
110 86 770927797
44 13 859309726
142 114 673397372
105 143 650649856
92 242 674799958
251 18 954962887
194 140 944477526
209 142 689366680
157 32 952471046
22 116 768460595
44 161 670744916
10 96 598054251
36 195 546894866
164 221 698424285
220 38 620230073
252 165 791748662
177 73 806792834
122 236 854459345
73 96 517305878
234 105 531784620
55 105 870217382
151 45 524071450
221 126 740146688
47 148 677466235
34 140 582005333
55 103 677469387
86 154 959539177
62 183 574650136
249 88 668304767
126 168 976410132
184 55 754077936
177 82 779662505
21 205 802089407
12 32 624211038
120 145 748510113
249 11 775983234
228 218 834323681
94 196 967073553
210 150 720147606
49 180 583176182
203 16 862384550
52 228 975230979
257 84 596959947
213 108 765432962
212 54 662260913
132 247 523340445
195 248 771774693
